static/ASC_sea/1979/01/ERA5U/00.asc
ncols         201
nrows         201
xllcorner     105.0
yllcorner     0.0
cellsize      0.25
NODATA_value  -32767
[rows 133 to 151 of 201, columns 84 to 125 of 201]
-6.1579579920490275 -6.209350932914698 -6.267405921670363 -6.298574788584266 -6.310709232955327 -6.2966713463299815 -6.2664542005432216 -6.233619821656821 -6.1955509765711385 -6.176040693464727 -6.199595791361492 -6.19602683713471 -6.223388819540044 -6.274305899842143 -6.316181629436394 -6.355678056212788 -6.403977903415248 -6.4396674456830745 -6.452039820335921 -6.4606053104802 -6.466077706961267 -6.457750147098774 -6.480353523868398 -6.491060386548745 -6.4715501034423335 -6.446567423854854 -6.440619166810217 -6.424677837930587 -6.434432979483794 -6.422536465394518 -6.432291606947723 -6.427057140748443 -6.421108883703805 -6.424201977367017 -6.42562955905773 -6.4410950273737875 -6.490584525985175 -6.544118839386915 -6.566246355592967 -6.6131186211047135 -6.652615047881109 -6.680928751413584
-6.148678711059393 -6.2359991244746755 -6.263836967443581 -6.30047823083855 -6.29571962520284 -6.279064505477853 -6.256699058990016 -6.215537120241121 -6.215061259677551 -6.1984061399525645 -6.188175137835787 -6.22624398292147 -6.243374963210027 -6.278588644914283 -6.316657489999964 -6.354726335085647 -6.409926160459886 -6.419681302013092 -6.457274286535203 -6.44942258723628 -6.45584670484449 -6.458226007662344 -6.468457009779121 -6.482256966122681 -6.482732826686252 -6.45584670484449 -6.443236399909857 -6.421108883703805 -6.427057140748443 -6.417777859758807 -6.424201977367017 -6.421108883703805 -6.414922696377381 -6.403026182288106 -6.389940016789902 -6.418253720322379 -6.44894672667271 -6.512474111909442 -6.558394656294046 -6.589563523207947 -6.626204786602917 -6.656897792953248
-6.185795835017933 -6.256699058990016 -6.2693093639246475 -6.297623067457123 -6.28453690195892 -6.265502479416079 -6.251226662508949 -6.206733699815058 -6.185319974454361 -6.1984061399525645 -6.1898406498082865 -6.228385355457539 -6.2331439610932495 -6.2707369456153605 -6.310233372391756 -6.347826356913867 -6.376853851291699 -6.380184875236696 -6.4261054196213 -6.426581280184871 -6.4339571189202225 -6.46750528865198 -6.473929406260188 -6.4729776851330465 -6.468457009779121 -6.444188121037 -6.435860561174507 -6.4035020428516765 -6.39588827383454 -6.38898829566276 -6.3963641343981115 -6.389940016789902 -6.381612456927409 -6.3718573153742035 -6.346874635786725 -6.3704297336834905 -6.40754685764203 -6.474881127387331 -6.533887837270138 -6.562201540802613 -6.592656616871159 -6.619304808431137
-6.1941233948804255 -6.248847359691093 -6.239092218137888 -6.260981804062155 -6.2633611068800095 -6.24480254490074 -6.219106074467905 -6.183892392763648 -6.163906249093666 -6.186271695581504 -6.188650998399359 -6.224816401230757 -6.241471520955742 -6.285488623086063 -6.324509189298887 -6.330457446343524 -6.353298753394934 -6.368050430865635 -6.385419341435978 -6.408974439332743 -6.422060604830946 -6.450850168926994 -6.483208687249824 -6.482732826686252 -6.465125985834124 -6.435860561174507 -6.41444683581381 -6.379709014673126 -6.372333175937775 -6.351871171704221 -6.3587711498760005 -6.34449533296887 -6.335216051979234 -6.317609211127107 -6.299050649147837 -6.306426487883187 -6.351395311140649 -6.41872958088595 -6.483208687249824 -6.517946508390509 -6.540311954878346 -6.56719807672011
-6.186747556145074 -6.200071651925064 -6.212206096296125 -6.204354396997203 -6.207209560378629 -6.201023373052205 -6.175088972337584 -6.17056829698366 -6.151058013877248 -6.161289015994025 -6.197454418825423 -6.232668100529678 -6.2664542005432216 -6.309757511828185 -6.347350496350296 -6.354726335085647 -6.344019472405298 -6.3616263132574264 -6.355678056212788 -6.396839994961683 -6.4123054632777405 -6.4484708661091386 -6.480353523868398 -6.474881127387331 -6.456798425971631 -6.411353742150599 -6.380660735800268 -6.346398775223154 -6.346398775223154 -6.324985049862457 -6.31427818718211 -6.2995265097114075 -6.2693093639246475 -6.251226662508949 -6.237188775883603 -6.237188775883603 -6.276209342096427 -6.347350496350296 -6.413257184404883 -6.463698404143411 -6.486539711194821 -6.5119982513458705
-6.186271695581504 -6.151533874440819 -6.206257839251487 -6.179847577973295 -6.194599255443997 -6.188650998399359 -6.166761412475092 -6.167237273038663 -6.144871826550824 -6.14772698993225 -6.205781978687916 -6.234095682220392 -6.2664542005432216 -6.29619548576641 -6.333788470288521 -6.364957337202424 -6.342591890714585 -6.355202195649218 -6.351871171704221 -6.386133132281334 -6.395174482989184 -6.43776400342879 -6.459177728789487 -6.453943262590205 -6.435860561174507 -6.391367598480616 -6.353298753394934 -6.323557468171744 -6.313326466054967 -6.305474766756046 -6.287392065340347 -6.259554222371442 -6.2288612160211105 -6.188650998399359 -6.173661390646871 -6.17056829698366 -6.200071651925064 -6.264550758288937 -6.3259367709896 -6.377805572418842 -6.420633023140233 -6.446567423854854
-6.1731855300833 -6.109182284282998 -6.164382109657237 -6.145823547677966 -6.166761412475092 -6.183892392763648 -6.164857970220807 -6.16628555191152 -6.1522476652861755 -6.1551028286676015 -6.203878536433631 -6.211254375168982 -6.272640387869645 -6.30261960337462 -6.33759535479709 -6.365433197765995 -6.353774613958505 -6.375664199882772 -6.355202195649218 -6.386133132281334 -6.380184875236696 -6.408498578769173 -6.429436443566297 -6.43086402525701 -6.420157162576663 -6.3761400604463425 -6.3385470759242315 -6.318085071690677 -6.276685202659999 -6.279540366041425 -6.253130104763232 -6.223864680103615 -6.188175137835787 -6.148678711059393 -6.117033983581919 -6.1160822624547775 -6.14296838429654 -6.167237273038663 -6.219581935031475 -6.2590783618078705 -6.306426487883187 -6.333312609724951
-6.135116684997619 -6.104661608929073 -6.104661608929073 -6.112513308227995 -6.13606840612476 -6.15462696810403 -6.163906249093666 -6.165333830784379 -6.163430388530094 -6.1305960096436936 -6.175564832901156 -6.196502697698281 -6.245992196309667 -6.290723089285343 -6.3299815857799535 -6.3601987315667134 -6.3675745703020645 -6.379709014673126 -6.324509189298887 -6.383991759745265 -6.381612456927409 -6.3963641343981115 -6.398267576652396 -6.393746901298471 -6.384943480872407 -6.351871171704221 -6.3078540695739 -6.286916204776776 -6.258126640680729 -6.240995660392172 -6.218154353340762 -6.186747556145074 -6.148202850495822 -6.1160822624547775 -6.096571979348365 -6.078965138496238 -6.100378863856934 -6.096571979348365 -6.112989168791565 -6.139399430069758 -6.181513089945794 -6.214109538550408
-6.056361761726614 -6.074444463142313 -6.054934180035901 -6.089196140613015 -6.107278842028713 -6.142254593451184 -6.17270966951973 -6.144395965987253 -6.149630432186535 -6.119413286399775 -6.122744310344772 -6.160337294866883 -6.200547512488635 -6.259554222371442 -6.322129886481031 -6.353298753394934 -6.351871171704221 -6.369478012556349 -6.375664199882772 -6.378281432982412 -6.355202195649218 -6.364005616075282 -6.3690021519927775 -6.359247010439572 -6.349016008322795 -6.341640169587444 -6.310233372391756 -6.258602501244299 -6.246943917436809 -6.206733699815058 -6.184844113890791 -6.160337294866883 -6.116558123018349 -6.078965138496238 -6.068734136379461 -6.0451790384826944 -6.057789343417327 -6.015913613823076 -6.0163894743866475 -6.01305845044165 -6.03161701242092 -6.064689321589107
-6.028523918757709 -6.068734136379461 -6.0408962934105555 -6.0841996046955185 -6.104185748365502 -6.125361543444413 -6.14772698993225 -6.1305960096436936 -6.129168427952981 -6.111085726537282 -6.086103046949803 -6.112513308227995 -6.18436825332722 -6.248371499127522 -6.291198949848915 -6.31903679281782 -6.340688448460301 -6.340212587896731 -6.353774613958505 -6.340688448460301 -6.352822892831362 -6.336167773106377 -6.323557468171744 -6.322605747044602 -6.315705768872823 -6.28406104139535 -6.266930061106793 -6.244326684337169 -6.2200577955950465 -6.1926958131897125 -6.15890971317617 -6.122744310344772 -6.086816837795159 -6.062310018771251 -6.050175574400191 -6.030665291293778 -6.015913613823076 -5.963568951830264 -5.939300063088141 -5.944534529287423 -5.950958646895631 -5.966662045493475
-5.989979213108456 -6.016865334950219 -6.018768777204503 -6.03637561805663 -6.077537556805525 -6.100378863856934 -6.109182284282998 -6.119889146963346 -6.089196140613015 -6.057789343417327 -6.088244419485872 -6.1189374258362035 -6.168664854729376 -6.22624398292147 -6.271688666742503 -6.302143742811048 -6.3259367709896 -6.31951265338139 -6.3371194942335185 -6.320702304790318 -6.315705768872823 -6.302143742811048 -6.29619548576641 -6.297623067457123 -6.297623067457123 -6.282395529422851 -6.264550758288937 -6.246468056873239 -6.203402675870061 -6.166761412475092 -6.132975312461549 -6.097523700475508 -6.068734136379461 -6.052079016654474 -6.030665291293778 -6.02471703424914 -5.966662045493475 -5.944534529287423 -5.882196795459619 -5.87577267785141 -5.855786534181426 -5.861496860944279
-6.01305845044165 -5.9745137447923975 -6.003779169452016 -5.968089627184189 -6.0135343110052215 -6.044703177919124 -6.0511272955273325 -6.060882437080538 -6.0408962934105555 -6.052079016654474 -6.060406576516968 -6.110134005410139 -6.144871826550824 -6.200071651925064 -6.240519799828601 -6.2693093639246475 -6.2678817822339346 -6.2678817822339346 -6.278112784350712 -6.279540366041425 -6.273116248433216 -6.273116248433216 -6.271212806178932 -6.2633611068800095 -6.254081825890375 -6.257174919553586 -6.229337076584682 -6.217440562495406 -6.193171673753284 -6.142254593451184 -6.112037447664424 -6.075396184269454 -6.058978994826254 -6.047082480736979 -6.020196358895216 -6.028048058194138 -5.947151762387064 -5.929069060971364 -5.865065815171062 -5.846983113755362 -5.823903876422168 -5.7982074059893325
-5.990455073672027 -5.927403548998866 -5.966186184929905 -5.9383483419609995 -5.952386228586345 -5.9830792349366755 -5.995451609589523 -6.0135343110052215 -5.9816516532459625 -6.034948036365917 -6.034472175802347 -6.105137469492644 -6.1320235913344066 -6.139875290633329 -6.179847577973295 -6.213633677986838 -6.219106074467905 -6.215061259677551 -6.208399211787556 -6.228385355457539 -6.253130104763232 -6.24480254490074 -6.230764658275395 -6.223388819540044 -6.230764658275395 -6.2257681223578984 -6.2200577955950465 -6.1969785582618515 -6.170092436420089 -6.106802981465142 -6.0827720230048055 -6.045654899046266 -6.029475639884851 -6.026144615939853 -5.999258494098091 -5.999734354661662 -5.937396620833858 -5.914793244064234 -5.86197272150785 -5.8358003905114435 -5.793210870071837 -5.7663247482300735
-5.921693222236014 -5.877200259542123 -5.9124139412463785 -5.891951937012824 -5.9064656842017405 -5.911938080682807 -5.924072525053869 -5.969041348311331 -5.933351806043504 -5.998782633534519 -6.01258258987808 -6.076823765960168 -6.092051303994441 -6.100378863856934 -6.128692567389409 -6.162002806839381 -6.164382109657237 -6.1565304103583145 -6.17056829698366 -6.1941233948804255 -6.219106074467905 -6.2274336343303975 -6.212681956859695 -6.201499233615777 -6.208399211787556 -6.1941233948804255 -6.210778514605411 -6.164857970220807 -6.149154571622963 -6.0841996046955185 -6.059454855389825 -6.022813591994857 -5.993548167335239 -5.989503352544885 -5.969517208874902 -5.959762067321695 -5.927403548998866 -5.896710542648535 -5.858641697562852 -5.827948691212522 -5.785359170772915 -5.748242046814375
-5.799159127116474 -5.795114312326121 -5.850789998263931 -5.828424551776092 -5.8415107172742955 -5.846983113755362 -5.857214115872139 -5.909082917301381 -5.91288980180995 -5.959286206758125 -5.987599910290601 -6.033044594111634 -6.051603156090904 -6.072065160324458 -6.100378863856934 -6.122744310344772 -6.120840868090488 -6.113940889918708 -6.149630432186535 -6.176992414591869 -6.172233808956158 -6.193647534316854 -6.169616575856518 -6.158433852612599 -6.176516554028297 -6.15415110754046 -6.181988950509364 -6.125837404007983 -6.127740846262268 -6.069209996943031 -6.039230781438057 -6.015913613823076 -5.986172328599888 -5.966662045493475 -5.9542896708406285 -5.933827666607074 -5.911938080682807 -5.880055422923549 -5.867445117988916 -5.835324529947872 -5.802014290497901 -5.7648971665393605
-5.64141135029268 -5.692090500312994 -5.76442130597579 -5.74586274399652 -5.76013856090365 -5.792735009508266 -5.819145270786458 -5.853407231363572 -5.890524355322111 -5.91764840744566 -5.959286206758125 -6.00615847226987 -6.023765313121999 -6.035423896929489 -6.053506598345187 -6.076347905396597 -6.107278842028713 -6.104661608929073 -6.112513308227995 -6.17270966951973 -6.1522476652861755 -6.1522476652861755 -6.12440982231727 -6.1232201709083425 -6.148202850495822 -6.131071870207265 -6.143920105423683 -6.102758166674788 -6.089672001176585 -6.035423896929489 -6.0163894743866475 -6.000686075788804 -5.9787964898645365 -5.955955182813128 -5.9383483419609995 -5.9064656842017405 -5.893855379267109 -5.870300281370343 -5.863638233480349 -5.846031392628221 -5.812721153178249 -5.777507471473993
-5.536484096025268 -5.612145925633062 -5.592159781963079 -5.64616995592839 -5.660445772835521 -5.68328707988693 -5.754190303859013 -5.78987984612684 -5.845079671501079 -5.86197272150785 -5.9166966863185175 -5.9440586687238515 -5.969041348311331 -5.9787964898645365 -6.003303308888444 -6.022813591994857 -6.0135343110052215 -6.074444463142313 -6.077537556805525 -6.139399430069758 -6.115130541327636 -6.104661608929073 -6.102758166674788 -6.104185748365502 -6.104185748365502 -6.083723744131948 -6.066592763843391 -6.069685857506602 -6.028523918757709 -6.025192894812712 -6.01305845044165 -5.990455073672027 -5.966186184929905 -5.945962110978136 -5.923596664490297 -5.890524355322111 -5.881720934896047 -5.863162372916777 -5.873869235597126 -5.861496860944279 -5.846983113755362 -5.821048713040742
-5.274760786061205 -5.443691286128919 -5.423705142458935 -5.540290980533837 -5.577408104492377 -5.617380391832343 -5.69018705805871 -5.712790434828333 -5.7996349876800455 -5.789403985563268 -5.883624377150332 -5.879579562359978 -5.927403548998866 -5.914793244064234 -5.926927688435295 -5.967613766620618 -5.957858625067412 -6.027096337066996 -6.034472175802347 -6.061834158207681 -6.067068624406962 -6.062785879334823 -6.064689321589107 -6.0525548772180455 -6.047082480736979 -6.064213461025536 -6.02471703424914 -6.034472175802347 -6.000210215225233 -5.996403330716665 -5.970468930002044 -5.958810346194554 -5.949531065204918 -5.92454838561744 -5.895758821521393 -5.875296817287839 -5.863638233480349 -5.852217579954644 -5.870300281370343 -5.863638233480349 -5.846031392628221 -5.827472830648951
-5.1510370395327385 -5.30045725649404 -5.352326057923282 -5.403481068507167 -5.447498170637487 -5.542670283351692 -5.628801045358047 -5.644742374237677 -5.781076425700776 -5.721355924972612 -5.835324529947872 -5.784883310209344 -5.844603810937508 -5.845555532064649 -5.848410695446076 -5.891951937012824 -5.916220825754947 -5.9454862504145645 -5.971896511692757 -5.999258494098091 -6.0163894743866475 -5.995927470153093 -5.997830912407378 -5.996403330716665 -5.989979213108456 -5.997355051843806 -5.969993069438472 -5.969517208874902 -5.9485793440777766 -5.950958646895631 -5.930972503225648 -5.928117339844222 -5.921693222236014 -5.903134660256744 -5.897186403212106 -5.86458995460749 -5.853883091927143 -5.858165836999282 -5.853407231363572 -5.851265858827502 -5.844603810937508 -5.830803854593948
