static/ASC_sea/1979/01/ERA5U/00.asc
ncols         201
nrows         201
xllcorner     105.0
yllcorner     0.0
cellsize      0.25
NODATA_value  -32767
[rows 95 to 113 of 201, columns 84 to 125 of 201]
-1.2863354724906562 -1.296566474607433 -1.285383751363514 -1.2615907231849626 -1.2137667365460747 -1.1461945365189892 -1.022232859708737 -0.9056470216338358 -0.778592251160372 -0.702930421552579 -0.6403547574429892 -0.5632653461444831 -0.5294792461309403 -0.476896653856342 -0.4031382665028331 -0.33627985732110405 -0.2546697706686732 -0.15759421570018406 -0.09597027271773628 -0.006508486766383492 0.02061556535716491 0.061777504106058645 0.09794290693745655 0.11150493299923081 0.17788748161738877 0.19953913725987038 0.2316597253009146 0.24046314572697858 0.2316597253009146 0.20620118514986474 0.17979092387167284 0.12625661046993253 0.05630510762499186 -0.011029162120308245 -0.056473845941341194 -0.07193931425739952 -0.09882543609916239 -0.1023943903259451 -0.15259767978268823 -0.20874922628406922 -0.26680421503973434 -0.344607417183597
-1.604686189519672 -1.576848346550767 -1.586127627540402 -1.538303640901514 -1.455741833121941 -1.3757972584420086 -1.2366080435974838 -1.192590941467164 -1.099322271007243 -1.0250880230901631 -0.9715537096884228 -0.918733187132039 -0.8592506166856608 -0.8069059546928481 -0.6731891363293899 -0.5739722088248311 -0.49450349470846994 -0.4083727327021144 -0.3879107284685603 -0.288455870682216 -0.2296870910811944 -0.1863837797962311 -0.16187696077232328 -0.15402526147340134 -0.11833571920557451 -0.06480140580383409 -0.025780839591010074 0.0032466547868225115 0.010860423803958907 -0.0076981381753110645 -0.025067048745653464 -0.07408068679346913 -0.11024608962486704 -0.16568384528089142 -0.22302504319119998 -0.26014216714974 -0.3010661756168482 -0.2941661974450683 -0.32509713407718493 -0.3615004671903684 -0.4045658481935462 -0.46452427920349537
-1.9085231593597718 -1.837144074824118 -1.829292375525196 -1.7683822233881048 -1.6867721367356738 -1.6175344247360897 -1.4861969091904865 -1.3948316809848498 -1.3182181302499147 -1.2458873245871187 -1.201394361893228 -1.174984100615036 -1.089567129454037 -1.0467396787326448 -0.9211124899498941 -0.8166610962460541 -0.7229165652225621 -0.6068065877112319 -0.5563653679727032 -0.4788000961106261 -0.4374002270799469 -0.40789687213854336 -0.3952865672039112 -0.3845797045235631 -0.3905279615682009 -0.32390748266825736 -0.2756076354657983 -0.23111467277190745 -0.2175526467101332 -0.23706292981654525 -0.23991809319797142 -0.2844110558918623 -0.29963859392613507 -0.3372315784482461 -0.37577628409749914 -0.40789687213854336 -0.457862231313501 -0.4811793989284813 -0.5056862179523891 -0.5311447581034389 -0.570165324316263 -0.628220313071928
-2.147643092554212 -2.0705536812557055 -1.9972711544657678 -1.9401678868372447 -1.8518957522948196 -1.7438754043641969 -1.6829652522271057 -1.556862202880784 -1.4954761901801217 -1.4240971056444678 -1.3729420950605826 -1.352242160545243 -1.273725167556024 -1.2130529457007182 -1.098846410443672 -0.9967743195576871 -0.9313434920666712 -0.8582988955585188 -0.7892991138407202 -0.7174441687414953 -0.6620064130854708 -0.6346444306801369 -0.626316870817644 -0.6301237553262121 -0.635120291243708 -0.5661205095259092 -0.5266240827495141 -0.48570007428240597 -0.47832423554705505 -0.505210357388818 -0.503306915134534 -0.5397102482477174 -0.5480378081102103 -0.560410182763057 -0.5915790496769591 -0.6156100081372959 -0.6482064567419111 -0.6541547137865489 -0.673664996892961 -0.6988856067622253 -0.7355268701571942 -0.7912025560950042
-2.347504529254042 -2.2820737017630264 -2.182380913694897 -2.147167231990641 -2.0760260777367723 -1.9470678650090245 -1.903050762878705 -1.7648132691613219 -1.7141341191410078 -1.6398998712239279 -1.556862202880784 -1.521172660612957 -1.456217693685512 -1.371276583088084 -1.2732493069924529 -1.1771254731511056 -1.106222249179023 -1.0514982843683551 -0.9791674787055592 -0.9437158667195178 -0.909929766705975 -0.8866125990909948 -0.891847065290276 -0.8880401807817079 -0.883043644864212 -0.8278438194899731 -0.7916784166585752 -0.7624129919989572 -0.7567026652361049 -0.778592251160372 -0.7747853666518039 -0.8004818370846392 -0.8014335582117813 -0.8138059328646279 -0.8297472617442573 -0.8473541025963852 -0.8737643638745771 -0.8778091786649308 -0.9011263462799111 -0.946571030100944 -0.9884467596951942 -1.0529258660590681
-2.521193634957467 -2.4905006286071356 -2.3601148341886744 -2.3225218496665634 -2.26970132711018 -2.147643092554212 -2.1105259685956717 -1.9758574291050714 -1.9247024185211865 -1.8756887804733706 -1.7947924846662966 -1.735547844501704 -1.6663101325021197 -1.5609070176711377 -1.4719210922833559 -1.3767489795691508 -1.314649176023132 -1.265873468257102 -1.2044874555564395 -1.2044874555564395 -1.1716530766700388 -1.1771254731511056 -1.182835799913958 -1.1521427935636268 -1.143339373137563 -1.094563665371533 -1.0741016611379788 -1.0462638181690738 -1.0436465850694332 -1.060301704794419 -1.0534017266226392 -1.0769568245194048 -1.079811987900831 -1.0890912688904661 -1.1047946674883098 -1.0955153864986749 -1.1131222273508028 -1.129063556230432 -1.164753098498259 -1.210197782319292 -1.2606390020578206 -1.324404317576338
-2.6946448103791054 -2.6989275554512444 -2.5702072730052823 -2.4974006067789154 -2.4441042236589605 -2.3332287123469118 -2.2868323073987367 -2.1754809355231166 -2.1219466221213765 -2.07245712350999 -2.0105952502457565 -1.9484954466997375 -1.8778301530094406 -1.7850373431130904 -1.6965272782888798 -1.6087310043100258 -1.5466312007640068 -1.51094165849618 -1.4612142296030077 -1.4704935105926427 -1.4476522035412336 -1.452886669740515 -1.452886669740515 -1.4198143605723286 -1.416721266909117 -1.37627311900558 -1.360093859844165 -1.353193881672385 -1.350338718290959 -1.3479594154731038 -1.338680134483469 -1.3641386746345185 -1.3669938380159448 -1.37627311900558 -1.3703248619609418 -1.361521441534878 -1.3753213978784378 -1.4119626612734066 -1.4495556457955177 -1.4945244690529795 -1.5442518979461517 -1.6068275620557415
-2.869523567491457 -2.866906334391816 -2.7795859209765332 -2.702972370241598 -2.6306415645788026 -2.5207177743938955 -2.4510042018307403 -2.385097513776153 -2.3225218496665634 -2.286356446835166 -2.2249704341345033 -2.1573982341074176 -2.0895881037985466 -2.0208262523625335 -1.9461161438818824 -1.858081939621243 -1.8024062536834329 -1.7624339663434667 -1.7288857966117095 -1.7386409381649157 -1.7169892825224338 -1.708661722659941 -1.707234140969228 -1.6872479972992447 -1.6901031606806711 -1.6589342937667688 -1.6634549691206937 -1.6556032698217718 -1.6482274310864207 -1.641803313478212 -1.6282412874164378 -1.6444205465778525 -1.6444205465778525 -1.6263378451621535 -1.6180102852996607 -1.6263378451621535 -1.6491791522135628 -1.6960514177253088 -1.7517271036631188 -1.7957442057934387 -1.8361923536969758 -1.9016231811879916
-3.016326551353118 -2.9987197105009904 -2.9206785780753424 -2.8590546350928943 -2.7833928054851014 -2.70820683644088 -2.6334967279602286 -2.5787727631495607 -2.5364211729917394 -2.5095350511499763 -2.4700386243735815 -2.408414681391134 -2.32799424614763 -2.2459082989316284 -2.1780981686227574 -2.1169500862038806 -2.0715054023828476 -2.034388278424308 -2.008691807991472 -2.0055987143282605 -1.9894194551668458 -1.977285010795785 -1.970860893187576 -1.9544437037443756 -1.9534919826172334 -1.9411196079643869 -1.9475437255725958 -1.9349334206379636 -1.9270817213390417 -1.9289851635933255 -1.913757625559053 -1.9163748586586933 -1.9070955776690584 -1.886395643153719 -1.877116362164084 -1.877116362164084 -1.9104266016140556 -1.9725264051600746 -2.0296296727885976 -2.073408844637132 -2.1105259685956717 -2.1569223735438467
-3.1281537837923095 -3.106740058431613 -3.067243631655218 -3.018943784452759 -2.965171540769233 -2.9011682949689304 -2.8464443301582625 -2.7917203653475946 -2.7600756378701212 -2.728906770956219 -2.6784655512176907 -2.6120830025995323 -2.5549797349710093 -2.4905006286071356 -2.422690498298264 -2.3513114137626108 -2.2961115883883716 -2.2561393010484054 -2.25114276513091 -2.2371048785055647 -2.2297290397702136 -2.2244945735709325 -2.2218773404712917 -2.222829061598434 -2.2223532010348626 -2.2204497587805787 -2.2116463383545146 -2.1961808700384564 -2.182380913694897 -2.1721499115781198 -2.1662016545334817 -2.1638223517156265 -2.139315532691719 -2.1302741819838693 -2.1359845087467217 -2.1497844650902813 -2.1902326129938183 -2.2463841594951997 -2.3034874271237227 -2.3541665771440368 -2.391759561666148 -2.4314939187243283
-3.272815395117901 -3.2297500141147233 -3.1852570514208325 -3.150281299998362 -3.1119745246308943 -3.062722956301293 -3.028223065442394 -2.985157684439216 -2.969454285841372 -2.946137118226392 -2.9035475977867855 -2.8404960731136244 -2.7493687751897733 -2.6858413899530413 -2.6311174251423735 -2.5925727194931203 -2.561403852579218 -2.5280936131292466 -2.507155748332121 -2.4997799095967705 -2.5035867941053387 -2.4983523279060575 -2.4924040708614195 -2.4924040708614195 -2.4664696701467985 -2.4621869250746595 -2.4426766419682475 -2.4348249426693256 -2.4329215004150413 -2.4260215222432615 -2.4250698011161194 -2.4319697792878996 -2.4207870560439804 -2.412459496181487 -2.4119836356179163 -2.4181698229443396 -2.446007665913245 -2.4974006067789154 -2.5583107589160066 -2.5989968371013292 -2.6144623054173874 -2.6204105624620255
-3.441745895185615 -3.4196183789795622 -3.366559926141393 -3.3258738479560703 -3.292325678224313 -3.260443020465054 -3.2440258310218537 -3.201436310582247 -3.1633674654965653 -3.114591757730535 -3.04963679080309 -2.9903921506384976 -2.925675113992838 -2.903071737223214 -2.8478719118489755 -2.8171789054986442 -2.7962410407015192 -2.776254897031536 -2.7624549406879764 -2.7462756815265617 -2.741992936454422 -2.739137773072996 -2.7374722611004976 -2.7346170977190716 -2.7010689279873143 -2.7048758124958825 -2.691789646997679 -2.6872689716437543 -2.6867931110801835 -2.6817965751626875 -2.6760862483998356 -2.6608587103655625 -2.662762152619847 -2.6599069892384204 -2.6663311068466293 -2.6867931110801835 -2.7077309758773085 -2.744848099835848 -2.7948134590108062 -2.825506465361137 -2.842161585086123 -2.8561994717114683
-3.6140074191983262 -3.575462713549073 -3.537393868463391 -3.495280208587355 -3.4581630846288154 -3.4284217994056263 -3.405580492354217 -3.350856527543549 -3.323970405701786 -3.282094676107536 -3.220946593688659 -3.1657467683144205 -3.111022803503752 -3.1062641978680423 -3.087705635888772 -3.066767771091647 -3.0558229781295134 -3.029650647133107 -3.028223065442394 -3.00086108303706 -2.996816268246706 -2.98230252105779 -2.9708818675320856 -2.944709536535679 -2.922582020329626 -2.9221061597660554 -2.929481998501406 -2.936857837236757 -2.9508957238621023 -2.9420923034360382 -2.94518539709925 -2.927578556247122 -2.9206785780753424 -2.901644155532501 -2.901644155532501 -2.9197268569482002 -2.9328130224464033 -2.9708818675320856 -2.9982438499374195 -3.02417825065204 -3.039405788686313 -3.0553471175659426
-3.775562080530689 -3.7396346079810767 -3.7087036713489603 -3.668731384008994 -3.628759096669028 -3.600445393136552 -3.5671351536865803 -3.5138387705666254 -3.46958373815452 -3.4293735205327684 -3.393446047983156 -3.353711690924975 -3.3337255472549923 -3.3372945014817748 -3.318260078938934 -3.3073152859768005 -3.295180841605739 -3.265915416946121 -3.2609188810286254 -3.2311775958054363 -3.218091430307233 -3.201436310582247 -3.171695025359058 -3.148615788025863 -3.1388606464726574 -3.1555157661976434 -3.162891604932994 -3.188350145084044 -3.20286389227296 -3.187874284520473 -3.173598467613342 -3.1559916267612143 -3.156467487324785 -3.141002019008727 -3.140526158445156 -3.1559916267612143 -3.165270907750849 -3.201912171145818 -3.2233258965065144 -3.245929273276138 -3.264963695818979 -3.296608423296452
-3.897620315086657 -3.8631204242277577 -3.8426584199942035 -3.810299901671374 -3.78293791926604 -3.752244912915709 -3.714176067830027 -3.6737279199264896 -3.6544555671018633 -3.6087729529990447 -3.577366155803357 -3.558807593824087 -3.556428291006232 -3.573559271294789 -3.556904151569803 -3.537869729026962 -3.513362910003054 -3.493852626896642 -3.482194043089152 -3.4557837818109602 -3.4479320825120383 -3.4098632374263564 -3.38844951206566 -3.3620392507874683 -3.357756505715329 -3.377742649385312 -3.401535677563863 -3.415811494470994 -3.4310390325052667 -3.4191425184159914 -3.400583956436721 -3.3894012331928023 -3.394873629673869 -3.3841667669935207 -3.37679092825817 -3.385118488120663 -3.397252932491724 -3.424614914897058 -3.438176940958832 -3.4674423656184503 -3.5128870494394833 -3.545721428325884
-3.993506218646219 -3.96376493342303 -3.94996497707947 -3.919271970729139 -3.914275434811643 -3.88738931296988 -3.879061753107387 -3.8616928425370447 -3.8357584418224238 -3.7967378756095997 -3.773182777712834 -3.769375893204266 -3.773182777712834 -3.77817931363033 -3.7620000544689147 -3.7458207953075 -3.719886394592879 -3.707276089658247 -3.687765806551835 -3.668731384008994 -3.658500381892217 -3.6204315368065347 -3.605203998772262 -3.587597157920134 -3.581886831157282 -3.5973522994733402 -3.62281083962439 -3.638038377658663 -3.6399418199129467 -3.627807375541886 -3.611628116380471 -3.609248813562616 -3.6204315368065347 -3.613055698071184 -3.6087729529990447 -3.612579837507613 -3.6256660030058163 -3.6530279854111503 -3.6746796410536318 -3.7151277889571688 -3.771755196022121 -3.8148205770252988
-4.081302492625073 -4.054892231346881 -4.044185368666533 -4.032050924295472 -4.031575063731901 -4.040854344721536 -4.035381948240469 -4.055368091910452 -4.014919944006915 -3.9837510770930127 -3.9554373735605366 -3.9549615129969657 -3.969475260185882 -3.9670959573680267 -3.943540859471261 -3.9354512298905537 -3.914275434811643 -3.909040968612362 -3.88953068550595 -3.8683548904270393 -3.858123888310262 -3.829334324214215 -3.8131550650528 -3.801020620681739 -3.808872319980661 -3.8255274397056467 -3.828858463650644 -3.851937700983839 -3.839089465767421 -3.8176757404067247 -3.801972341808881 -3.814344716461728 -3.8269550213963597 -3.828858463650644 -3.829810184777786 -3.83385499956814 -3.849796328447769 -3.878110031980245 -3.922602994674136 -3.967571817931598 -4.030147482041188 -4.077495608116505
-4.143402296171092 -4.146733320116089 -4.118895477147184 -4.1310299215182456 -4.149588483497515 -4.164816021531788 -4.192653864500693 -4.227867546204949 -4.204788308871755 -4.1800435595660606 -4.138405760253596 -4.1438781567346625 -4.161484997586791 -4.163864300404646 -4.144354017298234 -4.130554060954674 -4.1222265010921815 -4.118419616583613 -4.103905869394697 -4.089154191923995 -4.0672646059997275 -4.038950902467252 -4.0182509679519125 -4.006592384144422 -4.014919944006915 -4.021819922178695 -4.017775107388341 -4.031575063731901 -4.007068244707993 -4.001357917945141 -4.01254064118906 -4.027530248941547 -4.046088810920817 -4.0427577869758204 -4.035381948240469 -4.0496577651476 -4.070595629944725 -4.11009205672112 -4.154585019415011 -4.197650400418189 -4.263081227909205 -4.303529375812742
-4.2321502912770885 -4.279498417352405 -4.25856055255528 -4.305908678630597 -4.318518983565229 -4.3489740596337745 -4.383949811056246 -4.387042904719457 -4.362060225131978 -4.343025802589137 -4.340646499771282 -4.342549942025566 -4.341598220898424 -4.333746521599502 -4.335649963853786 -4.32851205540022 -4.338743057516997 -4.318043123001658 -4.296153537077391 -4.284970813833472 -4.264032949036347 -4.224298591978166 -4.20978484478925 -4.205264169435325 -4.209308984225679 -4.210736565916392 -4.1931297250642645 -4.19122628280998 -4.166719463786072 -4.170288418012855 -4.1814711412567735 -4.212640008170676 -4.244522665929935 -4.253088156074213 -4.256657110300996 -4.2697432757991995 -4.301150072994886 -4.34445338427985 -4.389422207537312 -4.433915170231203 -4.46270473432725 -4.483642599124375
