static/ASC_sea/1979/01/ERA5U/00.asc
ncols         201
nrows         201
xllcorner     105.0
yllcorner     0.0
cellsize      0.25
NODATA_value  -32767
[rows 0 to 18 of 201, columns 126 to 167 of 201]
0.9694815291177893 1.2043187172400902 1.1319879115772946 1.1726739897626173 1.2497634010611232 1.3185252524971367 1.5421797173755185 2.0368367732075994 2.323066902195571 2.5017525438164907 2.7913136967494596 2.9699993383703798 3.1486849799913 2.9504890552639678 2.385880496586946 2.416811433219063 2.694951932626327 3.496301121679934 3.572914672414869 3.300960360334028 2.966906244707168 2.6599761812038567 1.9880610654415691 1.8971716977995032 2.0979848556264757 2.261918819776694 2.18578112960533 1.4094146201392022 1.659955206859347 2.316166924023791 2.42704243533584 2.636421083307091 2.503180125507204 2.751579339691279 2.8957650904533 3.1310781391391718 3.3223740856947237 3.551025086490602 3.7320900309293763 3.8772275028185397 4.0958854317794255 4.307405452286746
1.118901746079091 1.3551665158921056 1.3863353828060077 1.43392143916311 1.5100591293344743 1.5831037258426264 1.800572003394585 2.2642981225945493 2.551955833273234 2.927885678494344 2.785365439704822 2.965002802452884 2.965954523580026 2.764903435471268 2.233605116244218 2.2526395387870592 2.383501193769091 3.068978335593153 3.1458298166098735 2.984988946122867 2.9885579003496496 2.6794864643102687 1.9231060985141242 2.048019496451518 2.299511804298805 2.503180125507204 2.389449450813729 1.2257324426007865 1.4777006110116444 2.334725486003061 2.9352615172296947 3.146305677173445 2.719934612213806 2.600255680475693 2.736113871375221 2.9495373341368256 3.064219729957443 3.3121430835779466 3.4943976794256497 3.636442057651601 3.864855128165693 4.077802730363726
1.5100591293344743 1.4846005891834242 1.4117939229570573 1.4596179095959454 1.5490796955472983 1.5148177349701846 1.733713594212856 2.179357011997121 2.6614037628945697 3.088964479263136 2.8448480101512 2.6599761812038567 2.602159122729977 2.400156313494077 2.40158389518479 2.560759253699298 2.692096769244901 3.0754024532013617 2.896716811580442 2.7706137622341203 2.803448141120521 2.4703457466208034 1.6340208061447261 1.7594100646456914 2.3775529367244532 2.900999556652581 2.786317160831964 1.7922444435320921 1.9913920893865664 2.8327135657801388 3.4713184420924548 3.479170141391377 2.99331650598536 2.8731617136836762 2.9416856348379037 2.882916855236882 2.9987889024664267 3.256467397640137 3.378049771632534 3.516763125913488 3.743272754173296 3.9778720120138114
1.613558801911172 1.5807244230247712 1.4420110687438177 1.6423483660072193 1.7291929188589314 1.6047553814851083 1.5802485624612004 2.0094747908022654 2.498659450153279 2.898620253834726 2.768710319979836 2.58026953680571 2.649031388241723 2.803448141120521 2.9778510376693017 3.2828776589183293 3.337125763165426 3.339980926546852 3.1505884222455838 2.869830689738679 2.624762499499601 2.2849980571098887 1.4053698053488488 1.5764416779526322 2.212667251447093 2.785365439704822 3.197936548320901 2.931930493284698 3.106571320115264 3.5334182456384737 3.5403182238102535 3.5158114047863456 3.2614639335576325 3.1858021039498396 3.2326743694615856 3.1120437165963306 3.09300929405349 3.294060382162248 3.412787592773219 3.492018376607794 3.7204314471218862 3.9547927746806164
1.5091074082073321 1.4060835961942053 1.3825284982974395 1.7403756421028502 2.176025988052124 2.036360912644028 1.9928196710772794 2.229322371172079 2.446552718442252 2.620717684709247 2.6966174445988256 2.936689098920408 3.6790315780912075 3.7282831464208086 3.392325588539665 3.383522168113601 3.4294427124982048 3.3868531920585982 3.246712256086931 2.965954523580026 2.455356138868316 1.8386408484802672 1.1731498503261881 1.379673334916013 1.9240578196412663 2.2281327197631513 2.551955833273234 2.9690476172432376 3.432773736443202 3.8365414246332166 3.7530278957265018 3.6676109245655026 3.604797330174127 3.479170141391377 3.3307016455572165 3.2945362427258194 3.309763780760092 3.3801911441686037 3.4508564378589006 3.5562595526898826 3.797996718983964 4.014275345126994
1.3259010912324873 1.2780771045935992 1.602851939230824 2.004716185166555 2.401108034621219 2.487952587472931 2.380170169824094 2.494852565644711 2.51293526706041 2.383501193769091 2.22979823173565 2.2757187761202538 3.043757725723889 3.093961015180632 2.698045026289539 2.70327949248882 2.822958424226933 3.0846817341909967 3.1310781391391718 3.045185307414602 2.4910456811361428 1.7239584526596499 0.8243440572286266 1.3463630954660415 1.7648824611267582 1.9997196492490592 2.282856684573819 2.616434939637108 3.2169709708637417 3.516287265349917 3.666659203438361 3.6540488985037283 3.609080075246267 3.4982045639342174 3.412787592773219 3.366391187825044 3.4358668301064132 3.4763149780099503 3.501773518161001 3.6964004886615496 3.880558526763537 4.047585584576966
1.3287562546139133 1.5012557089084102 1.7101584963160903 1.9606990830362352 2.326397926140568 2.51769387269612 2.6354693621799488 2.707800167842745 2.748248315746282 2.777037879842329 2.2369361401892154 1.8640993886313169 1.9552266865551684 1.9366681245758985 1.8072340512845795 1.939285357675539 2.16722256762606 2.512459406496839 2.624762499499601 2.682817488255266 2.649031388241723 2.1153537661968183 1.3982318968952834 1.5631175821726435 1.989964507695853 2.903616789752222 3.1096644137784755 3.237908835660867 3.2312467877708726 3.3161878983683004 3.462990882229962 3.416832407563572 3.4075531265739376 3.460135718848536 3.4192117103814277 3.4075531265739376 3.4748873963192373 3.5607802280438077 3.678555717527636 3.8522448232310604 4.014751205690565 4.138950812782603
1.3328010694042671 1.5357555997673096 1.584769237815125 1.7306205005496444 2.261918819776694 2.486525005782218 2.5274490142493264 2.351856466291618 2.41324247899228 2.9352615172296947 2.4915215416997136 2.0266057710908223 1.6525793681239964 1.7579824829549784 2.2345568373713602 1.9723576668437253 2.0694332218122145 2.32734964726771 2.3756494944701694 2.391352893068013 2.570038534688933 2.444173415624397 1.985681762623714 1.8683821337034563 2.0953676225268354 3.021154348954265 3.2493294891865716 3.286922473708682 3.1886572673312656 3.2759776807465486 3.4582322765942517 3.373291165996824 3.3571119068354087 3.4489529956046163 3.4420530174328365 3.4308702941889178 3.5724388118512977 3.708772863314396 3.8322586795610776 4.015464996535922 4.172974843077931 4.288846890307476
1.5723968631622784 1.7589342040821205 1.85862699215025 2.092036598581838 2.600255680475693 2.803448141120521 2.625714220626743 2.084660759846487 2.1148779056332474 2.947395961600756 2.8367583805704926 2.414194200119422 1.8795648569473755 1.8790889963838042 2.3147393423330778 2.11154688168825 2.029936795035819 2.114402045069676 2.171505312698199 2.192205247213539 2.2188534387735164 2.090609016891125 1.7315722216767866 1.9240578196412663 2.205291412711742 3.147733258864158 3.3913738674125224 3.4280151308074918 3.402556590656442 3.3682946300793275 3.4261116885532075 3.306908617378666 3.2688397722929836 3.3873290526221687 3.3987497061478735 3.4698908604017418 3.7140073295136777 3.850341380976776 3.9766823606048836 4.159412817016157 4.317160593839952 4.450401551639839
1.4981626152451986 1.7058757512439513 2.259063656395268 2.5626626959535823 2.9147995129961406 3.0378094686792507 2.9402580531471907 2.4122907578651382 2.301415246553089 2.9483476827278983 2.978802758796444 3.317139619495443 2.605252216393189 2.604776355829618 2.332346183185206 2.480100888174009 2.398252871239793 2.268818797948474 2.249784375405633 2.269770519075616 2.0016230915033435 1.3777698926617292 0.8976265840185645 1.3063908081260753 2.157943286636425 3.082778291936713 3.318567201186156 3.3514015800725567 3.451332298422472 3.4173082681271434 3.3556843251446957 3.3107155018872336 3.2726466568015518 3.3859014709314557 3.429918573061776 3.501773518161001 3.7311383098022346 3.9171997901585054 4.058768307820885 4.248636672685724 4.420184405853079 4.550094339707969
1.4094146201392022 1.6804172110929012 2.2359844190620732 2.636421083307091 2.7706137622341203 2.894337508762587 3.203408944801968 2.644272782606013 2.533397271293964 2.7342104291209366 3.525090685775981 3.8653309887292635 3.331177506120788 3.1198954158952525 2.8186756791547936 2.9490614735732548 2.804875722811234 2.581697118496423 2.562186835390011 2.368749516298389 1.7425170146389202 1.1153327918523086 0.31660083589834265 0.9927986967327697 1.848395990033473 2.503655986070775 2.9221753517314917 2.9547718003361068 3.1491608405548708 3.311667223014376 3.2726466568015518 3.2400502081969367 3.2483777680594295 3.325467179357936 3.3699601420518266 3.542221666064538 3.744938266145794 3.9319514676292076 4.077326869800155 4.286943448053192 4.458729111502332 4.583642509439726
1.3273286729232003 1.860054573840963 2.17888115143355 2.5759867917335706 2.700900189670965 3.16724354197057 3.553880249872028 2.975233804569661 2.485097424091505 2.513411127623981 3.3204706434404403 3.932427328192778 3.819648374626446 3.6067007724284115 3.5417458055009665 3.442528877996408 3.298105196952602 3.0637438693938717 2.938116680611121 2.740872477010931 2.027081631654393 1.2150255799204386 0.3848868267707847 1.0211124002652454 1.2521427038789783 1.7384721998485664 2.171505312698199 2.510080103678984 2.766806877725552 2.929789120748628 3.0730231503835066 3.1848503828226975 3.1936538032487616 3.2595604913033487 3.4075531265739376 3.584573256222359 3.764924409815778 3.9231480472031435 4.0611476106387405 4.273619352273203 4.449449830512697 4.591494208738648
1.521241852578393 2.316166924023791 2.558379950881443 2.6573589481042164 3.122750579276679 3.592900816084852 4.165361074060795 3.022106070081407 2.5264972931221843 2.7263587298220147 3.2921569399079638 3.841537960550713 3.802517394337888 3.8953102042342382 3.957172077498472 3.8175070020903754 3.7297107281115216 3.5964697703116344 3.453235740676756 3.151540143372726 2.461066465631168 1.6442518082615032 0.6984789381640905 0.7736649072083125 1.0011262565952626 1.4850764497469955 1.8234133104459942 2.1486640056467903 2.344956488119838 2.580745397369281 2.7713275530794768 2.962147639071458 3.1272712546306036 3.2595604913033487 3.402556590656442 3.5710112301605847 3.687121207671915 3.8462965661864232 4.07970617261801 4.199385104356123 4.375215582595617 4.581263206621871
2.136053700712158 2.786317160831964 2.582648839623565 2.5212628269229027 3.343074020210064 4.061623471202311 4.57388736788652 3.2935845215986768 2.531017968476109 2.817486027745866 3.26479495750263 3.7668278520700613 3.916723929594935 4.019747741608061 4.06804758881052 3.9928616197662987 3.9431341908731263 3.876275781691397 3.671179878792285 3.3844738892407427 2.652600342468506 1.6892206315189653 0.7415443191672683 0.8752611375307263 1.0772639467666267 1.2102669742847283 1.5091074082073321 1.8786131358202334 2.183401826787475 2.4527389057686753 2.638324525561375 2.841041125642632 2.995219948239644 3.135360884211311 3.347356765282203 3.5362734090198997 3.684266044290489 3.8829378295813917 4.166788655751508 4.257915953675359 4.386398305839536 4.570556343941523
3.2024572236748257 3.078257616582788 2.9416856348379037 2.72183805446809 3.603131818201629 4.041161466968757 4.161792119834012 3.405411754037868 3.1417850018195197 3.235529532843012 3.4406254357421235 3.656428201321584 3.921006674667074 4.050440747958392 4.10040610713335 4.086130290226219 4.141805976164029 4.090175105016573 3.9371859338284882 3.707345281623683 3.028530187689616 1.8786131358202334 1.2535702855696913 1.0943949270551836 1.4205973433831214 1.3204286947514206 1.4117939229570573 1.6920757949003913 2.137481282402871 2.437749298016188 2.59882809878498 2.882916855236882 3.0808748496824285 3.182233149723057 3.483214956181731 3.7082970027508257 3.86342754647498 3.9581237986256137 4.103737131078347 4.291226193125331 4.478715255172315 4.645266452422174
3.0823024313731415 3.075878313764933 3.2112606441008897 3.421115152635712 3.7468417084000785 3.6980660006340487 3.3942290307939484 3.5955180491844927 3.8512931021039187 4.034499419078763 4.1246749958754725 4.195578219847555 4.282898633262838 4.308357173413888 4.296222729042827 4.261484907902142 4.255060790293933 4.178923100122569 4.038306303587331 3.854624126048916 3.2590846307397774 2.231225813426363 1.4591420490323745 1.2257324426007865 1.5495555561108691 1.6007105666947545 1.7013550758900262 1.8488718505970443 2.247880933151349 2.528162805094683 2.694476072062756 2.994268227112502 3.2248226701626637 3.3785256321961046 3.5905215132669963 3.795141555602538 3.999285737374507 4.206760943091474 4.3918707023206025 4.545573664354044 4.5955390235290015 4.665252596092157
2.548148948764666 2.4822422607100787 2.607631519211044 2.899096114398297 3.069930056720295 3.133457441957027 3.3599670702168347 3.9664513584881065 4.270764188891777 4.386398305839536 4.4553980875573345 4.5046496558869356 4.482522139680883 4.463011856574471 4.444453294595201 4.410905124863444 4.372360419214191 4.305977870596033 4.2374539494418055 4.182729984631138 3.7487451506543628 3.3307016455572165 2.6506969002142218 2.3328220437487768 2.176025988052124 2.230274092299221 2.2809532423195353 2.20909829722031 2.483193981837221 2.767282738289123 3.06755075390244 3.176046962396634 3.383522168113601 3.633586894270174 3.8248828408257265 4.016416717663064 4.171071400823647 4.35808460230706 4.518687542512281 4.591970069302219 4.757569545424936 4.867969196173414
3.17200214760628 2.775134437588045 2.375173633906598 2.4225217599819153 2.659500320640286 2.924554654549347 3.16034356379879 3.6861694865447725 4.111112969813698 4.380687979076684 4.496322096024443 4.59934590803757 4.619807912271124 4.593873511556503 4.5841183700032975 4.575790810140804 4.49965311996944 4.454208436148408 4.431367129096998 4.346901879063141 4.129671531792968 3.762307176716137 3.5384147815559692 3.46418053363889 3.235529532843012 3.1829469405684137 3.1486849799913 3.154395306754152 3.2400502081969367 3.302387942024741 3.540794084373825 3.650717874558731 3.759452013334711 3.9302859556567085 4.086130290226219 4.248160812122153 4.427084384024859 4.551521921398682 4.662873293274302 4.7775556890949185 4.904610459568382 4.939586210990853
3.8034691154650306 3.45728055546711 3.055416309531379 3.3204706434404403 3.308336199069379 3.574342254105582 3.359015349089693 3.600276654820203 4.027123580343412 4.256488371984646 4.37188455865062 4.475384231227318 4.608149328463634 4.614097585508271 4.60410451367328 4.698086974978557 4.608149328463634 4.56222878407903 4.781362573603487 4.3932982840113155 4.1751162156140005 2.994744087676073 3.5895697921398546 3.514859683659204 4.306453731159603 4.072092403600874 4.037354582460189 4.059244168384456 3.990482316948443 4.053533841621604 4.095409571215854 4.264340071283568 4.374263861468475 4.489897978416234 4.519639263639423 4.682859436944285 4.771607432050281 4.785883248957412 4.897234620833031 5.039754859622554 4.929831069437647 4.965044751141903
