static/ASC_sea/1979/01/ERA5U/00.asc
ncols         201
nrows         201
xllcorner     105.0
yllcorner     0.0
cellsize      0.25
NODATA_value  -32767
[rows 133 to 151 of 201, columns 42 to 83 of 201]
-4.673986824552785 -4.588093992828215 -4.469128851935459 -4.323991380046296 -4.141498853916808 -3.9787545411755167 -3.892861709450947 -3.621859118497248 -3.406056352917788 -3.142905461263011 -2.898313131587504 -2.609703699781677 -2.3080081024776473 -2.0686502390014216 -1.7317409599931355 -1.612537888818594 -1.1780771942782478 -0.8050025124385639 -0.4778483749834841 0.1712254337273944 0.20049085838701253 -0.524244779931659 -0.8987470434620559 -0.44810708976029495 -0.1002530177898755 -0.14736321358340698 -0.6341685701165659 -1.1847392421682421 -2.2913529827526613 -3.618528094552251 -4.549549287178962 -5.01256161553357 -5.245495361401587 -5.389443181881822 -5.530535838980631 -5.657590609454094 -5.792259148944694 -5.875296817287839 -5.925500106744582 -5.976893047610252 -6.02424117368557 -6.090623722303728
-4.532894167453976 -4.413453165997649 -4.290205280032753 -4.163388439841075 -4.001833778508712 -3.827430881959931 -3.644224564985086 -3.391304675447086 -3.1843053302936903 -2.9133027393399913 -2.6668069674102 -2.3879526771575796 -2.1193293890217357 -1.892819760761928 -1.688675578989958 -1.6232447514989419 -1.276104470373879 -1.1952081745668046 -0.8097611180742742 0.11888077173458167 0.22475974712913482 -0.6058548665840898 -1.0384121188701518 -0.5872963046048199 -0.0731289656663271 0.1426737999131329 -1.0534017266226392 -2.1619189094613427 -3.240932737358642 -4.218112404651743 -4.748696933033436 -5.174116276865933 -5.213612703642328 -5.433460284012142 -5.559325403076678 -5.706366317220125 -5.807962547542538 -5.8805312834871195 -5.946675901823492 -6.007110193397013 -6.041372153974127 -6.105851260338
-4.396798046272663 -4.2840190927063295 -4.152205716597156 -4.013492362316202 -3.8343308601317108 -3.662307266400785 -3.4567355029381024 -3.2502120183482774 -3.0177541330438316 -2.7726859428047534 -2.523810868057107 -2.2551875799212633 -1.988943594603275 -1.8059752079102158 -1.63395161417929 -1.5651897627432767 -1.2718217253017396 -1.1107429245329477 -1.1281118351032902 -0.30844201435219903 0.06867748227783843 -0.5549377862819902 -1.2063908978107238 -1.077908545646547 -0.400758963684978 -0.579920465869469 -2.1400293235370755 -3.483621624779865 -4.331367218781647 -4.491018437859726 -4.986627214818949 -5.265957365635141 -5.323060633263664 -5.560752984767391 -5.606197668588424 -5.740390347515453 -5.787976403872555 -5.860069279253566 -5.926451827871724 -5.980699932118821 -6.072541020888028 -6.163430388530094
-4.32851205540022 -4.1712401391399965 -4.038950902467252 -3.88738931296988 -3.717982952338595 -3.526687005783043 -3.328966941619282 -3.1281537837923095 -2.890461432288582 -2.6530070110666406 -2.3870009560304375 -2.1183776678945936 -1.9061438565419166 -1.7200823761856454 -1.501662377506545 -1.3831730971773597 -1.1188325541136552 -0.871860921620293 -0.9729812913791358 -0.9123090695238302 -0.5349516426120071 -0.627744452508357 -1.3108422915145637 -1.65251017615856 -1.1526186541271979 -1.8542750551126748 -3.46268375998274 -4.578338851275009 -4.744414187961297 -4.906444709857231 -5.11011303106563 -5.292367626913332 -5.423705142458935 -5.607149389715566 -5.6335596509937576 -5.744911022869378 -5.807010826415397 -5.906941544765312 -5.973799953947041 -6.026144615939853 -6.107754702592285 -6.157482131485457
-4.264032949036347 -4.105809311648981 -3.941161556653406 -3.78983789743782 -3.6204315368065347 -3.407959795172072 -3.243549970458283 -3.052491954184516 -2.8302650709968473 -2.5911451378024073 -2.32537701304799 -2.099343245351753 -1.8871094339990755 -1.6189620064268027 -1.360093859844165 -1.1224015083404377 -0.798102534266784 -0.4274071552449554 -0.9318193526302422 -0.8768574575377888 -0.7459958025557568 -0.8402161941428198 -1.5877931395129006 -1.9113783227411978 -1.8166820705905637 -2.8961717590514344 -4.252136434947071 -4.797234710517681 -4.96164453523147 -5.045633924701756 -5.2469229430923 -5.397770741744314 -5.570983986884168 -5.622376927749839 -5.702797362993342 -5.792259148944694 -5.836276251075015 -5.935255248297788 -5.99188265536274 -6.044703177919124 -6.111085726537282 -6.137495987815473
-4.209308984225679 -4.06131634895509 -3.896668593959515 -3.724407069946804 -3.555952430442661 -3.347049643034981 -3.219043151434375 -3.029174786569536 -2.842637445649694 -2.5880520441391957 -2.3722492785597358 -2.1452637897363567 -1.9142334861226238 -1.6296688691071508 -1.277056191501021 -0.9558503110905789 -0.5373309454298623 0.20762876684057785 -0.47190011793884623 -1.3274974112395497 -1.1966357562575176 -1.2249494597899937 -1.9822815467132804 -2.6139864448538166 -2.8585787745293234 -3.763427636159628 -4.371339506121613 -4.965213489458253 -5.129623314172042 -5.213612703642328 -5.337098519889009 -5.535056514334555 -5.67852847425122 -5.66686989044373 -5.7737005869654245 -5.810817710923965 -5.845079671501079 -5.933827666607074 -5.990455073672027 -6.030665291293778 -6.110134005410139 -6.127740846262268
-4.173143581394281 -4.026578527814405 -3.8645480059184707 -3.69014510936969 -3.545721428325884 -3.360611669096755 -3.262584393001124 -3.043212673194881 -2.8673821949553875 -2.6482484054309303 -2.4593317616932335 -2.26970132711018 -2.0286779516614555 -1.7809925283227366 -1.3967351232391338 -1.0769568245194048 -0.6408306180065602 0.2190494203662825 -0.5154413595055951 -1.5252174754033108 -1.632048171925006 -1.5535311789357866 -2.4997799095967705 -3.638990098785805 -3.97542351723052 -4.444622032911551 -4.570487151976087 -5.0960751444402845 -5.270715971270851 -5.401101765689312 -5.546715098142045 -5.602390784079856 -5.683762940450501 -5.729207624271534 -5.761090282030793 -5.791783288381124 -5.8529313708 -5.9514345074592025 -6.00615847226987 -6.033996315238776 -6.086103046949803 -6.0856271863862315
-4.15410915885144 -4.037761251058324 -3.8802514045163146 -3.719410534029308 -3.58569371566585 -3.424139054333487 -3.328491081055711 -3.143381321826582 -3.050112651366661 -2.8492994935396885 -2.70820683644088 -2.5183384715760404 -2.3308494095290566 -2.1388396721281477 -1.8088303712916418 -1.5613828782347086 -1.226852902044278 -0.6258410102540729 -0.9720295702519939 -1.6232447514989419 -1.8537991945491035 -1.7317409599931355 -2.4914523497342778 -3.246405133839709 -2.692741368124821 -3.497897441686996 -4.67160752173493 -5.232647126185169 -5.327819238899374 -5.439646471338565 -5.612145925633062 -5.68328707988693 -5.742055859487952 -5.822476294731455 -5.8039177327521845 -5.888858843349613 -5.855786534181426 -5.895758821521393 -5.953337949713487 -6.014486032132363 -6.119413286399775 -6.074444463142313
-4.1843263046382 -4.077019747552934 -3.91974783129271 -3.776751731939617 -3.699424390359325 -3.583314412847995 -3.505749140985918 -3.342053107117485 -3.245453412712567 -3.114591757730535 -3.0353609738959593 -2.9133027393399913 -2.768403197732614 -2.7034482308051695 -2.5452245934178035 -2.4845523715624975 -2.240911763014133 -2.1559706524167046 -2.126705227757087 -2.4134112173086293 -2.570683133568853 -2.3034874271237227 -2.139315532691719 -2.741992936454422 -2.2161670137084393 -3.468156156463807 -4.934758413389707 -5.48866010938638 -5.603342505206998 -5.64188721085625 -5.69018705805871 -5.708269759474409 -5.668297472134443 -5.78987984612684 -5.703511153838699 -5.832231436284661 -5.846031392628221 -5.967613766620618 -6.037803199747343 -6.0192446377680735 -6.074444463142313 -6.074920323705884
-4.211212426479963 -4.097005891222917 -4.005164802453709 -3.933785717918055 -3.861216981973474 -3.7570035185514192 -3.674203780490061 -3.6102005346897577 -3.606631580462975 -3.557855872696945 -3.498849162814138 -3.4293735205327684 -3.377742649385312 -3.455307921247389 -3.43246661419598 -3.650172822029724 -3.6282832361054567 -3.961147700323389 -4.238574408885297 -4.713245321047395 -4.6901660837142 -3.9076133869216485 -3.187874284520473 -3.770803474894979 -3.2697223014546895 -4.491970158986868 -5.277615949442631 -5.347329522005786 -5.538863398843124 -5.549094400959901 -5.489135969949952 -5.790355706690411 -5.791307427817553 -5.92454838561744 -5.843652089810366 -5.933351806043504 -5.825569388394666 -5.828424551776092 -5.916220825754947 -5.986172328599888 -6.025668755376283 -6.059454855389825
-4.284494953269901 -4.208357263098537 -4.131505782081816 -4.078923189807218 -3.998264824281929 -3.9920786369555055 -3.953771861588038 -3.9187961101655677 -3.926171948900919 -3.905472014385579 -3.959720118632676 -3.966144236240885 -4.076543886989363 -4.218588265215314 -4.352305083578772 -4.682790244978849 -4.837682858421218 -5.139854316288819 -5.264053923380857 -5.065144207808168 -4.636393840030674 -3.599969532572981 -3.173122607049771 -3.199532868327963 -2.835737467477914 -4.575483687893583 -4.3865670441558855 -3.890958267196663 -3.33277382612785 -3.404628771227075 -4.494825322368294 -5.707793898910838 -5.668297472134443 -5.736583463006885 -5.7346800207526005 -5.592635642526649 -5.700418060175487 -5.775604029219709 -5.852217579954644 -5.94310694759671 -5.9528620891499155 -6.004255030015586
-4.387518765283028 -4.325418961737009 -4.2971052582045335 -4.249281271565645 -4.22834340676852 -4.2074055419713945 -4.196460749009261 -4.2321502912770885 -4.275691532843837 -4.33969477864414 -4.410835932898008 -4.544790681543252 -4.673986824552785 -4.907396430984373 -5.125340569099903 -5.446546449510345 -5.747290325687233 -6.037327339183773 -6.254081825890375 -6.086103046949803 -5.65306993410017 -4.765827913321993 -3.612579837507613 -3.021798947834185 -3.198581147200821 -4.382046368801961 -3.559759314951229 -2.7688790582961853 -2.2766013052819596 -2.5021592124146257 -3.573559271294789 -4.287825977214898 -4.1048575905218385 -5.182443836728426 -4.913344688029011 -4.2697432757991995 -5.140806037415961 -5.409429325551805 -5.7708454235839985 -5.854834813054285 -5.923596664490297 -5.982603374373105
-4.512432163220422 -4.500297718849361 -4.472459875880456 -4.445573754038693 -4.433915170231203 -4.424635889241568 -4.475315039261882 -4.532418306890405 -4.599276716072134 -4.67160752173493 -4.7955691985451825 -4.9328549711354235 -5.168168019821295 -5.389919042445393 -5.6609216333990915 -5.930972503225648 -6.298574788584266 -6.520801671771935 -6.796087007797772 -7.026641450847935 -6.613594481668285 -6.087768558922302 -4.844106976029427 -3.347525503598552 -4.042281926412249 -4.58571469001036 -2.8816580118625184 -2.1930877763752448 -2.304439148250865 -2.521193634957467 -2.2830254228901685 -2.647296684303788 -2.6877448322073256 -4.014919944006915 -3.705848507967534 -3.20976387044474 -4.275691532843837 -5.389443181881822 -5.746338604560091 -5.839131414456441 -5.932875945479933 -5.905513963074599
-4.635917979467103 -4.624259395659613 -4.628780071013538 -4.602369809735346 -4.641866236511741 -4.64139037594817 -4.738465930916659 -4.799614013335536 -4.873372400689045 -5.003758195107506 -5.126768150790616 -5.2535849909822945 -5.487470457977453 -5.625232091131265 -5.889810564476755 -6.025668755376283 -6.285012762522491 -6.350919450577078 -6.208875072351128 -6.40707099707846 -5.065620068371739 -4.512432163220422 -3.97542351723052 -2.6365898216234402 -3.641845262167231 -3.892385848887376 -2.4333973609786126 -2.1878533101759636 -2.2987288214880124 -2.3517872743261816 -2.1159983650767384 -1.7674305022609627 -1.752678824790261 -2.5578348983524357 -3.3727461134678163 -3.417714936725278 -4.530514864636121 -5.6349872326844705 -5.674959520024437 -5.769893702456857 -5.8529313708 -5.811293571487536
-4.73418318584452 -4.751314166133077 -4.755596911205216 -4.785814056991977 -4.835779416166934 -4.86409311969941 -4.944037694379342 -5.01732022116928 -5.094409632467786 -5.2390712437933775 -5.30045725649404 -5.427512026967504 -5.509597974183506 -5.620949346059126 -5.713266295391905 -5.681383637632646 -5.689235336931568 -5.180540394474142 -4.8605241654726274 -3.7620000544689147 -2.4195974046350526 -2.205936011591662 -2.026536579125386 -1.3220250147584829 -1.6927203937803115 -2.3465528081269005 -2.7360446794097846 -2.5100109117135476 -2.4519559229578824 -2.505728166641408 -2.0848294981628364 -1.7067582804056567 -1.5994517233203907 -2.0329606967335945 -3.775562080530689 -4.8952619866133125 -5.6247562305676935 -5.654021655227312 -5.6942318728490635 -5.6609216333990915 -5.7230214369451105 -5.744435162305806
-4.869803446462262 -4.878131006324756 -4.927620504936142 -4.974968631011459 -5.026123641595344 -5.080371745842441 -5.112492333883485 -5.192198978281632 -5.237167801539094 -5.2780918100062015 -5.332339914253299 -5.33757438045258 -5.40705002273395 -5.29569865085833 -5.272619413525135 -4.988054796509662 -4.584287108319647 -3.828858463650644 -2.9040234583503564 -1.8875852945626463 -1.0574465414129928 -0.9313434920666712 -1.9275575819026125 -1.3094147098238507 -0.05290489171455848 -1.521172660612957 -3.0543953964388004 -3.421283890952061 -3.2585395782107702 -3.0075231309270545 -2.5276177525656753 -2.3962802370200724 -2.6116071420359614 -2.9221061597660554 -3.971378702440166 -5.173164555738791 -5.640935489729109 -5.748717907377946 -5.719452482718328 -5.648787189028031 -5.612145925633062 -5.669249193261585
-4.959741092977186 -4.99186168101823 -5.063240765553884 -5.138902595161677 -5.169595601512008 -5.253109130418723 -5.232647126185169 -5.259057387463361 -5.247874664219442 -5.3011710473393965 -5.271191831834422 -5.210757540260902 -5.067285580344238 -4.874324121816187 -4.5412217273164694 -4.12175064052861 -3.462207899419169 -2.6901241350251808 -1.6839169733542476 -0.862581640630658 -0.14736321358340698 -0.1502183769648332 -1.116929111859371 -1.9884677340397037 -0.7804956934146562 -2.1595396066434875 -3.106740058431613 -3.54167661353553 -3.713224346702885 -3.504083629013419 -3.337770362045346 -3.4372252198316904 -4.200029703236044 -3.7658069389774833 -3.4660147839277373 -4.656142053418872 -5.504125577702439 -5.367077735393984 -5.203857562089122 -5.346853661442215 -5.4489257523282 -5.485091155159598
-5.049202878928539 -5.112968194447056 -5.190295536027348 -5.248350524783013 -5.293319348040475 -5.330436471999015 -5.2897503938136925 -5.313305491710458 -5.239547104356949 -5.158412878268089 -5.030644316949269 -4.861713816881555 -4.6682764977899325 -4.3737188089394685 -3.9021409904405817 -3.3582323662789 -2.5119143539678315 -1.7893200881852298 -1.067201682966199 -0.49141040104525824 -0.1252356973773543 -0.17068038119838724 -1.2259011809171358 -2.9704060069685143 -3.169791583104774 -2.7810135026672462 -2.7174861174305147 -3.514552561411982 -4.200029703236044 -4.306384539194168 -4.248805411002074 -4.43034621600442 -4.7291866499270245 -4.554545823096458 -4.843631115465856 -4.995430635245013 -3.915703016502356 -3.1559916267612143 -3.1481399274622923 -3.877158310853103 -5.043730482447472 -5.3128296311468866
-5.150085318405596 -5.222891984631963 -5.257629805772648 -5.2911779755044055 -5.35827431496792 -5.323060633263664 -5.316636515655455 -5.208854098006618 -5.114157845855984 -4.979251376083598 -4.823407041514088 -4.577387130147867 -4.250708853256358 -3.792217200255675 -3.28399811836182 -2.7726859428047534 -2.3665389517968833 -1.9256541396483287 -1.677492855746039 -1.707234140969228 -2.5490314779263716 -3.6175763734251087 -4.8757517035069 -5.94310694759671 -5.4441671466924895 -4.334222382163073 -4.313284517365948 -4.72728320767274 -4.938803228180061 -4.6178352780514045 -4.345405105406992 -4.092485215868992 -3.5216904698655473 -3.527162866346614 -4.748696933033436 -4.285922534960614 -2.9128268787764204 -2.3558320891165354 -2.5652107370877864 -3.256160275392915 -4.465084037145105 -5.192674838845203
