static/ASC_sea/1979/11/ERA5V/00.asc
ncols         201
nrows         201
xllcorner     105.0
yllcorner     0.0
cellsize      0.25
NODATA_value  -32767
[rows 0 to 18 of 201, columns 84 to 125 of 201]
0.2318528993514679 0.2412169643788209 0.18949165279915903 0.11524799436800581 0.01514168014702122 -0.06244628722247203 0.028295961971159578 0.05415861776099096 0.22717086683779186 0.23787265544048086 0.259276232645858 0.26462712694720203 0.27733550091289505 0.3114474520839652 0.37944840049688366 0.47464972827496865 0.6108745790300274 0.6630457984681346 0.7524503240864302 0.7455387522805266 0.7040693214451084 0.68757073068263 0.4316196199349909 0.4184653381108525 0.21000341428764546 0.08492625999372105 0.07511628710792273 -0.2709082110456791 -0.27336070426712844 -0.6430183189183349 -0.7812497550363973 -0.9346420583416024 -1.1455564753862593 -1.0044266381883018 -0.7333146602535208 -0.22029766911213056 0.08492625999372105 -0.06891195116992943 -0.031232737131296595 0.04746999988431089 0.5283816252176345 0.9156526002774328
0.18949165279915903 0.3125622217300794 0.24946625976005965 0.17477669347046199 0.13085476941359353 0.18793097529460034 0.28268639521424 0.3027522488442811 0.3060965577826211 0.2875913816571387 0.30966382065018383 0.30721132742873447 0.24456127331716093 0.27889617841745373 0.3446675875381455 0.40330447092371013 0.5328407038020888 0.5981662050643344 0.7910213538419537 0.885330865903148 0.8438614350677298 0.8619207033347669 0.8877833591245974 0.8746290773004599 0.8583534404672042 0.6576949041667906 0.6104286711715821 0.20554433570319208 -0.4078019235884054 -0.8256175869517111 -0.9647408387866645 -0.9466815705196274 -0.864188616707235 -0.7221669637923869 -0.404680568579288 0.007338292624227805 0.32660831927110756 0.24946625976005965 0.7553487251663249 1.097137098664696 1.581170079007138 1.8525050108711412
0.2554860158490726 0.3979535766223661 0.3393166932368006 0.371199105115644 0.371199105115644 0.42827531099665084 0.5005123840648 0.572303549274503 0.575647858212843 0.588356232178536 0.5760937660712884 0.5611558528133695 0.4815613000808714 0.36874661189419466 0.3355264764400152 0.39460926768402604 0.35737596150383766 0.48200720793931673 0.6753082645753823 0.9252396192340084 0.9330430067568019 0.9698304050785449 1.0034964483911697 0.5912546332584308 0.4815613000808714 0.27934208627589907 0.09919531146397276 -0.1864086718702822 -0.8026533322417748 -1.105870675984622 -1.2269346595525383 -1.2050851744887154 -1.1112215702859665 -0.5141509478276247 -0.04683951217688431 0.3676318422480813 0.703623413586663 0.9239018956586724 1.4322368542863861 1.8754692655810778 2.125400620239704 2.3095605657776392
0.34667417290114955 0.3549234682823883 0.4126685359510631 0.4487870724851373 0.5370768284573195 0.669511462415592 0.7245810829335948 0.8365039554033808 0.8697240908575603 0.9366102696243654 0.9218953102956684 0.8632584269101029 0.8081888063921001 0.6953741182054234 0.5132207580304922 0.379894308355329 0.2690862055316563 0.3633957175928506 0.3500184818394896 0.6010646061442291 0.597720297205889 0.35247097506093894 -0.09031552837530654 -0.5351086171745569 -0.900753061099755 -0.8887135489217299 -0.9941707574440586 -0.9990757438869573 -0.8945103510815198 -0.8916119500016251 -1.0258302153936794 -1.1419892125186966 -0.7000945247993413 -0.07849897012650509 0.8226808117915745 1.0848746325574483 1.3325764479238478 1.3559866104922298 1.598560485486507 1.9512736015167897 2.2036574493968653 2.4248277471857653
0.30364406456117177 0.28023390199278975 0.3955010834009167 0.5477786170600085 0.7783129798762607 0.9029442263117398 0.998591461948271 1.0215557166582068 1.0347099984823451 1.0277984266764415 0.993240567646926 0.9464202425101629 0.9189969092157728 0.8505500529444099 0.7196760964906961 0.572303549274503 0.4463345792636879 0.4200260156154112 0.3807861240722197 0.273991191974555 0.039666612361516584 -0.3364566662371473 -0.69831089336556 -0.9892657710011594 -1.1127822477905251 -1.0064332235513058 -0.8267323565978244 -0.6831500261784176 -0.5576269640260478 -0.44637295334392935 -0.41493644932353124 -0.403342845003952 -0.02588184282995165 0.36963842761108534 0.8612518415470989 1.0385002152791305 1.162239645997719 1.4589913257931082 1.7827204310244422 2.1318662841871614 2.3550431673390664 2.606535199502251
0.2583844169289673 0.39015018909957266 0.5317259341559755 0.6871248228241846 0.8041756356660921 0.9042819498870767 0.9756272072383343 1.0117457437724084 1.0338181827654545 1.0409527085005799 1.0405068006421345 1.0318115974024504 0.978525608318229 0.897370378081173 0.7479912455019759 0.6612621670343533 0.6124352565345861 0.5058632783661441 0.39460926768402604 0.2806798098512351 0.16206831950476897 0.029410731617272923 -0.1708018968246945 -0.3056890240044172 -0.3930869642597088 -0.1728084821876994 -0.016517777802599554 0.028741869829604916 0.06798176137279732 0.11814639544790051 0.1333072626350429 0.2334135768560266 0.392602682321022 0.6605933052466852 0.8456450665015112 0.9120853374098701 1.212404280072822 1.587858696883818 1.9731230865806122 2.1363253627716157 2.183145687908379 2.449798587258706
0.32081151711131817 0.43607869851944425 0.5694051481946083 0.7245810829335948 0.8427466654216165 0.9395086707042601 0.9453054728640495 0.9366102696243654 0.9227871260125591 0.8944719770012783 0.8750749851589052 0.8764127087342413 0.8148774242687811 0.7265876682965988 0.592369402904545 0.47554154399185933 0.35893663900839723 0.3125622217300794 0.23876447115737154 0.15292720840663865 -0.028780243909846348 -0.2220813005459119 -0.4287595929353376 -0.5830437119574334 -0.6987568012240053 -0.5493776686448086 -0.37212929491277613 -0.13914243887507372 0.04836181560120156 0.2710927908946603 0.4365246063778905 0.6104286711715821 0.8344973700403768 1.176285743538748 1.4117250927978997 1.5267693202768031 1.622639509842557 1.7818286153075515 1.814379888974063 1.8504984255081371 1.8897383170513296 2.126069482027372
0.38970428124112644 0.502518969427804 0.6298256630139552 0.782772058460715 0.9223412181541137 1.059011976767617 1.1352622205617742 1.1250063398175314 1.079077830397659 0.856569809033422 0.7676111912735726 0.6396356358997535 0.7430862590590772 0.773407993433362 0.7069677225250031 0.4985057987017951 0.2476826283262783 0.1861473438608181 0.058171788486999 -0.14538514889330933 -0.41560531111119925 -0.6786909475939638 -0.4706749316292016 -0.4662158530447482 -0.1913136583131818 -0.12308975597104066 0.026958238395823564 0.20019344140184714 0.39884539233925675 0.6059695925871278 0.7118727089679018 0.8648191044146616 1.0643628710689619 1.2953431417436603 1.4063741984965556 1.4204202960375847 1.58050121721947 1.7891860949718996 1.9541720025966844 2.023510674584938 2.127407205602708 2.01949750385893
0.4507936578481413 0.5297193487929706 0.6539046873700043 0.7544569094494342 0.8828783726816987 1.0150900527107494 1.0942386975848013 1.1733873424588532 1.192338426442781 1.009293250550959 0.8559009472457539 0.7011709203652128 0.7667193755566819 0.7794277495223749 0.6806591588767263 0.45257728928192353 -0.008268482421359913 -0.27982636821458584 -0.4325498097321234 -0.5096918692431709 -0.5761321401515302 -0.7386655545548653 -0.42385460649243845 -0.13869653101662838 0.11814639544790051 0.13910406479483228 0.1903834685160497 0.35603823792850164 0.5678444706900496 0.786116367399055 0.8998228713026224 1.0458576949434795 1.1753939278218573 1.2291258247645231 1.3243271525426081 1.2826347677779673 1.4614438190145576 1.6757025449975549 1.8930826259896696 1.9686640079961588 2.0018841434503383 1.892190810272779
0.5210241455532865 0.5640542538932642 0.6015105140026744 0.7178924650569147 0.8456450665015112 0.9711681286538809 1.0699367192995286 1.1495312720320259 1.3198680739581548 1.3990167188322067 1.2447325998101109 0.9502104593069483 0.5415359070417729 0.4862433325945483 0.4077635495081644 0.3121163138716341 -0.03279341463585528 -0.27692796713469114 -0.35786024344252443 -0.3402468830339327 -0.3759195117095624 -0.2372421677330543 -0.055088807558123065 0.2318528993514679 0.26172872586730733 0.34533644932581353 0.3970617609054754 0.5219159612701771 0.6445406223426522 0.8463139282891792 0.9818699172565699 1.1644691852899456 1.3194221660997094 1.4433845507475205 1.5575369625095332 1.4835162580076036 1.6210788323379983 1.58050121721947 1.6402528702511487 1.715834252257638 1.5927636833267176 1.5849602958039233
0.5205782376948411 0.5785462592927386 0.6162254733313715 0.778758887734706 0.892688345567497 1.018657315578312 1.0859894022035617 1.2041549846915833 1.3843017595035096 1.4676865290327932 1.3383732500836372 0.9818699172565699 0.5714117335576123 0.28313230307268533 0.1210447965277952 0.024951653032819543 0.05861769634544434 0.08737875321517041 0.005777615119669122 0.06976539280657867 0.08448035213527572 0.2240495118286745 0.29650953882604636 0.2969554466844917 0.3134540374469701 0.4135603516679538 0.5537983731490206 0.6715180477785969 0.7939197549218484 0.9896733047793633 1.0933468818679106 1.276837965618177 1.433574577861723 1.715834252257638 1.8306555258073187 1.6772632225021136 1.5541926535711932 1.5136150384526657 1.520080702400123 1.5336808920827067 1.4277777757019328 1.4166300792407984
0.5225848230578451 0.6068614083040185 0.7413026276252959 0.9223412181541137 1.0356018141992358 1.103156854753708 1.1167570444362918 1.235814442641204 1.419528480320694 1.3579931958552338 1.2280110551184098 0.9009376409487357 0.7031775057282177 0.4180194302524072 0.13620566371493759 0.052374986327209605 0.1324154469181522 0.2276167746962372 0.40241265520681946 0.42827531099665084 0.4385311917408945 0.32527059569577155 0.3027522488442811 0.3027522488442811 0.3506873436271576 0.45748227572482225 0.5986121129227797 0.7696177766365766 1.0367165838453491 1.2362603504996494 1.2759461499012863 1.2226601608170657 1.3657965833780272 1.6571973688720725 1.6674532496163161 1.4991230330531913 1.3735999709008215 1.4326827621448315 1.419528480320694 1.4331286700032768 1.3936658245308626 1.2665820848739342
0.6376290505367486 0.7294860693764935 0.8643731965562163 1.0249000255965468 1.139275391287783 1.201702491470134 1.2338078572782 1.3452848218895408 1.521418425975459 1.3883149302295186 1.219761759737171 0.985883087982578 0.8168840096317851 0.6093139015254687 0.22315769611178382 0.13910406479483228 0.38034021621377434 0.6864559610365166 0.8637043347685482 0.7783129798762607 0.5468868013431178 0.3955010834009167 0.358490731149951 0.30029975562283173 0.37454341405398495 0.45123956570658663 0.7031775057282177 0.9477579660854989 1.2275651472599645 1.3158549032321467 1.191000702867445 1.1361540362786648 1.127904740897426 1.1250063398175314 1.1337015430572155 1.1000354997445907 1.2300176404814138 1.3448389140310955 1.280851136344186 1.1484165023859125 1.0757335214593189 0.8993769634441771
0.7705095923534673 0.8365039554033808 0.9453054728640495 1.0933468818679106 1.2246667461800698 1.3247730604010544 1.4413779653845165 1.4995689409116366 1.5557533310757519 1.3515275319077755 1.1631314617146096 1.0088473426925137 0.7504437387234262 0.5781003514342933 0.43451802101488557 0.6699573702740373 0.9867749036994686 1.2411653369425482 1.2866479385039753 1.1073929794089397 0.8541173158119726 0.6099827633131367 0.45168547356503197 0.367185934389636 0.3125622217300794 0.5123289423136015 0.7598078037507783 1.1357081284202195 1.2436178301639975 1.2451785076685562 0.9379479931997015 0.9029442263117398 0.9526629525283985 0.9174362317112141 0.892688345567497 0.9350495921198068 1.0458576949434795 1.1421737923676778 1.1337015430572155 0.987889673345582 0.6991643350022088 -0.08830894301230252
0.8213430882162385 0.9116394295514247 1.057674253192281 1.2641295916524848 1.3617834126520192 1.3764983719807162 1.343724144384982 1.2730477488213916 1.1201013533746318 0.8915735759213836 0.6880166385410753 0.5127748501720468 0.3105556363670745 0.4873581022406617 0.77742116415937 1.1938991039473397 1.3006940360450043 1.302254713549563 1.2598934669972532 1.172941434600408 1.0692678575118606 0.9247937113755631 0.7384042265454012 0.5834512457356373 0.41311444380950846 0.5678444706900496 0.7348369636778385 0.9624729254141959 0.90874102847153 0.7602537116092236 0.4828990236562074 0.7225744975705908 0.9419611639257095 1.1479705945274672 1.1631314617146096 1.1831973153446507 1.2173092665157217 1.207053385771478 1.1865416242829916 1.1825284535569827 0.8418548497047258 0.4907024111790017
0.9379479931997015 1.030696827756337 1.1577805674132655 1.3227664750380494 1.2964579113897736 1.1758398356803026 0.994578291222262 0.8612518415470989 0.6860100531780713 0.4742038204165233 0.36584821081429997 0.39884539233925675 0.5219159612701771 0.8701699987160056 1.1147504590732877 1.2676968545200475 1.0795237382561043 0.8451991586430658 0.6235829529957204 0.5248143623500718 0.5176798366149464 0.5781003514342933 0.5752019503543977 0.6050777768702371 0.6220222754911608 0.6933675328424194 0.6728557713539329 0.6068614083040185 0.4012978855607061 0.3843533869397824 0.5225848230578451 0.8119790231888864 1.003942356249615 1.1053863940459348 1.083091001123667 1.070382627157974 1.0757335214593189 1.000598047311275 0.879979971601804 0.7384042265454012 0.6191238744112662 0.5624935763887056
1.0416215702882479 1.1644691852899456 1.2977956349651096 1.4556470168547682 1.5390317863840508 1.47994899514004 1.4286695914188234 1.221768345100175 1.009293250550959 0.703623413586663 0.8451991586430658 0.9903421665670313 1.4086037377887823 1.212404280072822 1.2300176404814138 0.9125312452683154 0.9149837384897648 0.760699619467669 0.6449865302010975 0.3856911105151184 0.2871454737986934 0.12951704583825752 0.15783219484953825 0.21089523000453614 0.3462282650427042 0.4862433325945483 0.5078698637291481 0.5127748501720468 0.6391897280413081 0.7250269907920401 1.017988453790644 1.0565594835461676 1.1328097273403248 0.9667090500694275 0.9419611639257095 0.9174362317112141 0.8643731965562163 0.5854578310986414 0.40040606984381544 0.15292720840663865 -0.17682165291370744 -0.3774801892141211
1.183643223203096 1.3339141714991838 1.5263234124183578 1.7153883443991926 1.8295407561612054 1.8208455529215204 1.710483357956293 1.4580995100762175 1.2670279927323795 1.079077830397659 1.300248128186559 1.4877523826628343 1.724529455497322 1.3477373151109902 0.985883087982578 0.7303778850933842 0.8061822210290961 0.8135397006934451 0.6962659339223141 0.4151210291725125 0.17232420024901263 -0.003363495978461195 0.031194363051054275 0.0717719781695827 0.15582560948653335 0.3047588342072851 0.5034107851446947 0.6411963134043122 0.7778670720178154 0.9174362317112141 1.1221079387376367 1.1192095376577411 1.0121916516308538 0.8394023564832755 0.8681634133530016 0.7836638741776056 0.6260354462171698 0.2354201622190315 -0.16701168002790912 -0.45841246552195436 -0.7870465571961871 -1.0775555269733412
1.3457307297479861 1.4594372336515535 1.6522923824291738 1.7871795096088956 1.7577495909515015 1.748608479853372 1.5903111901052682 1.4569847404301042 1.2652443612985982 1.2739395645382823 1.4072660142134463 1.5956620844066123 1.29289064852221 0.9203346327911097 0.5571426820873606 0.7520044162279849 0.8287005678805874 0.8360580475449355 0.6469931155641016 0.44187550067923453 0.19774094818039778 0.11613981008489649 0.08693284535672507 0.12795636833369883 0.18458666635625942 0.30966382065018383 0.5092075873044841 0.6465472077056562 0.7020627360821043 0.8423007575631711 0.9033901341701851 0.9408463942795962 0.8340514621819315 0.7979329256478573 0.669511462415592 0.585011923240196 0.3540316525654976 0.1602846880709876 -0.24303896989284368 -0.7328687523950754 -1.2855715429381034 -1.578087098078262
