static/ASC_sea/1979/11/ERA5V/00.asc
ncols         201
nrows         201
xllcorner     105.0
yllcorner     0.0
cellsize      0.25
NODATA_value  -32767
[rows 114 to 132 of 201, columns 126 to 167 of 201]
-0.8305225733946102 -0.7841481561162924 -0.7513739285205583 -0.7333146602535208 -0.7295244434567354 -0.712356990906589 -0.6777991318770731 -0.6679891589912752 -0.6499298907242377 -0.6187163406330622 -0.5961979937815718 -0.5765780480099756 -0.5814830344528747 -0.5872798366126641 -0.6006570723660252 -0.6229524652882934 -0.659739863610036 -0.7139176684111477 -0.7397803242009786 -0.7705479664337087 -0.7886072347007458 -0.794849944718981 -0.7923974514975316 -0.7866006493377418 -0.8066665029677833 -0.8300766655361649 -0.866195202070239 -0.902759646462759 -0.9408847683598376 -0.9823541991952562 -1.0039807303298565 -1.036532003996368 -1.069306231592102 -1.105870675984622 -1.1402055810849148 -1.17387162439754 -1.2206919495343032 -1.246554605324134 -1.2655056893080623 -1.2753156621938602 -1.2768763396984188 -1.2739779386185242
-0.8305225733946102 -0.7886072347007458 -0.7651970721323642 -0.7504821128036672 -0.7373278309795293 -0.7172619773494877 -0.7114651751896979 -0.6967502158610013 -0.6733400532926193 -0.6541660153794688 -0.6494839828657923 -0.6376674246169904 -0.6488151210781243 -0.6434642267767803 -0.6621923568314854 -0.6938518147811061 -0.7201603784293829 -0.7598461778310202 -0.76898728892915 -0.811571489410682 -0.8193748769334759 -0.8173682915704719 -0.823611001588707 -0.8329750666160596 -0.860844307768895 -0.8838085624788312 -0.9228255000928005 -0.9671933320081139 -1.0117841178526503 -1.0463419768821658 -1.0726505405304425 -1.1029722749047273 -1.1288349306945582 -1.1653993750870781 -1.203970404842602 -1.240311895305899 -1.2813354182828727 -1.299840594408355 -1.3174539548169468 -1.3241425726936273 -1.3241425726936273 -1.3245884805520727
-0.8554934134675505 -0.8227191858718164 -0.7952958525774263 -0.7587314081849064 -0.7304162591736261 -0.7099044976851392 -0.7099044976851392 -0.7041076955253494 -0.7094585898266939 -0.7061142808883538 -0.7041076955253494 -0.6918452294181021 -0.7041076955253494 -0.6967502158610013 -0.7128028987650343 -0.7319769366781848 -0.7464689420776591 -0.7959647143650943 -0.7952958525774263 -0.8149157983490225 -0.812909212986018 -0.8182601072873625 -0.848135933803202 -0.860844307768895 -0.9063269093303217 -0.9424454458643963 -0.9810164756199202 -1.0142366110740997 -1.0503551476081743 -1.0849130066376897 -1.1083231692060713 -1.14065148894336 -1.1727568547514267 -1.2084294834270555 -1.2474464210410248 -1.2855715429381034 -1.3199064480383966 -1.3422018409606644 -1.358923385652366 -1.3647201878121553 -1.3680644967504958 -1.3832253639376382
-0.8826937928327174 -0.8412243619972988 -0.8091189961892327 -0.758285500326461 -0.7333146602535208 -0.7201603784293829 -0.7241735491553909 -0.7333146602535208 -0.7397803242009786 -0.7435705409977644 -0.7440164488562098 -0.7353212456165248 -0.7368819231210839 -0.7259571805891722 -0.7464689420776591 -0.7636363946278055 -0.7738922753720487 -0.7959647143650943 -0.7964106222235396 -0.8144698904905772 -0.8314143891115009 -0.8554934134675505 -0.878903576035932 -0.9056580475426537 -0.9477963401657408 -0.9774492127523575 -1.010669348206537 -1.049240377962061 -1.0762178033980052 -1.1221463128178777 -1.145110567527814 -1.1821209197787792 -1.2137803777284 -1.2436562042442394 -1.2768763396984188 -1.3085357976480396 -1.3372968545177657 -1.358923385652366 -1.3729694831933945 -1.3832253639376382 -1.4086421118690238 -1.429599781215956
-0.8780117603190414 -0.8338668823329503 -0.8086730883307873 -0.7631904867693602 -0.7475837117237725 -0.7553870992465663 -0.7620757171232468 -0.7754529528766079 -0.7812497550363973 -0.7772365843103892 -0.7796890775318386 -0.7645282103446962 -0.7567248228219023 -0.7538264217420076 -0.7598461778310202 -0.7723315978674901 -0.7886072347007458 -0.793512221143645 -0.8133551208444634 -0.8412243619972988 -0.8519261505999873 -0.8802412996112681 -0.9063269093303217 -0.9393240908552789 -0.9756655813185757 -1.0151284267909904 -1.047902654386725 -1.0771096191148959 -1.1040870445508406 -1.1377530878634654 -1.162500974007183 -1.2079835755686101 -1.2367446324383362 -1.271079537538629 -1.3027389954882498 -1.3306082366410852 -1.347552735262009 -1.366280865316714 -1.3896910278850956 -1.4066355265060198 -1.4374031687387498 -1.4788725995741685
-0.8456834405817526 -0.8202666926503666 -0.796856530081985 -0.7701020585752634 -0.766980703566146 -0.7832563403994017 -0.7964106222235396 -0.8091189961892327 -0.8164764758535812 -0.8124633051275727 -0.8066665029677833 -0.7910597279221956 -0.7825874786117337 -0.7837022482578471 -0.7832563403994017 -0.7915056357806409 -0.8080042265431193 -0.824279863376375 -0.8447916248648619 -0.8731067738761422 -0.8822478849742721 -0.9179205136499013 -0.9404388605013922 -0.970091733088009 -0.9966232506655079 -1.0356401882794772 -1.0623946597861988 -1.0922704863020383 -1.1221463128178777 -1.1522450932629398 -1.17721593333588 -1.2289412449155424 -1.256364578209932 -1.2969421933284604 -1.3286016512780812 -1.348221597049677 -1.3651660956706007 -1.3823335482207475 -1.4106486972320278 -1.4438688326862072 -1.4788725995741685 -1.5312667729414988
-0.8349816519790636 -0.8173682915704719 -0.8008697008079935 -0.7861547414792964 -0.7886072347007458 -0.7973024379404303 -0.809564904047678 -0.8207126005088119 -0.8276241723147151 -0.8354275598375089 -0.8260634948101564 -0.8218273701549257 -0.8158076140659132 -0.8111255815522367 -0.8189289690750305 -0.8285159880316058 -0.8423391316434121 -0.8588377224058905 -0.8842544703372766 -0.9105630339855528 -0.9359797819169384 -0.9678621937957819 -0.9819082913368109 -1.009331624631201 -1.0331876950580279 -1.0557060419095188 -1.0824605134162404 -1.1069854456307353 -1.1435498900232552 -1.1796684265573298 -1.2064228980640515 -1.2572563939268226 -1.2855715429381034 -1.325703250198186 -1.3486675049081223 -1.3680644967504958 -1.393035336823436 -1.409088019727469 -1.4467672337661024 -1.4931416510444202 -1.5386242526058473 -1.6006054449297529
-0.8309684812530556 -0.8329750666160596 -0.822273278013371 -0.8202666926503666 -0.8153617062074678 -0.8080042265431193 -0.8144698904905772 -0.8267323565978244 -0.8407784541388534 -0.8505884270246513 -0.8456834405817526 -0.8472441180863113 -0.8436768552187481 -0.8452375327233073 -0.8583918145474452 -0.8646345245656804 -0.878903576035932 -0.9076646329056581 -0.9364256897753838 -0.9642949309282192 -0.9937248495856132 -1.009331624631201 -1.0269449850397927 -1.0630635215738673 -1.0697521394505474 -1.0907098087974796 -1.1172413263749785 -1.1439957978817006 -1.1796684265573298 -1.212442654153064 -1.2534661771300373 -1.2982799169037964 -1.3277098355611905 -1.3627136024491513 -1.3885762582389822 -1.4126552825950318 -1.4360654451634134 -1.4639346863162488 -1.504289347505554 -1.5551228433683257 -1.612199049249332 -1.6683834394134478
-0.8441227630771935 -0.8436768552187481 -0.8452375327233073 -0.8436768552187481 -0.8436768552187481 -0.8394407305635174 -0.8398866384219628 -0.8447916248648619 -0.8592836302643359 -0.8724379120884742 -0.8715460963715835 -0.860844307768895 -0.8657492942117937 -0.8916119500016251 -0.8985235218075278 -0.9096712182686622 -0.9375404594214971 -0.970091733088009 -0.999967559603848 -1.027390892898238 -1.0516928711835103 -1.0811227898409044 -1.1016345513293908 -1.1005197816832775 -1.107877261347626 -1.1268283453315542 -1.1533598629090531 -1.1854652287171192 -1.2260428438356472 -1.2757615700523055 -1.323696664835182 -1.3553561227848028 -1.3836712717960835 -1.4081962040105784 -1.4385179383848632 -1.4648265020331395 -1.4935875589028655 -1.5321585886583895 -1.5838839002380514 -1.6293665017994785 -1.6884492930434893 -1.7343778024633618
-0.8563852291844412 -0.8666411099286844 -0.876896990672928 -0.8896053646386206 -0.8925037657185158 -0.8929496735769611 -0.8826937928327174 -0.8826937928327174 -0.8882676410632846 -0.8945103510815198 -0.9101171261271075 -0.9252779933142499 -0.9364256897753838 -0.9486881558826314 -0.9622883455652151 -0.9950625731609493 -1.023823630030675 -1.0487944701036156 -1.0775555269733412 -1.1054247681261766 -1.1263824374731088 -1.1361924103589067 -1.1509073696876038 -1.159156665068843 -1.1908161230184637 -1.2095442530731688 -1.2251510281187565 -1.2539120849884826 -1.2875781283011074 -1.3232507569767367 -1.3549102149263574 -1.3794351471408524 -1.4242488869146115 -1.4467672337661024 -1.4784266917157232 -1.5165518136128018 -1.5566835208728844 -1.6064022470895423 -1.659242328315318 -1.7261285070821226 -1.7646995368376466 -1.7954671790703767
-0.8653033863533484 -0.8748904053099236 -0.8858151478418352 -0.9326354729785984 -0.9277304865356992 -0.9350879662000477 -0.9297370718987032 -0.9355338740584931 -0.9486881558826314 -0.9589440366268747 -0.9765573970354664 -0.9966232506655079 -1.0195875053754442 -1.0496862858205063 -1.067299646229098 -1.0864736841422489 -1.105870675984622 -1.1288349306945582 -1.1497926000414904 -1.151353277546049 -1.1776618411943254 -1.1908161230184637 -1.2240362584726432 -1.2347380470753322 -1.2485611906871381 -1.2679581825295116 -1.2924831147440066 -1.3183457705338375 -1.3379657163054337 -1.3680644967504958 -1.418897992613267 -1.4345047676588547 -1.4672789952545888 -1.4935875589028655 -1.5337192661629482 -1.5805395912997113 -1.62200902213513 -1.663478452970549 -1.7056167455936357 -1.7774079108033392 -1.80572305981462 -1.8324775313213415
-0.8797953917528227 -0.9023137386043136 -0.9232714079512458 -0.970760594875677 -0.9696458252295637 -0.9990757438869573 -1.000859375320739 -1.012675933569541 -1.025384307535234 -1.040099266863931 -1.0619487519277535 -1.0889261773636982 -1.1152347410119745 -1.135300594642016 -1.1435498900232552 -1.1665141447331915 -1.17387162439754 -1.1883636297970144 -1.1972817869659216 -1.1992883723289256 -1.2387512178013402 -1.2470005131825794 -1.2739779386185242 -1.2944897001070106 -1.3178998626753922 -1.348221597049677 -1.366280865316714 -1.3725235753349492 -1.3959337379033308 -1.417560269037931 -1.4472131416245477 -1.4697314884760386 -1.5058500250101128 -1.5326044965168348 -1.5693918948385774 -1.6153204042584495 -1.6683834394134478 -1.7212235206392235 -1.7700504311389906 -1.8177625719926445 -1.8389431952687993 -1.8735010542983153
-0.9199270990129054 -0.9527013266086395 -0.9790098902569162 -1.0180268278708855 -1.0322958793411372 -1.063955337290758 -1.0902639009390342 -1.1063165838430673 -1.1210315431717643 -1.131733331774453 -1.145110567527814 -1.1694125458130862 -1.193268616239913 -1.2182394563128534 -1.228495337057097 -1.2505677760501426 -1.2559186703514866 -1.2621613803697218 -1.272417261113965 -1.288469944017998 -1.3163391851708335 -1.3277098355611905 -1.351119998129572 -1.3667267731751598 -1.3740842528395079 -1.397048507549444 -1.40083872434623 -1.4106486972320278 -1.4385179383848632 -1.459475607731795 -1.4915809735398615 -1.5198961225511418 -1.5502178569254266 -1.5731821116353628 -1.607294062806433 -1.6436355532697302 -1.6949149569909472 -1.760686366111638 -1.8128575855497457 -1.8422875042071398 -1.8612385881910676 -1.8984718943712555
-0.9819082913368109 -1.0155743346494357 -1.0552601340510734 -1.0864736841422489 -1.1118904320736345 -1.1455564753862593 -1.1698584536715315 -1.1830127354956699 -1.1972817869659216 -1.2133344698699546 -1.2293871527739877 -1.2481152828286928 -1.2630531960866125 -1.2953815158239013 -1.3154473694539428 -1.334844361296316 -1.3515659059880174 -1.3578086160062521 -1.3691792663966091 -1.3827794560791928 -1.3921435211065454 -1.402845309709234 -1.4115405129489185 -1.4200127622593803 -1.4291538733575107 -1.4389638462433085 -1.442754063040094 -1.4585837920149043 -1.4808791849371725 -1.5078566103731172 -1.543529239048746 -1.5644869083956783 -1.5907954720439546 -1.6191106210552353 -1.6596882361737633 -1.6958067727078379 -1.7377221114017019 -1.7988114880087167 -1.8353759324012366 -1.8578942792527275 -1.8886619214854576 -1.9370429241267795
-1.036532003996368 -1.0733194023181105 -1.1165724645873105 -1.1460023832447046 -1.1854652287171192 -1.2153410552329587 -1.2461086974656888 -1.2588170714313818 -1.2748697543354148 -1.2909224372394479 -1.301847179771359 -1.320352355896842 -1.334844361296316 -1.3618217867322606 -1.388130350380537 -1.4102027893735825 -1.4271472879945062 -1.4374031687387498 -1.448327911270661 -1.4512263123505558 -1.4512263123505558 -1.4501115427044424 -1.4467672337661024 -1.4565772066519003 -1.473521705272824 -1.4833316781586219 -1.5062959328685581 -1.5219027079141458 -1.549326041208536 -1.5796477755828207 -1.600159537071307 -1.620671298559794 -1.6454191847035116 -1.6674916236965571 -1.708069238815085 -1.744633683207605 -1.7869949297599144 -1.8382743334811313 -1.8726092385814241 -1.8960194011498057 -1.9345904309053297 -1.9814107560420928
-1.0717587248135518 -1.1063165838430673 -1.1489007843245997 -1.179222518698884 -1.2289412449155424 -1.2568104860683773 -1.2933749304608972 -1.3143325998078295 -1.3306082366410852 -1.3486675049081223 -1.3540183992094668 -1.3725235753349492 -1.39504192218644 -1.4126552825950318 -1.4472131416245477 -1.4706233041929293 -1.486230079238517 -1.496040052124315 -1.4906891578229704 -1.4947023285489789 -1.4775348759988325 -1.4717380738390426 -1.473521705272824 -1.4891284803184117 -1.5078566103731172 -1.5370635751012882 -1.5604737376696698 -1.5932479652654044 -1.6264681007195838 -1.6556750654477552 -1.6645932226166624 -1.6917936019818294 -1.7085151466735304 -1.7236760138606728 -1.758679780748634 -1.7954671790703767 -1.8329234391797868 -1.8853176125471172 -1.9301313523208763 -1.9580005934737112 -1.9945650378662312 -2.0355885608432045
-1.0971754727449374 -1.132402193562121 -1.17387162439754 -1.197727694824367 -1.2552498085638186 -1.281781326141318 -1.3241425726936273 -1.3457691038282276 -1.3638283720952646 -1.3832253639376382 -1.391028751460432 -1.40418303328457 -1.4267013801360608 -1.446321325907657 -1.4813250927956179 -1.4911350656814157 -1.5054041171516674 -1.5112009193114573 -1.504958209293222 -1.504958209293222 -1.4819939545832859 -1.4911350656814157 -1.5004991307087687 -1.515659997895911 -1.5419685615441874 -1.578087098078262 -1.6104154178155508 -1.645865092561957 -1.6797540898038048 -1.7065085613105264 -1.729918723878908 -1.752437070730399 -1.7626929514746421 -1.797250810504158 -1.8329234391797868 -1.8656976667755214 -1.902262111168041 -1.9423938184281235 -1.9867616503434373 -2.020427693656062 -2.065464387359044 -2.108940403557467
-1.1292808385530035 -1.1636157436532963 -1.199734280187371 -1.215786963091404 -1.2679581825295116 -1.3114341987279343 -1.351119998129572 -1.3758678842732897 -1.3934812446818814 -1.4081962040105784 -1.4238029790561662 -1.4345047676588547 -1.448327911270661 -1.4652724098915848 -1.4779807838572778 -1.4886825724599664 -1.500945038567214 -1.5067418407270035 -1.512092735028348 -1.5161059057543564 -1.5239092932771503 -1.5399619761811834 -1.5370635751012882 -1.568723033050909 -1.5990447674251937 -1.6211172064182393 -1.6440814611281755 -1.6703900247764523 -1.708069238815085 -1.740620512481597 -1.7725029243604404 -1.7890015151229188 -1.8173166641341991 -1.855887693889723 -1.8828651193256678 -1.91296389977073 -1.9530956070308125 -1.9907748210694458 -2.0413853630029943 -2.0810711624046316 -2.132796473984294 -2.1787249834041664
-1.1727568547514267 -1.193937478027581 -1.2300560145616557 -1.2802206486367589 -1.3167850930292788 -1.3618217867322606 -1.3798810549992977 -1.4037371254261246 -1.4262554722776155 -1.4385179383848632 -1.4521181280674464 -1.4643805941746941 -1.4808791849371725 -1.4886825724599664 -1.4891284803184117 -1.4964859599827602 -1.5058500250101128 -1.5219027079141458 -1.5439751469071914 -1.562034415174229 -1.5718443880600268 -1.600159537071307 -1.6215631142766846 -1.6429666914820622 -1.6561209733062006 -1.675295011219351 -1.6949149569909472 -1.713866040974875 -1.7381680192601472 -1.7597945503947474 -1.783204712963129 -1.8202150652140943 -1.8529892928098284 -1.8877701057685665 -1.9227738726565278 -1.9649121652796144 -2.0028143332474704 -2.033136067621755 -2.0946713520872153 -2.144613032233096 -2.204141731335552 -2.252522733976874
