static/ASC_sea/1979/11/ERA5V/00.asc
ncols         201
nrows         201
xllcorner     105.0
yllcorner     0.0
cellsize      0.25
NODATA_value  -32767
[rows 76 to 94 of 201, columns 42 to 83 of 201]
-0.9803476138322522 -0.8505884270246513 -0.699648616940896 -0.5342168014576663 -0.6347690235370957 -0.9364256897753838 -1.1196938195964283 -1.0775555269733412 -1.025384307535234 -0.901421922887423 -0.7295244434567354 -0.608460459888819 -0.5293118150147671 -0.4862817066747893 -0.4804849045149999 -0.4341104872366821 -0.39553945748115815 -0.47268151699220606 -0.9219336843759094 -1.40083872434623 -1.301178317983691 -1.067299646229098 -1.1395367192972468 -1.2064228980640515 -1.5883429788225052 -2.486401405731467 -3.5135501576603616 -3.948310319644591 -4.108837148684922 -4.212956633631914 -4.270478747371366 -4.337364926138171 -4.391988638797727 -4.416067663153777 -4.454192785050855 -4.5137214841533115 -4.613158936586628 -4.707468448647822 -4.771902134193177 -4.798210697841454 -4.79040731031866 -4.822289722197503
-1.0590503508478588 -0.906772817188767 -0.9145762047115609 -1.0438894836607164 -1.1435498900232552 -1.4345047676588547 -1.524801108994041 -1.3836712717960835 -1.0503551476081743 -0.7440164488562098 -0.5322102160946618 -0.4341104872366821 -0.3672243084698774 -0.2992233600569598 -0.2949872354017282 -0.2998922218446278 -0.2787115985684725 -0.3110399183057613 -0.6668743893451619 -0.9257239011726952 -0.9736589959555717 -1.1390908114388014 -1.4311604587205147 -1.690009970548048 -2.3626619750128786 -3.1409941419292604 -3.7480976912026227 -4.0941221893562245 -4.338925603642729 -4.4399237335806045 -4.473589776893229 -4.490757229443376 -4.539138232084698 -4.576594492194108 -4.59666034582415 -4.6430347631024675 -4.745147662686455 -4.804230453930466 -4.876467526998615 -4.9159303724710295 -4.919497635338592 -4.885162730238299
-0.7148094841280384 -0.6053391048797017 -0.7168160694910424 -0.970091733088009 -1.2354069088630002 -1.498046637487319 -1.512092735028348 -1.2900306215225572 -0.9003071532413096 -0.5297577228732124 -0.40089035178250265 -0.3201810294038916 -0.28606907823282146 -0.2909740646757202 -0.19822523011908455 -0.2651114088858897 -0.36477181524842806 -0.5170493489075194 -0.8193748769334759 -1.0189186435877762 -1.2494530064040288 -1.6260221928611385 -2.1185274225140422 -2.482388235005459 -3.1991851174563806 -3.7275859297141363 -4.02968850381087 -4.25085880159977 -4.503019695550623 -4.666890833529294 -4.744032893040342 -4.747600155907905 -4.684504193937886 -4.6987732454081375 -4.7114816193738305 -4.7504985569878 -4.838788312959982 -4.935996226101071 -4.9716688547767 -4.988836307326847 -5.001990589150985 -5.014030101329009
-0.7021011101623453 -0.7964106222235396 -0.9667474241496685 -1.189924307301573 -1.4710692120513746 -1.5054041171516674 -1.3355132230839843 -1.0200334132338895 -0.7431246331393186 -0.6441330885644483 -0.5723419233547449 -0.5478169911402495 -0.5794764490898703 -0.501888481720377 -0.3114858261642075 -0.5108066388892847 -0.7899449582760818 -1.0004134674622933 -1.1000738738248321 -1.1410973968018059 -1.2354069088630002 -1.2793288329198682 -1.4066355265060198 -1.691347694123384 -2.803218939156898 -3.5282651169890586 -4.0927844657808885 -4.540475955660034 -4.8227356300559485 -4.890067716681198 -4.96832454583836 -4.952048909005104 -4.866211646254372 -4.799325467487567 -4.821843814339058 -4.867103461971262 -4.917491049975588 -4.975459071573486 -5.086490128326381 -5.064863597191781 -5.077571971157473 -5.089388529406276
-0.4969834952774783 -0.6577332782470315 -0.9794557981153615 -1.4110946050904731 -1.5301520032953855 -1.4164454993918176 -1.238305309942895 -1.123929944251659 -0.9170286979330107 -0.8867069635587259 -0.8369882373420681 -0.8358734676959543 -0.9056580475426537 -0.9110089418439982 -0.812909212986018 -0.794849944718981 -0.9417765840767283 -0.823611001588707 -0.9424454458643963 -1.0844670987792444 -1.1152347410119745 -1.0849130066376897 -0.9495799715995221 -1.023823630030675 -1.8213298348602076 -2.7655397251182645 -3.604961268641661 -4.730878611216204 -5.116588908771443 -5.180576686458353 -5.172327391077114 -5.1337563613215895 -5.020049857418022 -4.935550318242625 -4.9159303724710295 -4.989282215185292 -5.033650047100606 -5.037663217826614 -5.1279595591618 -5.154268122810076 -5.183475087538247 -5.194845737928604
-0.6118047688271595 -0.7016552023039 -0.9881510013550461 -1.4278161497821742 -1.5776411902198166 -1.543529239048746 -1.554231027651435 -1.4447606484030984 -1.1796684265573298 -1.082014605557795 -0.9868132777797101 -0.8042140097463335 -0.8042140097463335 -0.8427850395018575 -1.0327417871995825 -1.0117841178526503 -0.9527013266086395 -0.8637427088487897 -1.0811227898409044 -1.0630635215738673 -1.0487944701036156 -0.9691999173711179 -0.8904971803555113 -0.974104903814017 -1.6195565289136806 -2.7211718932029507 -4.247068584802984 -5.414455358212946 -5.4213669300188485 -5.374992512740532 -5.38234999240488 -5.283581401759232 -5.142005656702829 -5.083368773317264 -5.031643461737602 -5.087827851901717 -5.145572919570392 -5.174333976440118 -5.22271497908144 -5.244564464145262 -5.272879613156543 -5.289601157848244
-0.8178141994289172 -0.9076646329056581 -1.2924831147440066 -1.7192169352762194 -1.8349300245427913 -1.708069238815085 -1.718771027417774 -1.567385309475573 -1.360261109227702 -1.2601547950067178 -1.175209347972876 -0.9921641720810541 -0.9219336843759094 -0.8452375327233073 -1.0269449850397927 -1.082014605557795 -1.0224859064553389 -1.069306231592102 -1.2407578031643443 -1.1098838467106305 -1.0516928711835103 -0.972098318451013 -1.1410973968018059 -1.2875781283011074 -1.7963589947872673 -2.866760808985362 -4.396447717382181 -5.731495845567599 -5.783221157147262 -5.66505557465924 -5.570746062598046 -5.472200425881621 -5.280683000679337 -5.196852323291608 -5.166976496775769 -5.179684870741462 -5.237875846268582 -5.284696171405345 -5.324604924736205 -5.3475691794461415 -5.344670778366247 -5.361838230916393
-0.8904971803555113 -1.3549102149263574 -1.766483168271428 -2.3900853083072686 -2.2016892381141027 -2.0420542247906623 -1.7129742252579843 -1.550663764783872 -1.3593692935108113 -1.0615028440693082 -0.9950625731609493 -1.354464307067912 -1.310988290869489 -1.0757718955395599 -0.9203730068713507 -0.9732130880971264 -0.9183664215083467 -0.9823541991952562 -1.1538057707674985 -1.0927163941604836 -1.0508010554666196 -1.093831163806597 -1.2748697543354148 -1.567385309475573 -2.104035417114568 -3.173322461666549 -4.7402426762435566 -6.080641698730319 -6.120104544202734 -5.914095113600975 -5.807523135432533 -5.663940805013127 -5.476436550536851 -5.3228212933024235 -5.302309531813937 -5.311004735053622 -5.331962404400554 -5.377890913820426 -5.393497688866014 -5.4287244096831975 -5.422927607523408 -5.420475114301958
-1.2744238464769695 -1.7397286967647059 -2.0966779374502194 -2.810130510962801 -2.4442631131083803 -2.1332423818427393 -1.8037164744516159 -1.5350569897382842 -1.251013683908588 -0.7890531425591911 -0.9712065027341223 -1.3315000523579759 -1.4403015698186445 -1.1522450932629398 -0.7886072347007458 -0.5362233868206703 -0.4813767202318906 -0.7054454191006858 -0.9551538198300893 -1.0262761232521247 -0.9671933320081139 -1.0102234403480916 -1.2764304318399735 -1.6532225722263054 -2.4306629234257966 -4.543820264598374 -6.114307742042944 -6.505368933899527 -6.2806313732430645 -6.083986007668659 -5.89781947676772 -5.7544601002775355 -5.654353786056552 -5.487361293068763 -5.4467836779502345 -5.403307661751812 -5.424265331098744 -5.447675493667125 -5.4447770925872305 -5.477105412324519 -5.491597417723994 -5.489144924502544
-1.7646995368376466 -2.096232029591774 -2.3651144682343284 -2.5385726251695746 -2.310044847716326 -2.0540937369686874 -1.7943524094242629 -1.5152140900374658 -1.232508507783105 -1.0425517600853804 -1.3150014615954975 -1.457469022368791 -1.443422924827762 -0.7984172075865441 -0.5830437119574334 -0.38416880709080115 -0.5337708935992209 -0.7837022482578471 -0.9092253104102168 -0.9576063130515386 -0.8423391316434121 -0.9930559877979452 -1.3569168002893615 -1.754443656093403 -2.833986581389628 -5.202649125451398 -6.667902348302862 -6.849609800619348 -6.311399015475795 -6.27282798572027 -6.061021752958723 -5.879314300642237 -5.75981099457888 -5.648334029967539 -5.622917282036154 -5.552240886472563 -5.500515574892901 -5.504305791689687 -5.515007580292375 -5.522365059956724 -5.5513490707556725 -5.561604951499916
-1.8799667182457727 -2.2197485063811397 -2.4627682892338627 -2.5024540886355 -2.2879724087232804 -2.037595146206209 -1.785211298326133 -1.5004991307087687 -1.2773222475568642 -1.17387162439754 -1.339749347739215 -1.3065292122850356 -1.0322958793411372 -0.3792638206479024 -0.44637295334392935 -0.6142572620486089 -0.8599524920520039 -0.9834689688413696 -0.9219336843759094 -1.1054247681261766 -1.3207982637552873 -1.5230174775602596 -1.8906685068484617 -2.316956419522229 -3.5913610789590775 -5.651455384976656 -6.953506331637118 -6.975578770630163 -6.600124353819167 -6.394114923217409 -6.153324679656913 -5.99502738990881 -5.923236224699106 -5.813542891521546 -5.75981099457888 -5.703626604414764 -5.6445438131707535 -5.601513704830776 -5.613330263079578 -5.627376360620607 -5.6391929188694085 -5.641645412090859
-1.8255659595154383 -1.9925584525032272 -2.1524164197558897 -2.269913140456243 -2.1131765282126977 -1.8706026532184201 -1.5736280194938082 -1.171865039034536 -0.5560662865214887 -0.2871838478789348 -0.45462224872516854 -0.6827041183199722 -0.851480242741542 -0.9859214620628194 -0.8842544703372766 -0.6621923568314854 -0.5596335493890519 -0.604447289162811 -0.7377737388379746 -1.0429976679438258 -1.3905828436019867 -1.8369366099057953 -2.4930900236081475 -3.420801323103726 -5.578995357979285 -7.068773513045244 -7.490156439276113 -7.027304082209826 -6.733450803494331 -6.440935248354172 -6.298244733651656 -6.175843026508404 -6.046752701488471 -5.978974707004776 -5.891576766749485 -5.839851455169823 -5.796821346829845 -5.76560779673867 -5.772965276403018 -5.781214571784258 -5.800834517555853 -5.784558880722598
-1.8353759324012366 -1.7827588051046837 -1.8866553361224532 -2.034696745126314 -1.9243345501610865 -1.6884492930434893 -1.352457721704908 -0.9237173158096912 -0.5380070182544516 -0.5288659071563218 -0.6777991318770731 -0.9248320854558045 -1.14065148894336 -1.3310541444995305 -0.8989694296659732 -0.6909534137012114 -0.6327624381740913 -0.7275178580937309 -1.0503551476081743 -0.9056580475426537 -1.3758678842732897 -2.8070091559536836 -4.485852243000476 -6.015093243538851 -7.099095247419529 -7.768625896875242 -7.481907143894873 -6.990739637817306 -6.804573106916367 -6.5628910476389795 -6.450076359452302 -6.310953107617349 -6.141062213549666 -6.147527877497123 -6.0527724575774835 -5.991683080970469 -5.939957769390807 -5.907629449653518 -5.9408495851076975 -5.92524281006211 -5.936613460452467 -5.923905086486774
-1.8402809188441354 -1.7725029243604404 -1.6683834394134478 -1.6699441169180065 -1.6815377212375862 -1.7123053634703163 -1.366280865316714 -1.0878114077175849 -0.9970691585239533 -1.0389844972178173 -1.1874718140801237 -1.448327911270661 -1.4784266917157232 -1.1616091582902923 -0.8013156086664388 -0.7324228445366301 -0.9257239011726952 -1.0586044429894135 -1.195721109461363 -1.233846231358441 -1.9798500785375341 -3.7826555502321386 -5.8489925662679525 -7.173784813709127 -7.779327685477931 -7.806528064843098 -7.5033107211002505 -7.0883934588168405 -6.832442348069201 -6.596557090951604 -6.4931064677922805 -6.409052836475329 -6.298913595439324 -6.240722619912204 -6.153324679656913 -6.102937091652587 -6.10984866345849 -6.061913568675614 -6.100038690572692 -6.103605953440255 -6.086884408748554 -6.0380574982487865
-1.9403872330651195 -1.768489753634432 -1.4976007296288736 -1.4345047676588547 -1.484892355663181 -1.5067418407270035 -1.0606110283524175 -0.91948119115446 -0.9087794025517715 -0.9749967195309077 -1.120585635313319 -1.4238029790561662 -1.4775348759988325 -1.0483485622451703 -0.8300766655361649 -0.8574999988305545 -1.1575959875642843 -1.4229111633392755 -1.3457691038282276 -1.6723966101394563 -3.163958396639197 -5.359385737694944 -7.353485680662608 -7.677660693752388 -7.995592996823932 -7.7949344605235185 -7.391164894701242 -7.035107469732619 -6.837793242370546 -6.694879773738807 -6.564005817285093 -6.436922077628164 -6.3711506685074735 -6.328120560167496 -6.2592277960376865 -6.237378310973864 -6.21619768769771 -6.214414056263928 -6.20794839231647 -6.207502484458025 -6.13481950353143 -6.0634742461801725
-1.8719403767937561 -1.6097465560278827 -1.46237400881169 -1.6581275586692046 -1.7134201331164296 -1.3319459602164212 -0.8407784541388534 -0.7393344163425333 -0.7495902970867765 -0.8164764758535812 -0.9863673699212647 -1.2679581825295116 -1.2293871527739877 -0.8202666926503666 -0.6668743893451619 -0.8476900259447566 -1.1533598629090531 -1.6610259597490993 -1.726574414940568 -2.4966572864757106 -5.159619017111421 -7.324278715934437 -7.807196926630766 -7.967277847812651 -7.961926953511307 -7.527835653314746 -7.194296575197614 -7.022845003625372 -6.829543946989307 -6.7075881477045 -6.569356711586437 -6.483296494906481 -6.432685952972934 -6.389655844632956 -6.3704818067198055 -6.350638907018986 -6.309169476183568 -6.321654896220037 -6.298913595439324 -6.180079151163635 -6.1040518612987 -5.972063135198873
-1.663478452970549 -1.4947023285489789 -1.7109676398949802 -1.9076130054693854 -1.7368302956848112 -1.2777681554153095 -0.9413306762182829 -0.8695395110085795 -0.8748904053099236 -0.9555997276885346 -1.1259365296146635 -1.1616091582902923 -1.0229318143137842 -0.6401199178384398 -0.754941191388121 -0.9355338740584931 -0.8617361234857857 -1.3060833044265903 -2.333900918143153 -4.330453354332268 -6.917387795103043 -7.837295707075828 -8.32132868741827 -7.973074649972441 -7.755917522909549 -7.2948487972770435 -7.09419026097663 -6.922292781545942 -6.826645545909412 -6.703129069120046 -6.598117768456163 -6.5648976330019835 -6.514732998926879 -6.478391508463583 -6.4589945166212095 -6.431125275468375 -6.398796955731085 -6.353983215957326 -6.236709449186196 -6.118097958839729 -5.97518449020799 -5.820677417256672
-1.6737343337147923 -1.726574414940568 -1.9510890216678085 -1.9107343604785028 -1.7250137374360093 -1.3939271525403267 -1.2240362584726432 -1.1567041718473936 -1.0655160147953167 -1.1522450932629398 -1.1299497003406715 -1.0902639009390342 -0.9384322751383882 -0.7645282103446962 -0.9393240908552789 -0.8797953917528227 -0.7694331967875954 -1.6790852280161368 -3.5893544935960735 -6.26948367678193 -7.779327685477931 -8.620532860435109 -8.346745435349655 -7.959474460289858 -7.4966221032235705 -7.217706737765996 -7.006346412862893 -6.886620152870313 -6.7954319958182365 -6.749503486398364 -6.681056630127001 -6.639141291433136 -6.5883077955703655 -6.552635166894736 -6.509828012483981 -6.4730406141622385 -6.413511915059782 -6.289103622553526 -6.157783758241367 -6.036050912885782 -5.899826062130724 -5.726144951266255
-2.0420542247906623 -2.108271541769799 -2.178279075545721 -2.0770579916786236 -1.8382743334811313 -1.594139780982295 -1.4287079654990649 -1.2987258247622417 -1.1743175322559853 -1.0873654998591396 -1.0131218414279863 -0.8441227630771935 -0.7665347957077002 -0.8055517333216695 -0.8543786438214371 -0.8100108119061233 -1.8300250380998921 -3.155263193399512 -5.853451644852406 -7.860928823573432 -8.737360719347794 -8.632795326542357 -8.28565605874264 -7.799393539107972 -7.256277767521519 -7.139226954679612 -6.987395328878965 -6.885728337153422 -6.831550532352311 -6.752401887478259 -6.702683161261601 -6.677266413330215 -6.630891996051897 -6.573146928383222 -6.532123405406249 -6.440935248354172 -6.314966278343357 -6.228460153804956 -6.07328421906597 -5.9462004794090415 -5.853897552710851 -5.724584273761696
