static/ASC_sea/1979/11/ERA5V/00.asc
ncols         201
nrows         201
xllcorner     105.0
yllcorner     0.0
cellsize      0.25
NODATA_value  -32767
[rows 57 to 75 of 201, columns 0 to 41 of 201]
-0.11082728986379387 -0.27246888855023776 -0.51459685568607 -0.6987568012240053 -0.346712546981391 -0.5600794572474972 -0.7988631154449894 -1.1859111365755646 -1.085358914496135 -1.010669348206537 -0.9032055543212043 -0.8954021667984104 -0.7446853106438778 -0.6318706224572006 -0.6332083460325366 -0.8017615165248841 -1.0117841178526503 -1.123929944251659 -1.1361924103589067 -1.3705169899719452 -1.3319459602164212 -1.504958209293222 -1.5644869083956783 -1.8373825177642407 -1.4324981822958507 -0.8164764758535812 -0.2885215714542708 -0.37257520277122147 -0.51125254674773 -1.0664078305122073 -1.0956147952403787 -0.906772817188767 -1.0942770716650427 -1.2494530064040288 -1.1874718140801237 -0.6967502158610013 -0.265557316744335 -0.252848942778642 -0.1957727368976352 -0.10592230342089426 0.059063604203889675 0.03364685627250452
-0.134237452432175 -0.25106531134486065 -0.44392046012248 -0.6572873703885862 -0.5547285629461527 -0.45707474194661835 -0.5814830344528747 -0.7377737388379746 -0.7279637659521767 -0.796856530081985 -0.8838085624788312 -0.9417765840767283 -0.8543786438214371 -0.7573936846095704 -0.7328687523950754 -0.7841481561162924 -0.9116778036316662 -1.1480089686077086 -1.4877907567430757 -1.8714944689353108 -1.9038227886725996 -1.4906891578229704 -1.4246947947730568 -1.241649618881235 -0.6327624381740913 -0.07961373977261843 -0.4575206498050637 -0.8071124108262286 -0.9179205136499013 -0.860844307768895 -1.0503551476081743 -1.269072952175625 -1.8315857156044508 -1.7577879650317434 -1.1908161230184637 -0.5527219775831487 -0.21539268266923095 -0.30412834649985854 -0.20223840084509348 -0.07916783191417309 0.07132607031113736 0.009344877987231826
-0.6240672349344067 -0.6118047688271595 -0.6728941454341739 -0.659071001822368 -0.5576269640260478 -0.5536137933000393 -0.538452926112897 -0.6196081563499534 -0.8158076140659132 -0.7315310288197394 -0.793512221143645 -0.9130155272070022 -0.9937248495856132 -1.0097775324896463 -1.2084294834270555 -1.3178998626753922 -1.2079835755686101 -1.1460023832447046 -1.4151077758164816 -1.6269140085780291 -1.5038434396471088 -1.0356401882794772 -0.7386655545548653 -0.41203804824363655 -0.003809403836906533 -0.02142276424549827 -0.6401199178384398 -1.2630531960866125 -1.4857841713800717 -1.4271472879945062 -1.4217963936931621 -1.4951482364074242 -1.504289347505554 -1.0389844972178173 -0.5469251754233588 -0.2236419780504706 -0.01941617888249425 -0.05798720863801776 -0.04104271001709403 0.009790785845677163 0.03855184271540324 0.01915485087303015
-1.3080898897895943 -1.0429976679438258 -0.901421922887423 -0.7235046873677229 -0.4407991051133626 -0.16901826539091314 -0.028780243909846348 -0.1005714091195502 -0.4608649587434037 -0.2744754739132418 -0.1850709482949462 -0.25396371242475535 -0.5781387255145343 -1.2534661771300373 -1.5301520032953855 -1.5205649843388098 -1.3335066377209799 -1.267066366812621 -1.3065292122850356 -1.2982799169037964 -1.1538057707674985 -0.9912723563641634 -0.8398866384219628 -0.6650907579113801 -0.5190559342705239 -0.7656429799908095 -1.030735201836578 -1.2362987245798909 -1.380326962857743 -1.2904765293810025 -1.0429976679438258 -0.7290785355982901 -0.28606907823282146 0.15002880732674395 0.35603823792850164 0.3192508396067595 0.13130067727203887 0.007784200482673143 -0.016517777802599554 0.01670235765158079 0.05861769634544434 0.054604525619436295
-0.11082728986379387 -0.19332024367618583 -0.23590444415771827 -0.17325439004614474 -0.4095855550221872 -0.5444726822019095 -0.5342168014576663 -0.717707885207933 -1.0804539280532364 -1.0655160147953167 -1.122592220676323 -1.2095442530731688 -1.1981736026828123 -1.3294934669949718 -1.3794351471408524 -1.104532952409286 -0.8334209744745049 -0.5825978040989881 -0.018970271024048913 0.3368642000153512 0.45614455214948624 0.2777814087713404 0.18213417313481006 -0.0727021679667148 -0.19822523011908455 -0.6675432511328299 -1.0405451747223764 -1.2367446324383362 -1.098067288461828 -0.5707812458501857 -0.14984422747776271 0.22271178825333848 0.2855847962941347 0.07712287247092675 -0.10302390234099956 -0.16299850930190107 -0.07760715440961441 -0.026773658546842327 -0.0176325474487129 0.023836883386706198 0.0517061245395416 0.06976539280657867
0.07467037924947739 -0.027219566405287665 -0.002917588120015857 0.12149070438624054 -0.02142276424549827 -0.22743219484725596 -0.13379154457372966 -0.20513680192498818 0.1631830891508823 -0.13468336029062034 -0.4896260156131298 -1.267066366812621 -1.4668330873961435 -1.5870052552471692 -1.4750823827773827 -1.2128885620115093 -0.8120173972691274 0.25303352262762324 0.7020627360821043 0.784778643823719 0.5526836035029072 0.15381902412352932 0.02539756089126488 -0.11818476952814194 -0.15229672069921207 -0.18841525723328711 -0.5638696740442826 -0.8247257712348204 -0.8920578578600704 -0.5420201889804601 -0.3915262867551501 -0.17035598896624915 -0.2885215714542708 -0.4100314628806325 -0.49519986384369696 -0.29253474218027886 -0.1485065039024267 -0.08005964763106377 -0.022983441750056954 0.017594173368471466 0.03230913269716851 0.079575365692377
-0.33980097517548735 -0.3823851756570198 -0.45841246552195436 -0.44280569047636664 -0.5638696740442826 -0.7045536033837951 -0.2929806500387242 0.12349728974924457 0.484459701160767 0.44477390175912923 0.31791311603142347 0.026958238395823564 -0.14739173425631336 -0.22163539268746657 -0.13334563671528432 0.03855184271540324 0.23497425436058617 0.6871248228241846 0.5785462592927386 -0.18953002687940046 -0.44481227583937066 -0.6532741996625782 -0.49074078525924314 -0.156309891425221 -0.08162032513562245 -0.07024967474526544 -0.22408788590891593 -0.3886278856752545 -0.4407991051133626 -0.46287154410640774 -0.7353212456165248 -0.8394407305635174 -0.9647408387866645 -0.7489214352991085 -0.5424660968389055 -0.37547360385111705 -0.2343437666531596 -0.14739173425631336 -0.06043970185946712 0.014249864430130543 0.041450243795297936 0.06731289958512932
-0.26667208639044837 -0.3910803788967048 -0.8490277495200926 -0.9975150663823986 -1.0278368007566834 -0.9589440366268747 -0.4775865034351048 -0.5203936578458599 -0.14404742531797332 -0.05865607042568577 0.19484254710050308 0.261282818008862 0.32727718105877557 0.30721132742873447 0.2940570456045961 0.3462282650427042 0.34087737074135926 0.01714826551002613 -0.5244068285718679 -0.915468020428452 -0.7578395924680157 -0.6566185086009182 -0.8008697008079935 -0.5473710832818042 -0.43054322436911896 -0.30702674757975323 -0.38127040601090645 -0.28116409178992274 -0.24749804847729706 -0.3509486716366217 -0.5395676957590103 -0.9306288876155944 -1.0180268278708855 -0.8013156086664388 -0.5375611103960063 -0.38283108351546513 -0.2713541189041244 -0.1679034957447998 -0.0927680215967559 -0.002471680261570519 0.045909322379751316 0.05571929526554964
0.013135094784017198 -0.2773738749931365 -0.8091189961892327 -0.8267323565978244 -0.8563852291844412 -0.6757925465140691 -0.3944246878350448 -0.5174952567659648 -0.7738922753720487 -0.7426787252808733 -0.5288659071563218 -0.43745479617502214 -0.3710145252666628 -0.3993296742779435 -0.45841246552195436 -0.5030032513664908 -0.5625319504689466 -0.8871528714171713 -0.9203730068713507 -0.9121237114901115 -0.6512676142995741 -0.7602920856894655 -0.9052121396842083 -1.0463419768821658 -1.0429976679438258 -0.9056580475426537 -0.7290785355982901 -0.6126965845440502 -0.4686683462661976 -0.5536137933000393 -0.7246194570138362 -0.6410117335553305 -0.6791368554524091 -0.6060079666673697 -0.5116984546061754 -0.3565225198671884 -0.2729147964086831 -0.16834940360324513 -0.0976730080396555 -0.02833433605140101 0.019600758731475487 0.03855184271540324
-0.03034092141440503 -0.3623193220269787 -0.5072393760217215 -0.49809826492359166 -0.648369213219679 -0.5667680751241777 -0.4760258259305461 -0.4800389966565546 -0.7368819231210839 -0.8334209744745049 -0.8724379120884742 -0.8198207847919212 -0.7616298092648015 -0.7808038471779519 -0.9462356626611821 -0.851480242741542 -0.8568311370428865 -0.9310747954740397 -0.8383259609174041 -0.8711001885131382 -0.8735526817345876 -0.9937248495856132 -0.8867069635587259 -1.0565978576264095 -1.2276035213402063 -1.2773222475568642 -1.093162302018929 -0.9257239011726952 -0.7758988607350532 -0.8013156086664388 -0.7041076955253494 -0.6118047688271595 -0.512590270323066 -0.4443663679809253 -0.38907379353369986 -0.3652177231068734 -0.2963249589770651 -0.20892701872177355 -0.1141715988021339 -0.04773132789377499 -0.01696368566104489 0.001987398322883749
-0.2880756635958255 -0.3696768016913268 -0.4325498097321234 -0.6068997823842603 -0.8760051749560374 -0.9852526002751514 -0.9125696193485568 -0.8525950123876558 -0.7874924650546324 -0.6249590506512974 -0.4775865034351048 -0.3192892136870009 -0.3065808397213079 -0.6508217064411288 -0.8267323565978244 -0.324640107988345 -0.24170124631750767 -0.3652177231068734 -0.5482628989986948 -0.9716524105925677 -1.1674059604500822 -1.193937478027581 -0.9888198631427141 -0.8046599176047788 -0.9535931423255302 -1.078670296619455 -0.9658556084327778 -0.8383259609174041 -0.8510343348830967 -0.7070060966052445 -0.5982045791445758 -0.5199477499874146 -0.4657699451863029 -0.39643127319804883 -0.3451518694768323 -0.33980097517548735 -0.3402468830339327 -0.25396371242475535 -0.14538514889330933 -0.09432869910131547 -0.06645945794848007 -0.04594769645999275
-0.24549146311429304 -0.5116984546061754 -0.8008697008079935 -0.9564915434054253 -0.8325291587576142 -0.28116409178992274 0.1738848777535713 0.22605609719167852 0.22271178825333848 0.3150147149515288 0.5332866116605341 0.6133270722514768 0.2383185632989262 -0.38773606995836385 -0.8519261505999873 -0.8813560692573814 -0.8724379120884742 -0.8476900259447566 -0.8452375327233073 -0.766980703566146 -0.8978546600198598 -1.0644012451492033 -1.203970404842602 -1.2646138735911712 -0.9906034945764954 -0.715701299844929 -0.5732337390716356 -0.6138113541901635 -0.7357671534749706 -0.6860484272583123 -0.5687746604871817 -0.48093081237344526 -0.4443663679809253 -0.38483766887846915 -0.3221876147668956 -0.2880756635958255 -0.26466550102744435 -0.2992233600569598 -0.24259306203439834 -0.18261845507349683 -0.13044723563538962 -0.08875485087074786
-0.07470875332971882 -0.48093081237344526 -0.9212648225882414 -1.0824605134162404 -0.901421922887423 -0.38483766887846915 -0.005815989199910554 0.07132607031113736 0.10120189682697678 0.19573436281739376 0.31880493174831415 0.3150147149515288 0.26462712694720203 0.07132607031113736 -0.26176709994754876 -0.7295244434567354 -0.7241735491553909 -0.5825978040989881 -0.4316579940152323 -0.31839739797011024 -0.09076143623375188 -0.10436162591633558 -0.23969466095450365 -0.403342845003952 -0.5415742811220148 -0.7495902970867765 -0.8271782644562697 -0.7857088336208511 -0.6240672349344067 -0.44637295334392935 -0.23969466095450365 -0.10213208662410889 -0.08541054193240782 -0.23523558237005027 -0.3324434955111393 -0.3979919507026075 -0.4086937393052965 -0.36477181524842806 -0.2787115985684725 -0.20692043335876953 -0.15965420036356104 -0.13758176137051503
-0.2713541189041244 -0.5362233868206703 -0.9736589959555717 -1.145110567527814 -1.0282827086151287 -0.9350879662000477 -0.8320832508991689 -0.697642031577892 -0.621168833854512 -0.555174470804598 -0.6274115438727472 -0.5970898094984625 -0.45462224872516854 -0.1371358535120697 -0.025435934971506313 0.045909322379751316 0.1353138479980469 0.18659325171926344 -0.012727561005813293 -0.5141509478276247 -0.7168160694910424 -0.5219543353504186 -0.31973512154544625 -0.02432116532539297 -0.11283387522679789 -0.5170493489075194 -0.9003071532413096 -0.9810164756199202 -0.6024407037998065 -0.2836165850113721 -0.08451872621551715 0.026958238395823564 0.030748455192608937 0.07266379388647337 -0.1650050946649051 -0.33043691014813525 -0.4423597826179213 -0.3866213003122505 -0.31839739797011024 -0.25686211350465005 -0.2113795119432229 -0.18395617864883285
-0.6352149313955411 -1.0590503508478588 -1.3647201878121553 -1.5004991307087687 -1.366280865316714 -1.1972817869659216 -1.1274972071192222 -1.104532952409286 -1.0425517600853804 -0.9671933320081139 -0.9018678307458683 -0.8247257712348204 -0.5888405141172233 -0.28027227607303207 0.022053251952924846 0.15471083984042 0.24946625976005965 0.25236466083995523 0.050368400964205584 -0.3179514901116649 -0.5854962051788828 -0.43121208615678697 -0.251511219203306 -0.1679034957447998 -0.3045742543583039 -0.22408788590891593 -0.4833833055948946 -0.5293118150147671 -0.42630709971388825 -0.1313390513522803 0.00399398368588777 0.061070189566893696 -0.15029013533620805 -0.12977837384772162 -0.2142779130231176 -0.20692043335876953 -0.24749804847729706 -0.22163539268746657 -0.2593146067260994 -0.22988468806870532 -0.23590444415771827 -0.21873699160757187
-1.0244924918183433 -1.5312667729414988 -1.7689356614928773 -1.7172103499132154 -1.5678312173340183 -1.341755933102219 -1.1981736026828123 -1.195721109461363 -1.2084294834270555 -1.1435498900232552 -1.0418828982977124 -0.9745508116724624 -0.7377737388379746 -0.4227398368463251 -0.11238796736835255 0.12795636833369883 0.24612195082171962 0.24322354974182492 0.10298552826075813 -0.03948203251253535 -0.07604647690505484 -0.02432116532539297 0.10989710006666176 -0.13223086706917098 -0.20803520300488287 -0.13579812993673368 -0.17325439004614474 -0.24303896989284368 -0.32129579905000494 -0.17325439004614474 -0.03457704606963663 -0.048400189681442995 -0.21962880732446255 -0.3759195117095624 -0.39687718105649417 -0.3788179127894571 -0.2671179942488937 -0.18395617864883285 -0.13958834673351905 -0.07604647690505484 -0.07760715440961441 -0.011612791359699948
-1.391028751460432 -1.8202150652140943 -1.9461840352249093 -1.894458723645247 -1.7328171249588031 -1.5054041171516674 -1.292929022602452 -1.1607173425734016 -1.17387162439754 -1.1230381285347684 -1.080008020194791 -1.0077709471266418 -0.7651970721323642 -0.4486024926361565 -0.27336070426712844 -0.15341149034532542 -0.07849897012650509 -0.18953002687940046 -0.3110399183057613 -0.13468336029062034 0.13665157157338292 0.18302598885170074 0.06798176137279732 -0.1514049049823214 -0.10748298092545294 -0.22408788590891593 -0.26176709994754876 -0.33980097517548735 -0.3295450944312446 -0.2142779130231176 -0.22743219484725596 -0.24125533845906233 -0.18462504043650085 -0.3286532787143539 -0.43054322436911896 -0.5346627093161116 -0.42764482328922426 -0.3438141459014963 -0.2684557178242297 -0.20313021656198416 -0.0805055554895091 0.008898970128786488
-1.6523307565094147 -1.947744712729468 -2.0708152816603884 -2.015076799354718 -1.8534352006682737 -1.543529239048746 -1.2973881011869057 -1.1497926000414904 -1.0795621123363457 -1.0249383996767887 -1.043443575802271 -0.9502488333871901 -0.7070060966052445 -0.5096918692431709 -0.38773606995836385 -0.39843785856105285 -0.5747944165761942 -0.6856025193998669 -0.7148094841280384 -0.49609167956058764 -0.22988468806870532 -0.18105777756893815 -0.29677086683551046 -0.2778197828515818 -0.1850709482949462 -0.3431452841138283 -0.4271989154307789 -0.5072393760217215 -0.3730211106296668 -0.3299910022896899 -0.3516175334242897 -0.36856203204521343 -0.2700163953287884 -0.29833154434006914 -0.5059016524463855 -0.6102440913226004 -0.621168833854512 -0.5707812458501857 -0.5458104057772455 -0.5634237661858372 -0.4407991051133626 -0.28606907823282146
-1.7988114880087167 -1.9896600514233325 -2.06680211093438 -2.0083881814780375 -1.7881096994060282 -1.4102027893735825 -1.1972817869659216 -1.1107756624275211 -1.040099266863931 -0.876896990672928 -0.8345357441206183 -0.7328687523950754 -0.6240672349344067 -0.43745479617502214 -0.40178216749939333 -0.4403531972549173 -0.6401199178384398 -0.5462563136356908 -0.5756862322930849 -0.46197972838951706 -0.3750276959926717 -0.3052431161459719 -0.28406249286981744 -0.1757068832675941 -0.2738066121255738 -0.3623193220269787 -0.4443663679809253 -0.5433579125557961 -0.4804849045149999 -0.5014425738619317 -0.5210625196335279 -0.5380070182544516 -0.5589646876013838 -0.5732337390716356 -0.7495902970867765 -0.7451312185023231 -0.7645282103446962 -0.7393344163425333 -0.7821415707532879 -0.823611001588707 -0.8231650937302617 -0.6835959340368629
