static/ASC_sea/1979/08/ERA5V/00.asc
ncols         201
nrows         201
xllcorner     105.0
yllcorner     0.0
cellsize      0.25
NODATA_value  -32767
[rows 38 to 56 of 201, columns 43 to 85 of 201]
0.10245698925893398 0.0003770972579575371 -0.01582378447815236 0.04869300119662201 0.09070059720264201 0.16396299160221917 0.22833640664216093 0.23034359552982053 0.20396339872057956 0.20539710506890785 0.14733199796161056 0.08381880673066577 0.12195539559619917 0.18833599952380053 0.2620285058278764 0.2776559050246554 0.22790629473766266 0.15120300510209717 0.23034359552982053 0.39048859463809427 0.56339358024649 0.6135733024379815 0.6048276937131787 0.5569419016790125 0.45013077872855245 0.3245381026149916 0.17514590111918027 0.19077330031595885 0.21227889554088364 0.18303128603498608 0.14245739637729438 0.09070059720264201 0.08195498847783922 0.11163270988823548 0.12926729797267367 0.16338950906288785 0.15177648764142848 0.15665108922574467 0.17901690825966643 0.16009198446173256 0.14833559240544059 0.1160771995680534 0.14045020748963477
0.1268299971805158 -0.006504693214018253 -0.024999505107453857 -0.00019638528137377875 0.042384693263977535 0.0775104987980213 0.020879098039052746 0.02288628692671235 0.04037750437631793 0.06044939325291443 0.0028143980501158516 -0.022132092410797277 0.03163189565151514 0.0882632964104837 0.0960053106914569 0.09657879323078822 0.10188350671960267 0.19908879713626337 0.3309897811824687 0.46475458348150145 0.4710628914141459 0.48769388505475453 0.3655421041771816 0.22102450426568643 0.10575451386008927 0.08281521228683619 0.1087652971915789 0.13170459876483198 0.1361490884446499 0.13557560590531859 0.09514508688245993 0.10001968846677611 0.08725970196665411 0.12052168924787088 0.14876570430993885 0.19034318841146058 0.17371219477085198 0.08582599561832582 0.06632758928106064 0.04424851151680409 0.06919500197771722 0.01844179724689443 0.05600490357309651
0.17858679635516816 0.08381880673066577 0.01299371312324693 0.043818399612305825 0.08525251307899451 0.12439269638835748 0.020879098039052746 -0.004497504326358648 0.0028143980501158516 0.06044939325291443 0.06188309960124272 0.06776129562938893 0.09113070910714027 0.060879505157412694 0.05313749087643993 0.08281521228683619 0.11994820670853956 0.17758320191133814 0.348050886727576 0.3636782859243546 0.3533556002163909 0.3162226057946871 0.17614949556300985 0.06145298769674401 -0.03388848446708925 0.029624706763855535 0.058442204365254824 0.06962511388221548 0.03019818930318685 0.09844261148361477 0.17815668445066946 0.22747618283316395 0.21715349712519982 0.20840788840039748 0.18933959396763056 0.17614949556300985 0.060879505157412694 -0.053817002708853146 -0.12363850187244241 -0.10758099077116512 -0.06600350666964383 -0.005501098770188673 0.028191000415527245
0.03263549009534472 -0.032311407483928356 -0.005501098770188673 0.058012092460756115 0.13457201146148856 0.20439351062507782 0.23278089632197885 0.23034359552982053 0.22546899394550435 0.20984159474872577 0.19564790190027503 0.19321060110811716 0.18346139793948435 0.17657960746750856 0.19034318841146058 0.251275708215414 0.27235119153584053 0.264035694715536 0.2644658066200347 0.23765549790629503 0.19951890904076164 0.1542137884335868 0.0868295900621554 0.08625610752282409 0.08725970196665411 0.10288710116343269 0.14145380193346435 0.17414230667535024 0.21715349712519982 0.28898218517644914 0.4095568890708612 0.44267550571724534 0.42518428826763977 0.3655421041771816 0.25772738678289153 0.12381921384902617 -0.009372105910674833 -0.09725830506320143 -0.1398393836085523 -0.09682819315870272 -0.024999505107453857 0.029194594859356826 0.060879505157412694
-0.12263490742861238 -0.19403348357536299 -0.10614728442283683 -0.0059312106746869375 0.0882632964104837 0.20252969237225127 0.2898424089854461 0.3460436978399164 0.3856139930537781 0.41729890335183395 0.40754970018320114 0.36855288750867077 0.416438679542837 0.42805170096429634 0.44324898825657666 0.4925684866390707 0.45199459698137945 0.3543591946602205 0.23278089632197885 0.20496699316440914 0.13901650114130648 0.07464308610136472 0.0813815059385079 0.19865868523176466 0.2557201978952319 0.23378449076580843 0.38604410495827635 0.5560816778700155 0.7073376976186538 0.6248995825897752 0.4984466826672169 0.3192333891261767 0.15263671145042546 0.02431999327504064 -0.09826189950703101 -0.21052110658113854 -0.27260059146375504 -0.30184820096965304 -0.26672239543560883 -0.09682819315870272 -0.03288489002325967 0.03994739247181922 0.1087652971915789
-0.20478628118782538 -0.12177468361961541 -0.028440400343441752 0.07120219086537682 0.17471578921468156 0.2879785907326191 0.362674691480525 0.45744268110502695 0.6277669952864318 0.7537897833044913 0.7889155888385351 0.7142194880906296 0.7976611975633379 0.8280557721478985 0.834364080080543 0.6932873754050362 0.5593792024711708 0.43493349143627213 0.2792329820078163 0.20984159474872577 0.10733159084325061 0.007688999634432037 0.08381880673066577 0.3089107034182126 0.5061886969481901 0.5398807961339056 0.6385197928988942 0.6770864936689263 0.7152230825344597 0.4871204025154232 0.292279709777604 0.11650731147255167 -0.027436805899611727 -0.16077149629414578 -0.27503789225591335 -0.3789816025097168 -0.5401301960618201 -0.6090914714164124 -0.5417072730449815 -0.24034219862636785 -0.10858458521499514 -0.003493909882529067 0.05313749087643993
-0.1505921812210147 -0.05869160429316933 0.058442204365254824 0.18790588761930227 0.3021722835810694 0.3821730978177902 0.47307008030180553 0.5823185040444239 0.8757981935472317 1.01744838076207 1.048273067251129 0.9636843926997578 0.9754407847560502 0.9837562815763543 0.8899918863956819 0.7375889015683814 0.5965121968928742 0.44668988349256455 0.2952904931090936 0.25959120503571853 0.24697458917042914 0.20252969237225127 0.32109720737900327 0.4978732001278856 0.6736455984329379 0.7180904952311162 0.6585916817754907 0.6580181992361593 0.5037513961560318 0.3314198930869674 0.15507401224258377 -0.0016300916297020684 -0.1656460978784624 -0.28722439621670404 -0.3756840779085615 -0.4713122913420609 -0.6695938793158676 -0.787301170513623 -0.7193434896028608 -0.3414184961835147 -0.11345918679931133 -0.015250301938821043 -0.012813001146663172
-0.04750869477620823 0.062313211505740984 0.19951890904076164 0.3294127041993078 0.42274698747548145 0.45299819142520903 0.5345760826450907 0.627336883381933 0.8714970745022468 0.9774479736437098 0.9847598760201843 0.9305657760533737 0.9622506863514295 0.9837562815763543 0.9031819848003027 0.7811735745575623 0.6160106032301393 0.46575817792533103 0.335290900227454 0.3255416970588212 0.3309897811824687 0.46661840173432845 0.5823185040444239 0.7093448865063134 0.7010293896860089 0.7049003968264955 0.6366559746460672 0.5321387818529324 0.38461039860994806 0.23966268679395464 0.051130301988780325 -0.10901469711949341 -0.28378350098071614 -0.369232399341084 -0.45812219293744016 -0.517190894488567 -0.5703814000115477 -0.6314572904503342 -0.49038058577482735 -0.22915928910940675 -0.0684408074618017 -0.04163049874806246 -0.04120038684356375
0.08926689085431372 0.20439351062507782 0.3348607883229553 0.41543508509900695 0.4998803890155452 0.5106331866280076 0.4905612977514111 0.5838955810275852 0.6990222007983493 0.7152230825344597 0.7229650968154324 0.7405996848998706 0.857303381653796 0.8788089768787213 0.926694768912887 0.8045429880353141 0.6322114849662497 0.4724965977624742 0.3514917819635639 0.335290900227454 0.403678693042715 0.5388772016900756 0.6439678770225417 0.6512797793990162 0.6423908000393808 0.592641189752388 0.5325688937574311 0.42762158905979764 0.3021722835810694 0.1522065995459272 -0.03575230271991625 -0.21596919070478648 -0.3883006937738509 -0.47030869689823085 -0.543571091297808 -0.6016361984051053 -0.5460083920899663 -0.32192008984624954 -0.18026990263141096 -0.05582419159651275 -0.056254303501011016 -0.028870512247940017 -0.015250301938821043
0.22690270029383264 0.3415992081600985 0.42174339303165187 0.47005929697031634 0.5110632985325063 0.5067621794875214 0.5018875779032048 0.5051851025043601 0.5731427834151228 0.6350788976629063 0.6409570936910525 0.6350788976629063 0.752356076956163 0.8666224729179302 0.9525014831827967 0.8148656737432778 0.62920070163476 0.43536360334077084 0.3172262002385171 0.2776559050246554 0.3372980891151136 0.43349978508794385 0.5321387818529324 0.5404542786732369 0.5520673000946963 0.5149343056729929 0.43980809302058876 0.34848099863207427 0.22303169315334603 0.06432040039340059 -0.1065773963273351 -0.2847870954245457 -0.44837298976880735 -0.5514564762136138 -0.6046469817365949 -0.6657228721753814 -0.5934640722196338 -0.4029244985267999 -0.1305202923444182 -0.018691197174808938 -0.013386483685994488 0.006685405190602012 0.03406919644367301
0.3651119922726829 0.46131368824551355 0.5106331866280076 0.4919950040997394 0.48626017870642624 0.47694108744229213 0.49600938187505905 0.5266906977292849 0.5818883921399256 0.7093448865063134 0.7162266769782892 0.7298468872874082 0.7410297968043693 0.8583069760976261 0.9315693704972032 0.8646152840302705 0.6297741841740914 0.3876211819414377 0.24840829551875743 0.17657960746750856 0.19708160824860332 0.25615030979973064 0.3436063970477581 0.41686879144733524 0.47737119934679084 0.4564390866611969 0.3612409851321967 0.2981579058057502 0.17170500588319237 0.023316398831210616 -0.1382623066253914 -0.30342527795281393 -0.4424947937406616 -0.5782667849273535 -0.6143961849052273 -0.6779093761361721 -0.6720311801080259 -0.5689476936632194 -0.2955398930370081 -0.1325274812320778 -0.007508287657848278 0.03306560199984343 0.07708038689352303
0.4798085001389487 0.524253396937127 0.4838228779142679 0.46031009380168353 0.44812358984089284 0.45056089063305116 0.4891275914030828 0.5175149770999838 0.5725693008757915 0.648268996067527 0.6990222007983493 0.7312805936357365 0.8469806959458324 0.9866236942730109 1.0604595712119196 0.8841136903675357 0.6228923937021156 0.3177996827778484 0.19951890904076164 0.11808438845571301 0.09113070910714027 0.11564708766355469 0.19521778999577677 0.21715349712519982 0.2859714018449595 0.2947170105697623 0.24640110663109782 0.20640069951273743 0.1542137884335868 0.012133489314249957 -0.1524559994738417 -0.26973317876709846 -0.3917415890098388 -0.5366893008258322 -0.613966073000729 -0.6807767888328287 -0.7037160904060817 -0.6241453880738601 -0.3937487778974984 -0.26915969622776714 -0.12808299155226033 0.009122705982760326 0.1410236900289661
0.5120668929763359 0.5530708945385263 0.4978732001278856 0.46661840173432845 0.45342830332970774 0.44912718428472287 0.44912718428472287 0.4651846953859997 0.496869605684056 0.5555081953306842 0.6512797793990162 0.7791663856699027 0.9573760847671133 1.1780234917748422 1.1180945664147182 0.8924291871878403 0.6468352897191982 0.42418069382380974 0.44611640095323324 0.44224539381274663 0.42217350493615013 0.38604410495827635 0.3728540065536561 0.2977277939012519 0.21270900744538235 0.17514590111918027 0.1469018860571123 0.13127448686033327 0.09801249957911651 -0.012382889242164463 -0.1544631883615013 -0.26328150019962093 -0.3536050001443054 -0.47088217943756216 -0.5421373849494797 -0.5959013730117921 -0.6158298912535556 -0.59833867380395 -0.5342520000336739 -0.45224399690929395 -0.3438557969756726 -0.167653286766122 0.0038179924939454324
0.52138598424047 0.5589490905666721 0.5252569913809566 0.48081209458277874 0.44711999539706326 0.4383743866722605 0.42317709937998016 0.41543508509900695 0.42618788271146935 0.47794468188612216 0.5623899858026604 0.6628928008204755 0.7777326793215744 0.8714970745022468 0.8611743887942827 0.7777326793215744 0.6995956833376806 0.6415305762303838 0.669344479387953 0.6541471920956727 0.6033939873648504 0.509629592184178 0.4056858819303746 0.307907108974383 0.22690270029383264 0.18933959396763056 0.17758320191133814 0.0960053106914569 -0.014246707494991462 -0.13539489392873483 -0.20966088277214157 -0.2721704795592568 -0.32536098508223743 -0.3970463024986537 -0.49425159291531395 -0.558194896050757 -0.5894496944443146 -0.5963314849162904 -0.5685175817587211 -0.4966888937074718 -0.4191253802629098 -0.3590530842679529 -0.27604148669974293
0.4856866961670949 0.5526407826340276 0.5672645873869766 0.5286978866169445 0.4944323048918977 0.49357208108290074 0.48281928347043834 0.47307008030180553 0.48425298981876663 0.5457589921620518 0.6234658762414469 0.6990222007983493 0.7474814753718468 0.793360078518353 0.7820337983665593 0.7664063991697807 0.7245421737985938 0.6937174873095344 0.6809575008094124 0.6399534992472224 0.5545046008868546 0.4631775064983401 0.39435960177858087 0.3231043962666633 0.2518491907547453 0.20295980427674953 0.19622138443960635 0.06632758928106064 -0.12421198441177372 -0.25009140179500067 -0.25453589147481814 -0.26571880099177925 -0.3062926906494705 -0.3541784826836367 -0.45281747944862527 -0.5181944889323971 -0.5602020849384166 -0.5821377920678401 -0.5821377920678401 -0.5679440992193898 -0.5293773984493577 -0.5528901825619421 -0.4313118842237005
0.42518428826763977 0.5106331866280076 0.5526407826340276 0.5873364762635731 0.5760101961117794 0.6072649945053366 0.6350788976629063 0.6395233873427242 0.6864055849330604 0.75321630076516 0.7844710991587176 0.8011020927993262 0.8392386816648596 0.8538624864178082 0.779596497574401 0.7450441745796885 0.6752226754160993 0.6316380024269184 0.62920070163476 0.6287705897302618 0.5676946992914749 0.6072649945053366 0.6204550929099573 0.5536443770778576 0.47694108744229213 0.38948500019426424 0.25959120503571853 0.012133489314249957 -0.1944635954798617 -0.2975470819246677 -0.2520985906826603 -0.26629228353111056 -0.3062926906494705 -0.3570458953802933 -0.4278709889877126 -0.47518329848254703 -0.5157571881402387 -0.5508829936742825 -0.572818700803706 -0.5786968968318522 -0.5786968968318522 -0.5352555944775039 -0.27704508114357296
0.37385760099748566 0.5106331866280076 0.6155804913256411 0.6527134857473444 0.6703480738317831 0.67120829764078 0.6995956833376806 0.7454742864841872 0.7957973793105113 0.8329303737322147 0.79522389677118 0.807983883271302 0.8055465824791437 0.8118548904117886 0.7499187761640047 0.7156531944389579 0.6541471920956727 0.6512797793990162 0.7375889015683814 0.7332877825233961 0.6941475992140331 0.6815309833487437 0.6360824921067358 0.5057585850436914 0.41543508509900695 0.2957206050135923 0.14776210986610927 -0.0777598987259358 -0.18471439231122888 -0.26328150019962093 -0.24091568116569917 -0.26227790575579135 -0.30184820096965304 -0.3389811953913564 -0.3751105953692302 -0.4191253802629098 -0.4493765842126374 -0.48937699133099777 -0.5275135801965312 -0.6075143944332515 -0.6158298912535556 -0.5123162929042508 -0.23690130339037996
0.3748611954413157 0.5193787953528104 0.6307777786179214 0.6669071785957952 0.6833948016015707 0.5589490905666721 0.5364399008979177 0.5828919865837552 0.6537170801911745 0.6917102984218748 0.6478388841630283 0.6322114849662497 0.6297741841740914 0.6531435976518432 0.6785202000172545 0.6443979889270404 0.6722118920846096 0.7069075857141551 0.8524287800694799 0.8494179967379907 0.8089874777151316 0.6415305762303838 0.5145041937684942 0.3841802867054498 0.2717777089965092 0.15019941065826714 0.02862111232002551 -0.06012531064149762 -0.16621958041779372 -0.21740289705311477 -0.23991208672186914 -0.2614176819467944 -0.27991249384022954 -0.30184820096965304 -0.3257910969867357 -0.3316692930148819 -0.3619204969646095 -0.42098919851573635 -0.47862419371853493 -0.5587683785900883 -0.6075143944332515 -0.531814699241516 -0.3389811953913564
0.3709901883008291 0.496869605684056 0.5662609929431466 0.6023903929210204 0.5725693008757915 0.42317709937998016 0.3827465803571215 0.40754970018320114 0.4783747937906204 0.495005787431229 0.41830249779566353 0.40267509859888495 0.40998700097535945 0.45400178586903905 0.524253396937127 0.5912074834040597 0.619021386561629 0.6843983960454003 0.8256184713557402 0.8221775761197523 0.7195242015794445 0.5272641802686162 0.40898340653152987 0.332423487530797 0.21959079791735814 0.0921343035509703 0.008119111538930746 -0.08120079396192414 -0.1451440970973672 -0.1930298891315334 -0.22428468752509056 -0.24579028275001535 -0.26428509464345096 -0.25596959782314643 -0.25654308036247775 -0.26285138829512267 -0.28435698352004746 -0.3497339930038188 -0.4118134778864353 -0.48593609609500943 -0.5352555944775039 -0.559198490494587 -0.5626393857305749
