static/ASC_sea/1979/08/ERA5V/00.asc
ncols         201
nrows         201
xllcorner     105.0
yllcorner     0.0
cellsize      0.25
NODATA_value  -32767
[rows 152 to 170 of 201, columns 43 to 85 of 201]
4.962721510091949 4.894333717276688 4.828526595888418 4.796268203051031 4.685442702325251 4.697199094381544 4.577484614296129 4.5789183206444575 4.487161114351444 4.392966607266274 4.325582408894842 4.260062028776238 4.184935816123834 4.151243716938119 3.9716003114925797 3.8665096361601137 3.6028510387025348 3.4910219435329255 3.373458022970003 3.1262870485182 2.9612674478256102 2.622912749620126 2.6634866392778176 3.172739134204038 3.957406618644129 4.527161521469805 3.8508822369633346 2.8011224487173365 2.422193860854161 2.722985452733443 2.69904255671636 2.909510648650958 2.9354607335557006 3.2933138380984497 3.306934048407569 2.7225553408289445 1.957816374630617 1.508206063794855 1.301178867096245 1.6947312597123698 2.6365329599292453 3.107792236624765 3.276252732553343
4.930463117254562 4.870534191894438 4.796698314955529 4.762002621325984 4.679994618201604 4.669815303128473 4.554975424627374 4.532036123054121 4.461784511986033 4.380206620766152 4.325582408894842 4.25762472798408 4.149236528050459 4.0751139098418845 3.994539613065833 3.76356952035014 3.530162126842289 3.4568997324427118 3.396397324543256 3.4374013261054466 3.3235650420481777 3.2113058349740697 3.289872942862462 3.5829225204607713 4.3826439215583095 4.2703847144842015 2.505778940961702 1.6316481803859235 1.961257269866605 2.4154554410170177 3.14349152469814 3.343636930924774 3.1961085476817894 3.106788642180935 3.206861345294252 3.190803834192975 2.3333040672578047 1.3563765615068855 1.0779507886615252 1.5613965693178358 2.63223184088426 3.277256326997173 3.3635654491665377
4.885157996647387 4.8240821062086 4.762002621325984 4.7258732213481105 4.661499806308169 4.614187496813334 4.552538123835216 4.490171897682934 4.430529713592476 4.3568372072884 4.299202212085602 4.212319607376905 4.132748905044683 4.073106720954225 3.995973319414161 3.4457168229257507 3.4637815229146875 3.4475806411785777 3.5819189260169413 3.624930116466791 3.6751098386582823 3.6257903402757883 3.6209157386914717 3.8538930202948243 4.378342802513325 3.0087231279552777 1.5198190852163143 1.2874152861522932 1.6332252573690846 2.78205415428457 3.66435704104582 3.3363250285482997 2.7704411328631107 2.8070006447454827 3.1278641255013615 2.978902035910049 1.9344469611528654 0.9652614696829191 0.9603868680986025 1.5165215606151592 2.7586847408068182 3.2987619222220976 3.4002683316837428
4.855336904602158 4.802576510983675 4.742504214988719 4.6584890229766795 4.61605131506616 4.558416319863362 4.532609605593453 4.464221812778192 4.416336020744025 4.342213402535451 4.266943819248214 4.182498515331676 4.088304008246505 4.02579441145939 3.770307940187283 2.6531639535698535 3.025784233500385 3.6785507338942702 3.8133191306371326 3.81876721476078 3.8646458179072867 3.8557568385476513 3.8118854242888043 3.883714112340053 3.95439583531264 2.275812442689839 1.2591712710902252 1.0442586894758097 2.1082121705702583 3.2644963404970504 3.3631353372620394 2.7747422519080955 2.2717980649145195 2.496459849697568 2.8782558502574003 2.3783224465953143 1.3407491623101069 1.055011487088272 1.072072592633379 1.7830475707693945 2.892449543105851 3.2689408301768683 3.401271926127573
4.773328901477778 4.720568507859296 4.656051722184521 4.544365997649745 4.5486671166947295 4.488164708795274 4.4666591135703495 4.416909503283357 4.370027305693021 4.291316827169796 4.21561713197806 4.09360872173532 3.9695931226049197 3.8632121115589584 3.4451433403864193 2.042405049181988 3.0696556477592316 3.820631033013607 4.045722929701154 4.0516011257293 4.0077297114704535 3.9842169273578687 3.861204922671299 3.843140222682362 3.619912144247642 1.8372416707362051 0.9671252879357457 1.662902978779481 2.7278600543177594 2.7704411328631107 2.4832697512929474 1.9119377714841106 1.9798954523948733 2.263052456189717 2.7635593423911344 2.195668257818286 1.261035089343052 0.9750106728515515 1.4836896852384407 2.2634825680942154 2.910084131190289 3.264066228592552 3.3627052253575407
4.703507402314188 4.635119609498927 4.559993396846523 4.468092819918677 4.47984921197497 4.392393124726942 4.408594006463052 4.357267319192898 4.316693429535206 4.239129916090644 4.141494513769485 4.012604313054769 3.641417739472567 3.548226826831226 3.070229130298563 1.9925120682601625 3.2571844381205763 4.095615910622979 4.2708148263887 4.200133103416114 4.198125914528455 4.060346734454103 3.8870116369412084 3.8504521250588364 3.2894428309579635 1.656164558942338 1.3728641845126612 2.177603557829349 2.747931943194356 2.8138824352174585 1.8230479778877546 1.3992443813219024 1.8641953500847774 2.2776762609426657 2.863201933599953 2.5634139361645008 1.5853394653349187 0.9466232871546509 1.3539392607147274 2.381189859291971 2.9115178375386175 3.2332415421034932 3.2425606333676273
4.61705490950999 4.555548907166705 4.50565592624488 4.450601602469073 4.393970201710103 4.347518116024266 4.379203026322322 4.258198210523411 4.256191021635752 4.155688206617937 4.048160230493312 3.8226382219012667 3.456469620538213 2.7576811463629882 2.334881144240966 2.206851167335247 3.6576186212086768 4.420207027884512 4.4520353088174005 4.335761723967973 4.229810824826511 4.105365113791612 3.938768436115861 3.8938934274131842 3.2082950516425806 2.234665070492816 2.274808848246009 2.462337638607354 2.4047026434045553 1.684408574004406 1.154223966392592 1.964698165102593 1.916812373068427 2.4002581537247374 2.7396164463740513 2.422193860854161 1.583332276447259 0.9241140974858961 1.4221836828951555 2.676103255143107 3.0217698557250654 3.1209823350293853 3.1141005445574095
4.537484207177768 4.501784919104393 4.4364079096206215 4.383217404097641 4.365582816013203 4.379776508861653 4.256764504175083 4.210312418489245 4.17662031930353 4.080992105870031 3.899341511536832 3.4558961379988817 2.6263536448561142 1.8254852786799127 2.2234821609758555 3.535036728426605 4.4173396151878555 4.476981799278313 4.443289700092598 4.362715403316546 4.239560027995143 4.200563215320613 3.9979805083018207 3.919843512317927 3.62335303948363 3.2586181444689046 3.484713635600281 3.1497998326307846 1.9208267508437462 0.7752953785294161 0.8167294919961048 1.723548757313769 1.5745866677224563 2.23079406335233 2.2557405538132427 1.9651282770070915 1.453438481288713 1.2914296639276124 1.8763818540455683 2.7292937606660876 2.768433943975451 2.7063544590928346 2.7816240423800713
4.431963419940804 4.3836475160021395 4.342213402535451 4.3353316120634755 4.281567624001163 4.2503128256076055 4.183502109775506 4.2074450057925885 3.9955432075096624 3.953965723408141 3.548656938735724 2.6121599520076635 1.9710064730352377 2.855316548684147 3.9470839329361653 4.30163951287776 4.553541718279046 4.462214623890532 4.446587224693753 4.395403908058432 4.276693022416847 4.207875117697087 4.068662231274407 3.9910987178298445 3.7810607377997454 3.6937480211865505 3.629231235511776 2.7733085455597672 1.618458081981303 0.9447594689018239 0.821604093580421 1.085836173577331 1.9681390603385809 1.7327244779430704 1.4114308852826931 1.99796015238381 2.2898627649034564 2.3558132569265595 2.3421930466174405 2.051150657906791 1.9490707659058142 2.224485755419685 2.523843640950639
4.3217114017543565 4.2850085192371505 4.246441818467119 4.223502516893866 4.190240529612649 4.2376962097423165 4.1033579249039525 3.9598439194362873 3.838695733002544 3.7678706393951247 3.1526672453274416 2.0598962666315934 1.8973139667311618 3.704500818799013 4.433970608828464 4.39884480329442 4.469096414362507 4.467089225474848 4.429096007244148 4.371891123945847 4.301066030338428 4.199559620876783 4.1390572129773275 4.029665418599876 3.8108818298449747 3.7757560243109305 3.6126002418711676 2.6267837567606125 1.5701421780426386 1.1814643870108301 1.1008900902347782 1.238095787769799 2.4065664616573823 1.9051993516469676 1.7659864652242874 2.438394742590271 2.842699932818858 2.744491047958368 2.085846351536336 1.4276317670188032 1.0135773736215834 1.3797459749846372 2.2352385530321475
4.180491326444017 4.1516738288426165 4.10579522569611 4.141494513769485 4.147802821702131 4.101924218555624 4.018482509082916 3.7938207242998674 3.373888134874502 3.135176027877836 2.4944526608099085 1.6941577771730385 2.9813393367022067 4.290886715265297 4.344077220788278 4.524294108773148 4.489168303239104 4.446157112789255 4.408020523923721 4.385081222350468 4.3343280176196455 4.229380712922012 4.149236528050459 3.9998443265546477 3.938768436115861 3.711239238636156 3.3783326245543197 2.638540148816905 1.9060595754559646 1.3876313599004428 0.9330030768455315 1.3040462797929018 2.364128753746864 2.1991091530542737 2.307497352987895 2.7576811463629882 2.9129515438869458 2.153660661812266 1.4412519773279222 1.0286312902790309 0.6614590944721472 0.7767290848777444 2.102333974542112
4.027228117807718 3.998410620206319 3.995973319414161 4.034109908279694 4.055472132869786 4.031672607487536 3.981779626565711 3.0633473398265867 2.462767750511852 2.3783224465953143 1.8264888731237425 2.7596883352506483 3.9710268289532484 4.3217114017543565 4.280133917652835 4.454472609609558 4.357267319192898 4.370027305693021 4.386514928698796 4.362715403316546 4.329883527939828 4.227373524034352 4.184505704219335 4.0223535162234025 3.9647185210206035 3.6791242164336015 3.2953210269861097 2.895890438341839 2.1731590681495314 1.385050688473452 0.9291320697050454 1.5843358708910888 2.248428651436768 2.216170258599381 2.526280941742797 2.859187555824634 2.116097555486064 1.3202471615290117 0.44611640095323324 0.1268299971805158 0.3539290827557222 0.47206648585797595 1.7107887708136469
3.8944669099525155 3.8845743361490506 3.885147818688382 3.8973343226491726 3.954969317851971 4.007156228931122 3.521846630021985 2.4105808394327015 1.7942304802863553 1.744050758094864 2.8378253312345416 3.766006821142298 4.011027236071609 4.148806416145961 4.273252127180859 4.322571625563353 4.2894530089169685 4.330887122383658 4.348521710468096 4.365582816013203 4.335761723967973 4.244004517674961 4.198556026432954 4.085293224915016 3.9222808131100853 3.6649305235851513 3.2748190262050145 2.8739547312124154 2.463771344955682 1.6878494692403938 1.1497794767127743 1.6874193573358953 1.833800775500217 2.1341622554750006 2.398824447376409 2.2616187498413884 1.5262707637837918 0.6340753032190762 -0.22127390419360093 -0.20621998753615367 0.19421419555194674 0.44668988349256455 1.3446201694505933
3.708801937843998 3.6990527346753654 3.7268666378329347 3.7161138402204723 3.8323874250698995 3.8094481234966464 2.8295098344142375 2.155667850699926 1.772294773156932 2.56083326473751 3.655611432321017 3.953535611503643 3.9642884091161052 4.075974133650881 4.229810824826511 4.254327203382925 4.356263724749068 4.350385528720922 4.380206620766152 4.39784120885059 4.390959418378614 4.305510520018246 4.21963150975338 4.164433815342739 3.9452201146833383 3.5774744363371234 3.21030224053024 3.1199787405855557 2.7097953543288225 1.8591773778656284 1.302182461540075 1.2963042655119288 1.2942970766242692 1.853442552472315 1.803119459645991 1.5691385835988088 1.0740797815210388 0.18145420905182474 0.007688999634432037 0.009696188522091642 0.2664729955076943 0.5755800842072807 1.2942970766242692
3.5242839308141427 3.5090866435218624 3.5370439173142647 3.564284337932503 3.700056329119195 3.4989073284487313 2.5106535425460184 2.4457066449667453 2.7586847408068182 3.3363250285482997 3.6331022426522623 3.8255056345979233 3.9890915289421853 4.138483730437996 4.1756167248597 4.263502924012226 4.351389123164752 4.351389123164752 4.421210622328342 4.425225000103661 4.379203026322322 4.389955823934784 4.287015708124811 4.240563622438973 4.023357110667233 3.516972028437668 3.0115905406519343 3.0535981366579543 2.974457546230231 2.0760971483677038 1.2689204742588578 1.1639731695612245 1.201966387791925 1.6052679835766823 1.2005326814435968 0.6395233873427242 0.2918495978731057 0.25227930265924403 0.28898218517644914 0.35923379624453666 0.4984466826672169 0.7235385793547637 1.2249056893651782
3.3260023428403356 3.318260328559363 3.3314504269639835 3.360698036469881 3.492599020516087 3.4877244189317707 3.1335989508946747 3.194244729428963 3.1800510365805126 3.2551772492329167 3.5066493427297045 3.7596985132096536 3.90177881232899 4.019916215431244 4.174183018511371 4.343073626344448 4.378342802513325 4.425225000103661 4.462788106429863 4.453899127070228 4.43683802152512 4.448594413581413 4.380780103305483 4.2850085192371505 4.033536425740364 3.4637815229146875 2.7079315360759955 2.6409774496090628 2.6619095622946567 2.1067784642219296 1.472076663816981 1.645841873234374 1.5340127780647648 1.649282768470362 1.1000298664257813 0.4631775064983401 0.0813815059385079 0.05457119722476822 0.23966268679395464 0.4651846953859997 0.863611689586441 0.8646152840302705 0.9090601808284489
3.0901576485403264 3.0877203477481685 3.1116632437652516 3.1824883373726705 3.268367347637537 3.3440670428292725 3.3812000372509763 3.3450706372731025 3.3538162459979053 3.471093425291162 3.6141773188543285 3.736185729097069 3.907083525817805 4.144935409005473 4.2366926152984865 4.319274100962198 4.378342802513325 4.460350805637705 4.467089225474848 4.521283325441659 4.558989802402694 4.445153518345425 4.466229001665851 4.409024118367551 4.068662231274407 3.249872535744102 2.0393942658504987 1.961257269866605 2.040827972198827 1.5325790717164365 1.2322175917416527 1.4022551646533918 1.3504983654787395 1.3992443813219024 1.2518593687137507 0.8465505840413337 0.44812358984089284 0.40468228748654456 0.6013867984771908 0.8504215911818203 1.2616085718823833 0.9431823919186626 0.44267550571724534
2.845137233611016 2.8338109534592224 2.8695102415325975 2.9807658541628754 3.0818421517200223 3.1414843358104805 3.139477146922821 3.1483661262824563 3.2561808436767463 3.360698036469881 3.4905918316284272 3.678120621989772 3.915399022638109 4.095042428083648 4.21561713197806 4.434974203272294 4.465225407222022 4.525297703216978 4.528165115913635 4.541355214318255 4.548237004790231 4.4867310024469464 4.5204231016326615 4.286012113680981 3.9998443265546477 2.817753442357945 1.871507252461252 2.322121157740844 2.4114410632416985 1.5691385835988088 1.490141363805918 2.1394669689638155 1.7712911787131023 1.0292047728183622 0.8431096888053458 0.5950784905445459 0.5252569913809566 0.7688436999619386 0.9520713712782984 0.9857634704640139 1.3665558765800165 1.1278437695833508 0.23966268679395464
2.589650762338909 2.6062817559795173 2.665923940069976 2.7688640558799493 2.8070006447454827 2.845137233611016 2.8758185494652424 2.9783285533707176 3.0619136334782584 3.21030224053024 3.4158957308805213 3.6986226227708667 3.9056498194694766 4.109236120932099 4.286012113680981 4.438271727873449 4.448164301676914 4.475404722295153 4.5013548071998954 4.530172304801294 4.534473423846279 4.4867310024469464 4.474974610390654 4.365582816013203 3.8236418163450967 2.182478159413665 1.7361653731790583 2.7424838590707084 3.029225128736373 2.516961850478663 2.4749542544726433 2.559973040928513 1.9105040651357823 0.6380896809943959 0.14288750828179309 0.15464390033808506 0.5790209794432686 0.8191667927882627 0.8236112824680806 1.00225109346979 1.7030467565326741 0.9764443791998798 0.09657879323078822
