static/ASC_sea/1979/08/ERA5V/00.asc
ncols         201
nrows         201
xllcorner     105.0
yllcorner     0.0
cellsize      0.25
NODATA_value  -32767
[rows 152 to 170 of 201, columns 0 to 42 of 201]
2.237675853824306 2.200542859402602 2.16398334752023 2.045272461878645 1.9393215627371816 1.8778155603938966 1.8089976556741372 1.6468454676782038 1.500320678879049 1.3572367853158824 1.4276317670188032 1.4290654733671315 1.071212368824382 0.3162226057946871 0.1722784884225237 0.13801290669747646 0.698592088893851 2.5218364520629795 5.187813406779496 6.6067525797200375 6.75772185819901 6.790840474845394 6.59270225750642 6.3948507814371105 6.252770482317775 6.121873092715399 6.002732095169314 5.885168174606392 5.766887400869306 5.68057827869994 5.6263841787331295 5.558999980361699 5.517422496260178 5.475414900254158 5.45835379470905 5.429536297107651 5.385664882848804 5.354410084455247 5.27813690672418 5.2698214099038765 5.14093120918916 5.130178411576697 5.023797400530736
2.20498734908242 2.234665070492816 2.1575316689527524 2.0062756492041145 1.892009253242347 1.8284960620114024 1.7459145763476909 1.6072751724643422 1.3529356662708976 1.1854787647861493 1.0931480759538055 0.9330030768455315 0.06389028848890232 -0.4264372826393843 -0.1382623066253914 0.6717817801801114 1.3968070805297441 3.4905918316284272 6.05262507609114 6.793277775637552 6.791844069289224 6.637577266209096 6.445603986167933 6.258648678345921 6.142375093496494 6.016925788017765 5.9212975745842655 5.809898591319156 5.714700489790155 5.635129787457933 5.559860204170696 5.479859389933976 5.440719206624612 5.4021525058545805 5.380790281264488 5.34795840588777 5.309391705117738 5.290323410684971 5.2249464012011995 5.213763491684238 5.122436397295724 5.081862507638033 4.986234294204534
2.0481398745753014 2.0980328554971273 2.0842692745531752 1.9695727666869092 1.8558798532644734 1.845987279461008 1.724408981122766 1.4905714757104165 1.2332211861854825 0.8357977864288713 0.632641596870748 0.39048859463809427 -0.25353229703098856 -0.3883006937738509 0.3397353899072715 1.2742251877476727 3.016895254140749 5.098493501278641 6.0873207697206855 6.520443457550672 6.449044881403921 6.287036064042821 6.172769668081054 6.05262507609114 5.945670582505848 5.879289978578246 5.784952100858243 5.726456881846447 5.6410079834860785 5.569752777974161 5.491615781990268 5.41835338759069 5.37534219714084 5.335341790022481 5.300215984488437 5.267384109111718 5.230394485324847 5.206451589307765 5.173189602026547 5.149820188548795 5.080428801289704 5.013474714822772 4.939782208518697
1.9232640516359045 1.964698165102593 1.9862037603275178 1.9403251571810114 1.833800775500217 1.8021158652021612 1.6239061661049505 1.3933661852937562 1.219170863971865 0.8246148769119106 0.15665108922574467 -0.1309504042489169 -0.024569393202955148 0.5428915794653952 1.384190464664455 2.528144759995624 4.245438224023289 4.869960709355107 5.819647794487787 5.858787977797151 5.875849083342258 5.828536773847423 5.836278788128396 5.751260001672527 5.73419889612742 5.66839177473915 5.65219089300304 5.594555897800241 5.548247182749236 5.48817488675428 5.4222243947311775 5.3582810915957335 5.309965187657069 5.271398486887037 5.235269086909163 5.19713249804363 5.161003098065756 5.140501097284661 5.121002690947396 5.068242297328913 5.027668407671222 4.954979495810976 4.9109647109172965
1.906633057995296 1.91595214925943 1.934877073057364 1.909070358787454 1.8197504532865996 1.6907168819370504 1.5242635748961322 1.4061261717938782 1.2313573679326557 0.8256184713557402 0.06632758928106064 -0.06600350666964383 0.47550738109396384 1.4617539781090172 2.498897150489726 3.5780479188764547 4.083859518566687 4.708812115803003 5.047166814008488 5.121002690947396 5.300215984488437 5.367026700320537 5.438281905832454 5.4559164939168925 5.4559164939168925 5.476848606602486 5.460791095501209 5.449608185984248 5.408030701882726 5.387098589197133 5.330897300342663 5.281577801960168 5.230824597229345 5.195125309155971 5.136056607604844 5.097489906834811 5.078421612402045 5.057059387811953 5.042292212424171 4.975481496592071 4.956413202159305 4.878706318079909 4.835838498264893
1.8900020643546873 1.9330132548045371 1.9281386532202207 1.868066357225264 1.7889257667975407 1.6399636772062278 1.502327867766709 1.3817531638722969 1.2249056893651782 0.8065501769229737 0.6312078905224197 0.674649192876768 1.2874152861522932 2.1087856531095897 2.974457546230231 3.277686438901671 3.618478437899314 3.962711332132944 4.329453416035329 4.64787959599905 4.792827307815043 4.99211249023268 5.08731059176168 5.149246706009464 5.223512694852872 5.2533337868981 5.276703200375852 5.267384109111718 5.256631311499255 5.2541940107070975 5.207455183751594 5.198136092487459 5.143941992520649 5.105805403655116 5.040428394171345 5.0096037076822855 4.996413609277665 4.959854097395293 4.945230292642344 4.8827206958552285 4.877846094270913 4.788956300674556 4.7650134046574735
1.7444808699993626 1.840682565972193 1.83294055169122 1.7655563533197889 1.6649101676671407 1.4964496717385627 1.3904987725970996 1.4846932796822705 1.3689931773721749 1.3152291893098627 1.4315027741592896 1.7434772755555328 2.2669234633302033 2.6619095622946567 2.8729511367685854 3.1346025453385047 3.4739608379878186 3.8411330337947023 4.0887341201510035 4.279703805748336 4.445153518345425 4.7166975007188086 4.797271797494861 4.927165592653407 4.994549791024838 5.047166814008488 5.083296213986362 5.097059794930313 5.102364508419128 5.112687194127092 5.07512408780089 5.072113304469401 5.007166406890127 4.980786210080886 4.9422195093108545 4.917416389484774 4.900211913304834 4.857344093489818 4.8592079117426445 4.791393601466715 4.788382818135226 4.722575696746955 4.674689904712789
1.5940850740597214 1.6024005708800257 1.6044077597676853 1.5965223748518795 1.5384572677445825 1.380749569428467 1.3929360733892577 1.8977440786356603 2.4154554410170177 2.5575357401363545 2.561406747276841 2.6834151575195815 2.7014798575085184 2.796677959037519 3.016895254140749 3.2654999349408804 3.4877244189317707 3.68156151722576 3.8880152313850385 4.115114316960245 4.336335206507305 4.462788106429863 4.582359215880445 4.7258732213481105 4.792397195910544 4.847451519686352 4.8837242902990585 4.8983480950520075 4.920283802181431 4.929029410906233 4.917416389484774 4.901215507748664 4.8738317164955935 4.857774205394316 4.821214693511944 4.7952646086072015 4.776769796713766 4.74307769752805 4.736195907056074 4.692181122162395 4.6629335126564975 4.622933105538136 4.56486799843084
1.868066357225264 1.428635361462633 1.3748713734003208 1.4442627606594116 1.40469246544555 1.3332938892987996 1.5540846669413613 2.2396830427119654 2.8508720590043293 2.993095728758499 2.9754611406740605 2.9994040366911436 3.006142456528287 3.1244232302653736 3.222058632586532 3.356253546790063 3.525717637162471 3.704500818799013 3.8821370353568923 4.004288816234466 4.1536810177302765 4.286012113680981 4.446157112789255 4.492035715935761 4.555979019071204 4.61605131506616 4.661499806308169 4.6956220173983825 4.727450298331272 4.729314116584098 4.734188718168415 4.705944703106347 4.699636395173702 4.672252603920631 4.661499806308169 4.656051722184521 4.640997805527073 4.632252196802271 4.595549314285066 4.60386481110537 4.536480612733939 4.507663115132539 4.469096414362507
1.5370235613962542 1.2699240687026876 1.297737971860257 1.3342974837426294 1.3001752726524152 1.5350163725085946 2.068211763451898 2.7014798575085184 3.102917635040449 3.1106596493214216 3.1244232302653736 3.1014839286921205 3.1268605310575315 3.2328114301989945 3.2947475444467784 3.4212004443693362 3.516972028437668 3.6511669426411992 3.7826378147829067 3.915399022638109 4.083429406662189 4.154111129634775 4.238126321646815 4.294757722405784 4.376335613625665 4.413898719951867 4.447160707233085 4.483720219115456 4.498917506407737 4.505225814340381 4.52085321353716 4.507663115132539 4.523720626233817 4.496480205615579 4.503792107992053 4.495476611171749 4.47984921197497 4.496480205615579 4.441282511204938 4.4500281199297405 4.392966607266274 4.391963012822444 4.346514521580436
1.34648398770342 1.2411065711012883 1.2581676766463954 1.3685630654676764 1.56971206613814 2.0403978602943287 2.7054942352838376 3.1790474421366826 3.161556224687077 3.1756065469006947 3.1746029524568646 3.1902303516536437 3.228366940519177 3.2825610404859873 3.3538162459979053 3.4339604308694582 3.5311657212861185 3.6517404251805305 3.788946122715551 3.8557568385476513 3.9510983107114845 3.982353109105042 4.072676609049727 4.132748905044683 4.1673012280393955 4.209882306584747 4.246011706562621 4.281137512096665 4.2904566033607985 4.308951415254234 4.310385121602563 4.297195023197942 4.310385121602563 4.295761316849614 4.3060840025575775 4.327016115243171 4.326012520799341 4.328449821591499 4.286012113680981 4.30063591843393 4.24443462957946 4.247445412910949 4.196692208180126
1.3269855813661549 1.217593786988704 1.6058414661160136 2.1087856531095897 2.4335201410059546 2.7645629368349645 3.2439943397159556 3.1800510365805126 3.1644236373837336 3.2196213317943743 3.2054276389459235 3.2474352349519435 3.259191627008236 3.314389321418876 3.364138931705869 3.4374013261054466 3.523853818909644 3.641991222011898 3.7049309307035116 3.765003226698468 3.8118854242888043 3.858194139339809 3.92658193215507 3.962711332132944 3.996976913857991 4.023357110667233 4.057479321757446 4.063357517785592 4.080418623330699 4.084863113010517 4.080418623330699 4.083859518566687 4.0887341201510035 4.085866707454347 4.099486917763466 4.120992512988391 4.132748905044683 4.123859925685047 4.115544428864743 4.126297226477206 4.086726931263344 4.091171420943162 4.05260472017313
1.4114308852826931 1.61071606770033 2.218607559391539 2.9227007470555786 3.0935985437763147 3.2518797246317614 3.2395498500361377 3.179620924676014 3.18449552626033 3.2346752484518215 3.249872535744102 3.2953210269861097 3.2703745365251966 3.324138524587509 3.36112814837438 3.4236377451614945 3.507652937173534 3.550090645084053 3.6126002418711676 3.6629233346974917 3.6986226227708667 3.7410603306813854 3.76457311479397 3.7962580250920257 3.800129032232512 3.8260791171372546 3.84557752347452 3.8528894258509943 3.8665096361601137 3.8563303210869826 3.8543231321993225 3.8699505313961016 3.8656494123511163 3.88557793059288 3.898337917093002 3.915399022638109 3.9275855265989 3.9314565337393867 3.941205736908019 3.935470911514706 3.950094716267655 3.931026421834888 3.921707330570754
2.0540180706034477 2.2977481498192622 2.8021260431611665 3.231807835755165 3.2328114301989945 3.2669336412892087 3.2527399484407584 3.264066228592552 3.2689408301768683 3.2654999349408804 3.3011992230142555 3.3133857269750466 3.303636523806414 3.3338877277561414 3.3543897285372366 3.419766738021008 3.4485842356224072 3.4910219435329255 3.523853818909644 3.577044324432625 3.5877971220450875 3.6117400180621706 3.6111665355228393 3.621489221230803 3.617044731550985 3.6341058370960924 3.653174131528859 3.645432117247886 3.6561849148603485 3.646292341056883 3.6478694180400444 3.6594824394615038 3.6521705370850293 3.6751098386582823 3.6708087196132975 3.687296342619073 3.7069381195911713 3.7152536164114753 3.7542504290860057 3.736185729097069 3.789949717159381 3.737619435445397 3.7416338132207168
2.8739547312124154 2.9754611406740605 3.1678645326197215 3.2064312333897536 3.2328114301989945 3.314819433323375 3.306934048407569 3.3176868460200315 3.320697629351521 3.3128122444357153 3.3381888468011263 3.3030630412670825 3.356253546790063 3.3381888468011263 3.361701630913711 3.3714508340823435 3.396827436447755 3.425644934049154 3.461774334027028 3.4720970197349916 3.4832799292519527 3.4901617197239285 3.4672224181506754 3.455466026094383 3.4637815229146875 3.4867208244879406 3.4832799292519527 3.4696597189428338 3.452455242762894 3.461774334027028 3.456469620538213 3.4642116348191863 3.4672224181506754 3.4579033268865413 3.453028725302225 3.4715235371956603 3.492599020516087 3.4964700276565734 3.550090645084053 3.5271513435107993 3.588800716488917 3.536040322870435 3.5638542260280044
3.140910853271149 3.182058225468172 3.203420450058264 3.3158230277672045 3.342633336480944 3.365142526149699 3.3645690436103677 3.383637338043134 3.392382946767937 3.3767555475711584 3.389945645975779 3.3655726380541973 3.4203402205603393 3.352382539649577 3.3724544285261735 3.360267924565383 3.370447239638514 3.3895155340712804 3.3850710443914624 3.4002683316837428 3.4055730451725577 3.3568270293293945 3.3294432380763235 3.3255722309358373 3.346504343621431 3.328009531727995 3.306934048407569 3.2981884396827663 3.2996221460310946 3.303636523806414 3.2796936277893307 3.2815574460421577 3.2551772492329167 3.246431640508114 3.2439943397159556 3.2606253333565642 3.285571823817477 3.2987619222220976 3.3363250285482997 3.314389321418876 3.3586908475822215 3.3440670428292725 3.342633336480944
3.2669336412892087 3.343636930924774 3.3939600237510983 3.470089830847332 3.4544624316505534 3.492599020516087 3.481272740364293 3.480269145920463 3.465645341167514 3.436827843566115 3.430949647537969 3.4148921364366918 3.411451241200704 3.3748917293183314 3.3635654491665377 3.3158230277672045 3.315249545227873 3.3133857269750466 3.2953210269861097 3.29130664921079 3.2561808436767463 3.2508761301879314 3.258188032564406 3.234245136547323 3.2196213317943743 3.1883665334008167 3.1609827421477457 3.1463589373947967 3.131735132641848 3.1278641255013615 3.103347746944947 3.0946021382201443 3.0546017311017843 3.075103731882879 3.080408445371694 3.0779711445795357 3.088723942191998 3.089727536635828 3.076107326326709 3.0956057326639743 3.0970394390123026 3.1185450342372274 3.1039212294842784
3.4589069213303714 3.526721231606301 3.5340331339827755 3.574607023640467 3.6082991228261827 3.605288339494693 3.5364704347749334 3.5115239443140207 3.516972028437668 3.5125275387578503 3.4877244189317707 3.439265144358273 3.4179029197681814 3.3939600237510983 3.3450706372731025 3.301629334918754 3.269370942081367 3.235678842895651 3.2123094294178998 3.1971121421256194 3.1756065469006947 3.1746029524568646 3.101914040596619 3.093168431871816 3.0775410326750374 3.054028248562453 3.0252107509610537 3.0032750438316302 2.9979703303428153 2.9994040366911436 2.92327422959491 2.895890438341839 2.901768634369985 2.8987578510384955 2.8920194312013523 2.883130451841717 2.884564158190045 2.882700339937218 2.8558900312234785 2.889582130409194 2.8528792478919893 2.871947542324756 2.863201933599953
3.6298047180511075 3.6746797267537836 3.6986226227708667 3.718121029108132 3.70636463705184 3.668801530725638 3.6434249283602265 3.6174748434554838 3.5945355418822307 3.543782337151408 3.4983338459094 3.456469620538213 3.4266485284929837 3.3758953237621614 3.3118086499918853 3.2620590397048925 3.200983149266106 3.1565382524679277 3.1151041390012395 3.0814120398155236 3.0594763326861005 3.0355334366690174 2.9866440501910216 2.9813393367022067 2.945209936724333 2.9192598518195902 2.8977542565946655 2.8763920320045737 2.8646356399482813 2.795817735228522 2.7576811463629882 2.7327346559020755 2.753810139222502 2.733308138441407 2.7191144455929566 2.7030569344916793 2.670798541654292 2.6590421495979997 2.6263536448561142 2.6082889448671773 2.6219091551762963 2.628790945648272 2.59122783932207
