static/ASC_sea/1979/08/ERA5V/00.asc
ncols         201
nrows         201
xllcorner     105.0
yllcorner     0.0
cellsize      0.25
NODATA_value  -32767
[rows 95 to 113 of 201, columns 0 to 42 of 201]
0.19278048920361845 0.22690270029383264 0.2611682820188794 0.3064734026260547 0.3641083978288533 0.45887638745335524 0.4852565842625962 0.44855370174539155 0.3578000898962084 0.22833640664216093 0.1067581083039193 0.0795176876856809 0.22890988918149224 0.10087991227577309 -0.11446278124314091 -0.21639930260928475 -0.18026990263141096 -0.1212012010802841 -0.048942401124536516 -0.04019679239973417 0.08238510038233748 0.14288750828179309 0.18933959396763056 0.20439351062507782 0.15507401224258377 -0.06313609397298725 -0.13682860027706312 -0.10370998363067851 -0.007508287657848278 0.06575410674172932 0.11320978687139682 0.21514630823754022 0.24296021139510993 0.16338950906288785 0.06718781309005761 0.0848224011744958 0.24109639314228293 0.16396299160221917 0.23177730187814882 0.3226742843621646 0.3636782859243546 0.3348607883229553 0.2874051081932878
0.1067581083039193 0.08768981387115238 0.16009198446173256 0.16640029239437748 0.14976929875376888 0.20740429395656745 0.3338571938791257 0.3005952065979085 0.20195620983291995 0.10245698925893398 0.05457119722476822 0.0795176876856809 0.11120259798373677 -0.12808299155226033 -0.26915969622776714 -0.286220801772874 -0.18471439231122888 -0.034748708276086226 0.045252105960634115 0.1263998852760171 0.22934000108599095 0.21959079791735814 0.1288371860681754 0.009696188522091642 -0.1471512859850268 -0.15876430740648617 -0.03388848446708925 0.11894461226470998 0.19464430745644545 0.1649665860460492 0.20353328681608085 0.21084518919255535 0.23177730187814882 0.2654694010638643 0.3040361018338964 0.2991615002495802 0.10087991227577309 0.06389028848890232 0.22403528759717606 0.3514917819635639 0.3651119922726829 0.3005952065979085 0.2987313883450815
0.025323587718870222 0.053567602780938195 0.13514549400081988 0.07708038689352303 0.0022409155107845358 0.05457119722476822 0.2605947994795481 0.19378408364744848 0.07894420514634959 0.056578386112427825 0.11751090591638169 0.13514549400081988 0.04138109882014751 -0.06700710111347341 -0.1652159859739637 -0.1398393836085523 -0.034748708276086226 0.07708038689352303 0.09657879323078822 0.23235078441748014 0.264035694715536 0.07794061070252001 -0.26715250734010754 -0.4459356889766495 -0.27460778035141464 -0.0010566090903707526 0.14933918684927017 0.14876570430993885 0.10245698925893398 0.09356800989929859 0.20926811220939445 0.2699138907436822 0.3304162986431374 0.37873220258180185 0.3821730978177902 0.2977277939012519 0.046685812308962404 0.07607679244969301 0.236651903462465 0.39579330812690916 0.44812358984089284 0.4270481065204663 0.40812318272253245
-0.1177603058442962 -0.12464209631627199 -0.018691197174808938 -0.027006693995113462 -0.04851228922003825 -0.014246707494991462 -0.008368511466845252 -0.010805812259003122 0.0032445099546141165 0.1288371860681754 0.18489510428781264 0.0667577011855589 -0.012813001146663172 0.02030561549972143 0.07120219086537682 0.11077248607923851 0.1321347106693307 0.132708193208662 0.0994462059274448 0.25672379233906195 0.15708120113024338 -0.14069960741754928 -0.41224358979093356 -0.23747478592971127 0.014570790106407827 0.14876570430993885 0.010126300426590351 -0.003493909882529067 0.06876489007321851 0.19421419555194674 0.40167150415505537 0.3807393914694619 0.41930609223949356 0.41242430176751776 0.3876211819414377 0.2713475970920105 0.09113070910714027 0.14532480907395096 0.26159839392337814 0.43349978508794385 0.5526407826340276 0.5443252858137235 0.5286978866169445
-0.19346000103603167 -0.23503748513755296 -0.17009058755827988 -0.1124555923554813 -0.11690008203529922 -0.18170360897973925 -0.22958940101390546 -0.08263450031025243 0.10188350671960267 0.20783440586106572 0.14045020748963477 -0.003063797978030358 -0.018691197174808938 0.12783359162434538 0.14446458526495398 0.008692594078262061 -0.021128497966967252 -0.139265901069221 -0.06700710111347341 0.053997714685436904 -0.05682778604034233 -0.26772598987943885 -0.08607539554624033 0.12138191305686785 0.16883759318653535 0.09457160434312861 0.05313749087643993 0.21371260188921193 0.33185000499146566 0.38848140575043466 0.40998700097535945 0.3177996827778484 0.3474774041882447 0.32840910975547777 0.2518491907547453 0.15263671145042546 0.09170419164647159 0.18202769159115606 0.3050396962777264 0.5051851025043601 0.6316380024269184 0.6971583825455228 0.6825345777925738
-0.27059340257609543 -0.20478628118782538 -0.1593377899458175 -0.1124555923554813 -0.167653286766122 -0.20277909230016578 -0.1378321947208927 0.03994739247181922 0.16984118763036538 0.09457160434312861 0.021882692482882327 -0.03388848446708925 -0.007938399562346543 0.1067581083039193 0.03263549009534472 -0.10801110267566383 -0.27260059146375504 -0.34199197872284604 -0.11345918679931133 -0.11188210981614999 -0.16951710501894857 0.051130301988780325 0.24296021139510993 0.2679067018560226 0.20496699316440914 0.13313830511316027 0.21715349712519982 0.3661155867165129 0.3119214867497022 0.3123515986542005 0.3367246065757823 0.3728540065536561 0.40654610573937155 0.32840910975547777 0.24640110663109782 0.20597058760823916 0.19378408364744848 0.24296021139510993 0.3695564819525008 0.5666911048476453 0.6614590944721472 0.6971583825455228 0.6009566865726921
-0.24579028275001535 -0.059265086832500646 -0.02987410669177004 -0.1339611875804061 -0.18958899389554507 -0.09725830506320143 0.006255293286103747 0.09457160434312861 0.0428148051684758 -0.032311407483928356 -0.05338689080435444 -0.07001788444496304 -0.019121309079307647 -0.011809406702833147 -0.08363809475408202 -0.16808339867062028 -0.3331029993632102 -0.23546759704205167 -0.026433211455782146 -0.1158964875914692 -0.1031365010913472 0.11851450036021127 0.3876211819414377 0.39435960177858087 0.2841075835921325 0.22059439236118816 0.2938567867607653 0.2699138907436822 0.21514630823754022 0.22690270029383264 0.3446099914915881 0.43694068032393174 0.4109905954191895 0.332423487530797 0.36066750259286495 0.348050886727576 0.334287305783624 0.29973498278891153 0.42274698747548145 0.5061886969481901 0.6003832040333608 0.5623899858026604 0.43392989699244255
-0.10213290664751762 0.02862111232002551 -0.05281340826502312 -0.15546678280533133 -0.10758099077116512 0.006685405190602012 -0.03775949160757586 -0.09094999713055651 -0.1465778034456955 -0.1382623066253914 -0.1603413843896475 -0.08220438840575373 -0.059265086832500646 -0.09094999713055651 -0.029443994787271333 -0.09926549395086104 -0.020698386062468543 0.11564708766355469 0.0809513940340092 -0.07331540904611833 -0.054820597152682726 0.21328248998471366 0.4846831017232649 0.5149343056729929 0.3783020906773036 0.2733547859796701 0.2693404082043509 0.24554088282210085 0.23722538600179677 0.2898424089854461 0.3563663835478801 0.334287305783624 0.25672379233906195 0.21858720347352856 0.25772738678289153 0.39579330812690916 0.36310480338502327 0.3153623819856901 0.361671097036695 0.43292630254861253 0.4798085001389487 0.44812358984089284 0.3709901883008291
-0.04994599556836654 -0.049515883663868276 -0.1290865859960899 -0.11345918679931133 -0.024999505107453857 0.007688999634432037 -0.1465778034456955 -0.25453589147481814 -0.23790489783420954 -0.19733100817651827 -0.12019760663645451 -0.027436805899611727 -0.11532300505213788 -0.08951629078222822 0.04912311310112072 0.22647258838933393 0.3578000898962084 0.42762158905979764 0.22245821061401472 0.11163270988823548 0.24554088282210085 0.5018875779032048 0.5750066016679494 0.5808847976960956 0.3490544811714056 0.2825305066089716 0.3358643827667853 0.3299861867386391 0.3338571938791257 0.28898218517644914 0.21916068601285987 0.14833559240544059 0.13170459876483198 0.1083351852870802 0.16539669795054746 0.3005952065979085 0.3162226057946871 0.2972976819967532 0.2928531923169353 0.292279709777604 0.3299861867386391 0.40611599383487285 0.3728540065536561
-0.21539570816545517 -0.09883538204636233 -0.07732978682143754 -0.08163090586642241 -0.08320798284958375 -0.10069920029918933 -0.1749651891425965 -0.26084419940746306 -0.23847838037354085 -0.14958858677718512 -0.053817002708853146 -0.05869160429316933 -0.18471439231122888 -0.07532259793377793 0.1263998852760171 0.3245381026149916 0.4637509890376714 0.5067621794875214 0.4739303041108025 0.4925684866390707 0.5682681818308062 0.45930649935785395 0.3719937827446591 0.3646818803681846 0.2874051081932878 0.3030325073900664 0.24296021139510993 0.15808479557407296 0.14045020748963477 0.13170459876483198 0.11464349321972511 0.132708193208662 0.20740429395656745 0.2810968002606433 0.3407389843511015 0.3567964954523788 0.38704769940210637 0.3177996827778484 0.2831039891483029 0.3036059899293977 0.35923379624453666 0.39435960177858087 0.44324898825657666
-0.26227790575579135 -0.2614176819467944 -0.23446400259822164 -0.20865728832831199 -0.18471439231122888 -0.1583341955019879 -0.11876390028812622 -0.1158964875914692 -0.1158964875914692 -0.059265086832500646 -0.03388848446708925 -0.12220479552411412 -0.23159658990156506 -0.07919360507426454 0.039373909932487905 0.17313871223152066 0.3241079907104929 0.4978732001278856 0.7649726928214524 0.7371587896638827 0.41242430176751776 0.0886934083149824 -0.013386483685994488 0.13557560590531859 0.2879785907326191 0.1448946971694527 -0.020124903523137228 -0.007938399562346543 0.15607760668641335 0.3099142978620426 0.2605947994795481 0.20252969237225127 0.23765549790629503 0.2947170105697623 0.3182297946823467 0.2821003947044729 0.22546899394550435 0.23378449076580843 0.3001650946934098 0.361671097036695 0.4095568890708612 0.46231728268934313 0.5560816778700155
-0.1652159859739637 -0.23847838037354085 -0.24579028275001535 -0.22571839387341885 -0.1871516931033872 -0.152025887569343 -0.16621958041779372 -0.13152388678824822 -0.03718600906824454 0.01700809089856614 -0.018261085270310673 -0.13152388678824822 -0.12994680980508688 0.06919500197771722 0.12195539559619917 0.17313871223152066 0.3109178923058722 0.5477661810497114 0.8333604856367134 0.5823185040444239 0.1361490884446499 -0.1031365010913472 -0.017687602730979357 0.20539710506890785 0.22690270029383264 0.1083351852870802 0.0775104987980213 0.19321060110811716 0.3269754034071495 0.3172262002385171 0.19321060110811716 0.18202769159115606 0.21328248998471366 0.291419485968607 0.3387317954634419 0.2831039891483029 0.10632799639942059 0.16926770509103406 0.3026023954855681 0.37930568512113316 0.3914921890819243 0.37873220258180185 0.41385800811584605
-0.017687602730979357 -0.056254303501011016 -0.18170360897973925 -0.19403348357536299 -0.19690089627201957 -0.18815528754721678 -0.24908780735117064 -0.1999116796035092 -0.09682819315870272 -0.007508287657848278 -0.020124903523137228 -0.04750869477620823 -0.009945588450006149 0.19765509078793464 0.21027170665322403 0.22546899394550435 0.292279709777604 0.5116367810718376 0.5784474969039373 0.36998659385699906 0.1160771995680534 0.15851490747857166 0.29973498278891153 0.46131368824551355 0.39048859463809427 0.3251115851543229 0.3030325073900664 0.3186599065868454 0.20984159474872577 0.14145380193346435 0.22446539950167432 0.293283304221434 0.3783020906773036 0.47880490569511913 0.5071922913920197 0.41486160255967564 0.320667095474505 0.3377282010196119 0.43536360334077084 0.4984466826672169 0.43780090413292916 0.3675492930648412 0.2918495978731057
-0.02155860987146596 -0.032311407483928356 -0.12464209631627199 -0.17009058755827988 -0.17883619628308267 -0.3243573906384074 -0.3594831961724516 -0.27890889939639996 -0.1979044907158496 -0.11632659949596791 -0.11532300505213788 -0.13740208281639443 -0.012813001146663172 0.26016468757504985 0.3050396962777264 0.3299861867386391 0.4022449866943867 0.44855370174539155 0.43149259620028424 0.40468228748654456 0.5208125017011387 0.5321387818529324 0.5453288802575531 0.6399534992472224 0.5569419016790125 0.42618788271146935 0.37930568512113316 0.374431083536817 0.2972976819967532 0.2752186042324971 0.347047292283746 0.42217350493615013 0.6497027024158553 0.7410297968043693 0.7968009737543409 0.7840409872542189 0.6423908000393808 0.5208125017011387 0.62920070163476 0.6029638754603517 0.5175149770999838 0.43980809302058876 0.40711958827870287
-0.07976708761359586 -0.08607539554624033 -0.09625471061937141 -0.127509509012929 -0.26227790575579135 -0.3732467771164032 -0.3712395882287436 -0.2959700049415068 -0.27116688511542675 -0.2574033041714747 -0.27503789225591335 -0.1979044907158496 0.03406919644367301 0.3529254883118922 0.4984466826672169 0.5100597040886763 0.5808847976960956 0.6433943944832103 0.6283404778257631 0.6995956833376806 0.7903492951868634 0.7274095864952503 0.7190940896749458 0.7225349849109337 0.6502761849551866 0.5165113826561538 0.40711958827870287 0.47005929697031634 0.5051851025043601 0.45056089063305116 0.5252569913809566 0.6155804913256411 0.807983883271302 0.8524287800694799 1.0150110799699117 1.425194466226645 0.9861935823685126 0.8162993800916061 0.9837562815763543 1.1707115893983677 1.0046883942619478 0.9896344776045005 1.01744838076207
-0.11446278124314091 -0.11690008203529922 -0.12951669790058862 -0.16077149629414578 -0.30184820096965304 -0.28722439621670404 -0.27360418590758506 -0.27790530495256993 -0.2941061866886798 -0.300844606525823 -0.27890889939639996 -0.13539489392873483 0.17657960746750856 0.5116367810718376 0.7347214888717248 0.7688436999619386 0.8455469895975041 0.9007446840081443 0.9437558744579944 0.8806727951315478 0.8875545856035241 0.8621779832381127 0.8494179967379907 0.7869083999508755 0.6922837809612061 0.5745764897634511 0.5418879850215652 0.6072649945053366 0.6307777786179214 0.5857593992804118 0.6624626889159773 0.7606715737764671 0.8485577729289937 1.0525741862961138 1.3006053845569137 1.8368115588317067 1.2835442790118068 1.1522167775049323 1.5545147788458598 1.7968111517133463 1.624336278009449 1.6545874819591766 1.6907168819370504
-0.10170279474301891 -0.1490151042378538 -0.19589730182818998 -0.24722398909834364 -0.3150382993742733 -0.27991249384022954 -0.18084338517074228 -0.19403348357536299 -0.1603413843896475 -0.1558968947098296 -0.07431900348994791 0.11464349321972511 0.42174339303165187 0.6360824921067358 0.8694898856145872 0.9701360712672353 1.0306384791666905 1.0844024672290027 1.0393840878914933 0.9764443791998798 0.9504942942951371 0.9681288823795757 0.9397414966826747 0.778736273765404 0.6819610952532424 0.4964394937795573 0.4749338985546325 0.5940748961007163 0.6117094841851545 0.6151503794211424 0.7781627912260727 0.8739343752944047 1.2904260694837826 1.535446484413093 1.785054759657054 2.1082121705702583 1.6214688653127924 1.69372766526854 2.0965991491487985 2.223052049071357 2.0521542523506207 2.110649471362416 2.100900268193784
-0.08951629078222822 -0.125645690760102 -0.21941008594077438 -0.300844606525823 -0.369232399341084 -0.26915969622776714 -0.1505921812210147 -0.023995910663623832 0.07062870832604551 0.16984118763036538 0.2879785907326191 0.416438679542837 0.5043248786953631 0.6766563817644276 0.9496340704861401 1.081391683897513 1.1546540782970904 1.1327183711676672 1.0868397680211608 1.020889275998058 0.9955126736326467 0.9871971768123422 0.9094902927329471 0.7254023976075907 0.5297014810607745 0.3094841859575439 0.3036059899293977 0.496869605684056 0.60540117625251 0.7694171825012699 0.983326169671856 1.3079172869333882 1.77573566839292 2.2591814490492306 2.5350265504675997 2.546209459984561 2.3773188521514843 2.3880716497639467 2.4095772449888715 2.40900376244954 2.390508950556105 2.458896743371366 2.4242010497418205
-0.12220479552411412 -0.10758099077116512 -0.20564650499682235 -0.2847870954245457 -0.3424220906273443 -0.22041368038460396 -0.06514328286064686 0.08195498847783922 0.251275708215414 0.4710628914141459 0.5120668929763359 0.5155077882123242 0.5985193857805338 0.942178797474833 1.2557303758542373 1.5159480780758279 1.4960195598340642 1.3821832757767953 1.3801760868891357 1.3196736789896804 1.0383804934476635 0.9535050776266267 0.9104938871767772 0.8524287800694799 0.6580181992361593 0.5838955810275852 0.6370860865505659 0.8889882919518524 1.013003891082252 1.2904260694837826 1.7938003683818569 2.181044453065337 2.3933763632527616 2.6282174631089408 2.702483451952348 2.6771068495869366 2.680547744822925 2.652160359126024 2.6263536448561142 2.6336655472325887 2.664920345626146 2.6736659543509487 2.7087917598849924
