static/ASC_sea/1979/07/ERA5V/00.asc
ncols         201
nrows         201
xllcorner     105.0
yllcorner     0.0
cellsize      0.25
NODATA_value  -32767
[rows 38 to 56 of 201, columns 88 to 131 of 201]
0.4742200910029126 0.38284176407697457 0.32617303420042365 0.2906134062028882 0.2872132824102951 0.313564241802891 0.22275260217571846 0.2944385454695553 0.4951875210572365 0.7125121001338086 0.6787942058572609 0.6490431226720714 0.702170056931338 0.906319156311612 1.0240484426301462 1.0953093704499086 1.1382359333313958 1.17776237242029 1.1885294310968346 1.1344107940647286 1.0761836741165727 0.9897638610548327 0.9224697443264289 0.8672177326967918 0.7955317894029554 0.6997616359115844 0.5967662193609535 0.5303221335806976 0.48881228894612416 0.47464510647698654 0.46203631407945434 0.4492858498572301 0.44149389949920437 0.4576444875140213 0.46741984341772636 0.48201204136093834 0.5177133411831654 0.5195550749041531 0.5425059105041563 0.5572397802720594 0.5630483250844058 0.5723986655140365 0.5620566223115664 0.5273470252621788
0.21736907283744644 0.19144312891892445 0.14412473947200466 0.22416932042263227 0.2534953881337474 0.28664659511152957 0.22955284976090473 0.3746247982448745 0.5757987893066296 0.8164992194572789 0.773997672049866 0.7426881987930716 0.7803729041609779 0.8945603948622276 1.017673210519034 1.1001262124894156 1.183712589057328 1.2114802666968376 1.1949046632079465 1.1450361809165819 1.094742683151143 1.0591830551536074 1.0098812601610083 0.9815468952227331 0.9146777939684032 0.8087072690992532 0.7241291897585014 0.6763857848375072 0.6343092529041683 0.6177336494152774 0.5987496249066329 0.586424176158483 0.5644650433313196 0.551856250933787 0.561631606837492 0.5757987893066296 0.5830240523658898 0.5811823186449021 0.5782072103263833 0.5967662193609535 0.5953495011140397 0.5757987893066296 0.5674401516498384 0.5386807712374888
0.11097353249422248 0.14454975494607858 0.2554787936794267 0.30619730691893965 0.2744628181880713 0.2554787936794267 0.26667086783004557 0.45169427087698377 0.6508848563930596 0.8520588474548147 0.8476670208893817 0.8925769893165483 0.9508041092647042 1.0430324671387905 1.113868379484479 1.174362248627697 1.210488563923998 1.1953296786820207 1.176345654173376 1.1406443543511493 1.1060764291264533 1.0835506090005245 1.0528078230424955 1.0234817553313806 0.9595877623955698 0.8935686920893882 0.8564506740202473 0.8105490028202413 0.77442268752394 0.7530302419955421 0.718320644946155 0.6831860324226935 0.6640603360893573 0.651876559165899 0.6430929060350339 0.6474847326004665 0.6572600885041715 0.6602351968226903 0.658251791277011 0.6514515436918251 0.6157502438695981 0.5879825662300879 0.585999160684409 0.550297860862182
0.015628394476925767 0.04736288320779414 0.2339446763263373 0.34034021666956127 0.3428903095140061 0.3702329716794419 0.5009960658695829 0.6528682619387389 0.8404417578301215 0.9985475141856983 1.1050847263536137 1.141636057123989 1.1524031158005335 1.1759206386993022 1.1939129604351069 1.223239028146222 1.2100635484499238 1.2007132080202931 1.1963213814548603 1.1626034871783126 1.15821166061288 1.1558032395931266 1.1216603298425047 1.0708001447783004 1.0132813839536015 0.9561876386029766 0.9170862149881565 0.8823766179387693 0.8486587236622216 0.8189076404770326 0.7676224399387541 0.7344712329609719 0.7256875798301063 0.723704174284427 0.7149205211535619 0.7081202735683756 0.7271042980770202 0.7241291897585014 0.7153455366276358 0.7007533386844242 0.663210305141209 0.6412511723140457 0.6217004605066356 0.5600732167658871
-0.08198349273543304 -0.17421185060951938 -0.011714267688510027 0.17628424367694695 0.3550740864374644 0.6055498724918187 0.8512088165066665 1.0664083182128679 1.243214755427706 1.3467768592771026 1.3946619360227879 1.3707193976499452 1.32283432090426 1.2847246000622794 1.2408063344079527 1.2090718456770844 1.1861210100770812 1.1847042918301673 1.206663424657331 1.200288192546219 1.1963213814548603 1.1865460255511553 1.1509863975536196 1.1079181628474413 1.0625831789462006 1.0220650370844668 0.9961390931659451 0.961996183415323 0.9185029332350703 0.8574423767930868 0.8316581046992564 0.8208910460227119 0.8194743277757981 0.8159325321585134 0.8057321607807344 0.7929816965585106 0.7764060930696193 0.7632306133733211 0.7554386630152954 0.7558636784893698 0.7227124715115876 0.677802503084421 0.6211337732078701 0.5791989130992228
-0.020497920819375626 -0.07957507171567979 -0.1059260311082757 0.08405588580286061 0.45509439466957646 0.8775597758992624 1.1641618772499178 1.4341883751116822 1.6162366698401014 1.6846641611660365 1.6509462668894888 1.5669348748475023 1.4599726472055126 1.3647691810129075 1.3022919063240102 1.265740575553635 1.2481732692919043 1.2466148792202991 1.2603570462153626 1.2769326497042537 1.2617737644622764 1.2280558701857287 1.1963213814548603 1.159770050684485 1.1196769242968254 1.0753336431684246 1.0240484426301462 0.9755966785856951 0.9296950073856891 0.901502314272105 0.8941353793881537 0.8857767417313624 0.8692011382424711 0.855600643072099 0.8438418816227147 0.829674699153577 0.8155075166844394 0.8057321607807344 0.7875981672202381 0.7584137713338146 0.7354629357338114 0.6987699331387449 0.6474847326004665 0.6045581697189792
0.08405588580286061 0.044529446713966525 0.08547260404977441 0.2906134062028882 0.6309091291115752 0.9170862149881565 1.3130589650005549 1.6284204467635597 1.8331362334425993 1.852120257951244 1.8169856454277824 1.7295741295932028 1.595835927084543 1.5014824918400862 1.414637663304272 1.332609676807965 1.3188675098129012 1.319859212585741 1.3316179740351253 1.3360098006005579 1.2959166742128982 1.252990111331411 1.216438780561036 1.176345654173376 1.1358275123116424 1.0953093704499086 1.0338237985338512 0.9903305483535982 0.9731882575659418 0.9707798365461886 0.9512291247387785 0.9238864625733427 0.9023523452202533 0.8769930886004969 0.8618342033585198 0.8520588474548147 0.844266897096789 0.8422834915511097 0.8262745753609839 0.7983652258967826 0.7861814489733243 0.7436799015659115 0.6660437416350367 0.6167419466424375
0.18067607024237953 0.14554145771891802 0.3023721676522726 0.5079379852794603 0.5644650433313196 0.6851694379683728 1.143619462669668 1.8038101657314842 2.0884288615364603 2.0625029176179384 1.9551156745018747 1.8643040348747022 1.7193737582154236 1.6226119019512133 1.5376088071363871 1.4493472603536595 1.4463721520351405 1.4473638548079801 1.4351800778845216 1.4122292422845186 1.3717111004227849 1.3106505439808014 1.2701324021190676 1.2260724646400496 1.1641618772499178 1.1094765529190462 1.0508244174968162 1.0166815077461946 1.0001059042573033 0.9971307959387845 0.9629878861881629 0.9346535212498872 0.9005106114992656 0.865801014449878 0.8526255347535803 0.8847850389585226 0.8847850389585226 0.88039321239309 0.8628259061313592 0.836049931264689 0.8223077642696253 0.7602555050548023 0.677802503084421 0.6474847326004665
0.409759410768336 0.3668328478868488 0.47960362034118464 0.4507025681041439 0.49122070996587786 0.5494478299140337 0.9805551924498932 1.643154316531463 2.079220192931521 2.119738334793255 2.0117844043784254 1.9331565416747114 1.8169856454277824 1.7197987736894977 1.6685135731512195 1.5986693635783706 1.5888940076746656 1.55333437967713 1.5327919650968804 1.4952489315536655 1.4248380346820513 1.3629274472919195 1.3150423705462342 1.2613487489882023 1.1992964897733793 1.117693518751146 1.0761836741165727 1.041615748891877 1.0240484426301462 1.0069061518424895 0.9702131492474231 0.9219030570276634 0.8867684445042019 0.8662260299239524 0.8897435528227207 0.921478041553589 0.916094512215317 0.9194946360079101 0.9019273297461794 0.88039321239309 0.8448335843955546 0.7827813251807312 0.6558433702572577 0.6275090053189825
0.7632306133733211 0.663210305141209 0.6055498724918187 0.5035461587140277 0.5171466538843998 0.5079379852794603 0.875576370353583 1.2172888115091842 1.7373660799512285 2.0083842805858323 2.0263766023216374 1.9610658911389125 1.8892382760203845 1.8247775957858081 1.7842594539240744 1.7377910954253026 1.7056315912203601 1.6655384648327005 1.6098614377289895 1.5489425531116974 1.4545891178672403 1.3848865801190828 1.329634568489446 1.2705574175931418 1.1983047870005397 1.1230770480894186 1.0855340145462036 1.0669750055116334 1.0338237985338512 0.9913222511264381 0.9268615708918615 0.8779847913733367 0.8711845437881505 0.8995189087264257 0.9121277011239584 0.9366369267955665 0.925869868119022 0.9438621898548267 0.9492457191930992 0.9253031808202565 0.8721762465609899 0.7550136475412215 0.6129168073757705 0.5620566223115664
1.062016491647435 0.8492254109609871 0.6738356919930624 0.5957745165881136 0.6362926584498476 0.4966042393041499 0.4614696267806888 0.7354629357338114 1.262340451761042 1.7359493617043147 1.8956135081314964 1.9971922064352137 1.9708412470426175 1.9102057060747084 1.8784712173438398 1.849145149632725 1.8096187105438308 1.742749609289501 1.6690802604499848 1.5611263300351557 1.4497722758277336 1.388286703911676 1.321417602657346 1.2519984085585714 1.1827208862844882 1.1230770480894186 1.087517420091883 1.055216244062249 1.007897854615329 0.9306867101585286 0.870617856489385 0.8364749467387633 0.8608425005856799 0.8995189087264257 0.920911354254824 0.9526458429856923 0.9551959358301367 0.9849470190153262 0.9785717869042143 0.9561876386029766 0.8584340795659267 0.7143538338547963 0.5855741452103347 0.4253433114843874
1.176345654173376 0.9175112304622308 0.7885898699930776 0.7314961246424527 0.7300794063955389 0.6450763115807132 0.5532729691807008 0.561631606837492 0.9238864625733427 1.4501972913018077 1.815002239882103 1.9760831045561986 2.021984775756205 1.9644660149315056 1.9385400710129836 1.9092140033018687 1.8613289265561832 1.759325212778392 1.6553380934549213 1.5376088071363871 1.4297965485462494 1.3687359921042659 1.300308500778331 1.2349977895956061 1.1699704220622642 1.1099015683931204 1.0703751293042263 1.0396323433461976 0.9737549448647074 0.8867684445042019 0.8320831201733303 0.8364749467387633 0.8745846675807436 0.906319156311612 0.952220827511618 0.9883471428079189 1.0406240461190372 1.0460075754573095 1.0308486902153322 0.8975355031807464 0.7500551336770234 0.597757922133793 0.4868288834004453 0.3217812076349911
1.1519781003264593 0.9288449764375408 0.8340665257190096 0.784198043427645 0.6905529673066448 0.5874158789313224 0.5342889446720562 0.5484561271411938 0.6191503676621912 1.0957343859239828 1.5547510979240438 1.8906549942672983 1.9658827331784194 1.9468987086697749 1.9249395758426115 1.881871341136433 1.8086270077709912 1.728157411346289 1.636779084420351 1.5463924602672525 1.448780573054894 1.3741195214425383 1.3188675098129012 1.2641821854820299 1.1978797715264655 1.1328524039931236 1.0825589062276848 1.012714696654836 0.9077358745585258 0.8125324083659207 0.7817896224078917 0.8043154425338206 0.8887518500498812 0.9678047282276694 1.0328320957610115 1.0893591538128709 1.1304439829733701 1.1050847263536137 0.9639795889610023 0.7584137713338146 0.4576444875140213 0.39856733661771715 0.3227729104078305 0.1675005905460818
1.0562079468350887 0.9092942646301307 0.8438418816227147 0.7973735231239432 0.6895612645338054 0.5434976132769958 0.4580695029880957 0.4267600297313012 0.4175513611263617 0.8140907984375256 1.3106505439808014 1.721782179235177 1.8555203817438368 1.898446944625324 1.872095985232728 1.804801868504324 1.7183820554425842 1.669930291398133 1.5982443481042965 1.5293918413042873 1.4775399534672433 1.4429720282425476 1.398062059815381 1.3336013795808046 1.2340060868227667 1.156369926891892 1.0689584110573125 0.9634129016622368 0.8468169899412334 0.773997672049866 0.7769727803683848 0.8350582284918495 0.942020456133839 1.0196566160647134 1.1118849739387997 1.1983047870005397 1.2495899875388181 1.1631701744770782 0.8530505502276542 0.485978852452297 0.1738758226571937 0.3550740864374644 0.36484944234116945 0.21878579108436025
0.9366369267955665 0.8652343271511125 0.8502171137338266 0.8043154425338206 0.6372843612226875 0.3443070277609199 0.24329501675596843 0.20957712247942073 0.2051852959139877 0.5249386042424256 1.0098812601610083 1.4551558051660058 1.754508370738885 1.8203857692203753 1.8335612489166735 1.8271860168055616 1.7666921476623436 1.718807070916658 1.674322117963566 1.623603604724053 1.5914441005191104 1.5332169805709546 1.4707397058820573 1.3804947535536503 1.27551593145734 1.1797457779659692 1.0440241699116302 0.9117026856498844 0.7769727803683848 0.6763857848375072 0.6933864038004725 0.7973735231239432 0.9410287533609991 1.0410490615931114 1.1924962421881933 1.3072504201882085 1.329634568489446 1.060174757926447 0.6377093766967614 0.19342653446460378 0.04792957050655966 0.3887919807140121 0.3975756338448777 0.2090104351806552
0.9799885051511277 0.9639795889610023 0.9340868339511217 0.8130990956646857 0.5748070865337902 0.3027971831263465 0.23536139457325111 0.22558603866954607 0.19200981621768998 0.25788721469917997 0.7364546385066513 1.2471815665190646 1.626578713042572 1.7197987736894977 1.8155689271808686 1.8315778433709942 1.782276048378395 1.7481331386277732 1.707048309467274 1.6738971024894918 1.63975419273887 1.5772769180499726 1.498082368047493 1.4062790256474809 1.2817494917437606 1.1509863975536196 1.0103062756350827 0.8486587236622216 0.7031617597041775 0.6328925346572545 0.6744023792918279 0.7813646069338174 0.8925769893165483 1.0410490615931114 1.1958963659807862 1.3188675098129012 1.3276511629437666 1.0771753768894123 0.6817693141757797 0.2808380502991832 0.1587169374152162 0.328156439746103 0.337931795649808 0.17685093097571247
0.9957140776918707 0.9951473903931052 0.8741596521066692 0.7290877036226995 0.4267600297313012 0.38440015414857953 0.31894777114116346 0.282254768546097 0.16849229331892124 0.17345080718311934 0.5127548273189668 1.0220650370844668 1.504457600158605 1.6894810032055432 1.7836927666253088 1.8199607537463012 1.77250069247469 1.762725336570985 1.7207904764623374 1.6812640373734433 1.6425876292326975 1.555176113398118 1.471731408654897 1.3575439179536473 1.23641450784252 1.0987094942425017 0.9376286295684064 0.77442268752394 0.6099416990572517 0.5542646719535402 0.5909576745486071 0.6812026268770142 0.8121073928918463 1.0088895573881689 1.1983047870005397 1.318442494338827 1.2549735168770904 1.0020893098029826 0.6500348254449113 0.5167216384103255 0.45608609744241635 0.454102691896737 0.27106269439547814 0.10799842417570327
0.9741799603387813 0.9985475141856983 0.8769930886004969 0.6436595933337994 0.3447320432349943 0.3223478949337566 0.28324647131893643 0.24513675047695616 0.08802269689421927 0.0762639354448349 0.4179763766004361 0.9887721582819933 1.4839151855783554 1.6719136969438124 1.7700922714549365 1.8062185867512377 1.7768925190401228 1.7637170393438246 1.7212154919364115 1.6323872578549183 1.587902304901826 1.4902904176894674 1.3970703570425413 1.2827411945166003 1.1504197102548543 0.9697881337733487 0.8081405818004876 0.6622186023683696 0.5151632483387205 0.45665278474118187 0.4966042393041499 0.5874158789313224 0.7466550098844302 0.9136860911955633 1.1055097418276878 1.246189863746225 1.1783290597190554 0.8833683207116088 0.7329128428893665 0.6015830614004605 0.7051451652498568 0.4385187911806856 0.25647049645226616 0.2539204036078213
0.9629878861881629 0.9702131492474231 0.7827813251807312 0.5478894398424283 0.33113154806462175 0.3042139013732603 0.26525414958313176 0.21878579108436025 0.0826391675559468 0.08703099412137938 0.49759594207698976 1.0699501138301521 1.5737351224326883 1.7134235415783858 1.812027131563584 1.8233608775388943 1.7964432308475327 1.7583335100055524 1.6680885576771454 1.5786936362968864 1.501057476366012 1.4088291184919257 1.3154673860203083 1.146594570988187 0.9791384742029798 0.7905732755387569 0.631900831884415 0.48541216515353147 0.3588992257041319 0.3115808362572121 0.3516739626448717 0.45466937919550254 0.6035664669461398 0.728521016323934 0.9556209513042111 1.0967260886968224 1.017673210519034 0.6500348254449113 0.4991543321485947 0.5019877686424223 0.6690188499535559 0.4053675842029034 0.35847421023005754 0.3564908046843782
