static/ASC_sea/1979/07/ERA5V/00.asc
ncols         201
nrows         201
xllcorner     105.0
yllcorner     0.0
cellsize      0.25
NODATA_value  -32767
[rows 95 to 113 of 201, columns 132 to 175 of 201]
2.8320642693414975 2.85699851048718 2.858415228734094 2.8506232783760677 2.8394312042254493 2.834047674887177 2.8550151049415007 2.869748974709404 2.879524330613109 2.8887329992180484 2.8960999341019997 2.8926998103094066 2.8779659405415035 2.8677655691637245 2.8550151049415007 2.834047674887177 2.811521854761248 2.786729285440257 2.767603589106921 2.7500362828451905 2.723685323452594 2.6865673053834533 2.650015974613078 2.622106625148877 2.5909388237167743 2.556654242141461 2.5264781434821977 2.491343530958736 2.459609042227868 2.437508237576013 2.4180991975932944 2.4053487333710706 2.380414492225388 2.357038641151311 2.3330961027784682 2.308728548931551 2.2905945553710554 2.2700521407908054 2.2636769086796935 2.2646686114525334 2.2764273729019173 2.2945613664624136 2.3091535644056256 2.3330961027784682
2.846231451810635 2.8516149811489075 2.8482148573563144 2.8492065601291543 2.843823030790882 2.827672442776065 2.8282391300748304 2.8330559721143374 2.845806436336561 2.852606683921747 2.8486398728303888 2.8320642693414975 2.806705012721741 2.7827624743488983 2.7681702764056864 2.753436406637783 2.743661050734078 2.740827614240251 2.737427490447658 2.71192656200321 2.677783652252588 2.6406656341834474 2.6085061299785046 2.583146873358748 2.554812508420473 2.5346951093142973 2.5117442737142945 2.480009784983426 2.4482752962525574 2.420932634087122 2.3857980215636605 2.3624221704895834 2.3404630376624196 2.314962109217972 2.291586258143895 2.276994060200683 2.267643719771052 2.254468240074754 2.2622601904327797 2.274018951882164 2.289177837124141 2.3067451433858723 2.317512202062417 2.3384796321167407
2.857423525961254 2.8715907084303915 2.8594069315069333 2.8404229069982887 2.825264021756311 2.811521854761248 2.8144969630797667 2.8218638979637185 2.8354643931340906 2.8320642693414975 2.807696715494581 2.7813457561019845 2.744652753506918 2.719860184185927 2.7071097199637033 2.7071097199637033 2.7110765310550615 2.721276902432841 2.7173100913414823 2.690959131948886 2.6553995039513505 2.6167230958106047 2.5801717650402294 2.5512707128031886 2.539653623178496 2.523928050637753 2.5059357289019477 2.4869517043933036 2.4600340577019417 2.4268828507241595 2.3941566592204517 2.3564719538525454 2.313545390971058 2.2886111498253756 2.275435670129078 2.2636769086796935 2.2524848345290747 2.257868363867347 2.2734522645833986 2.2905945553710554 2.3043367223661186 2.3193539357834045 2.3330961027784682 2.370639136321683
2.896524949576074 2.8877412964452085 2.8667738663908846 2.8486398728303888 2.8316392538674235 2.816480368625446 2.8023131861563084 2.7959379540451965 2.8071300281958154 2.797921359590876 2.7725621029711194 2.7344523821291387 2.690534116474812 2.6811837760451813 2.6821754788180208 2.6865673053834533 2.700309472378517 2.708526438210617 2.700309472378517 2.681750463343947 2.6470408662945593 2.608931145452579 2.5733715174550436 2.551837400101954 2.5416370287241747 2.529878267274791 2.517127803052567 2.4985687940179964 2.473634552872314 2.4410500331932976 2.404923717896996 2.369222418074769 2.3325294154797027 2.3095785798796995 2.2945613664624136 2.2794024812204365 2.277419075674757 2.283794307785869 2.2905945553710554 2.305186753314267 2.3189289203093306 2.334512821025382 2.3672390125290903 2.4205076186130476
2.937609778736573 2.9166423486822497 2.8960999341019997 2.8691822874106383 2.8486398728303888 2.8135052603069273 2.788146003687171 2.7763872422377864 2.775395539464947 2.7651951680871676 2.731052258336546 2.6899674291760465 2.651432692859992 2.651857708334066 2.654407801178511 2.6685749836476487 2.6827421661167863 2.6835921970649346 2.680758760571107 2.66460817255629 2.6358487921439404 2.5987307740747996 2.5703964091365243 2.5512707128031886 2.533703406541458 2.525486440709358 2.5117442737142945 2.4903518281858963 2.4640008687933004 2.4512504045710766 2.4219243368599614 2.3891981453562536 2.3536385173587178 2.3287042762130357 2.3091535644056256 2.297394802956241 2.294986381936488 2.2945613664624136 2.303770035067353 2.3179372175364907 2.332104400005629 2.3624221704895834 2.4057737488451445 2.4610257604747816
2.955177084998304 2.9312345466254612 2.9106921320452117 2.881932751632862 2.831072566568658 2.793104517551369 2.7515946729167955 2.7286438373167923 2.7270854472451873 2.7280771500180268 2.695350958514319 2.664183157082216 2.6324486683513477 2.6264984517143097 2.6230983279217166 2.6368404949167803 2.6406656341834474 2.639673931410608 2.6474658817686336 2.6304652628056684 2.60595603713406 2.5849886070797363 2.557220929440226 2.548437276309361 2.5312949855217046 2.516136100279727 2.5005521995636757 2.479584769509352 2.4674009925858935 2.4546505283636697 2.43410811378342 2.410165575410577 2.3760226656599555 2.3510884245142734 2.3316793845315544 2.325729167894517 2.3223290441019238 2.325729167894517 2.333521118252542 2.34768830072168 2.3662473097562504 2.3975567830130444 2.4312746772895926 2.4708011163784867
2.956168787771144 2.92386761174151 2.901483463440272 2.85699851048718 2.8057133099489016 2.761228356995809 2.7129182647760497 2.690534116474812 2.685575602610614 2.6865673053834533 2.6787753550254276 2.6504409900871524 2.6294735600328285 2.6133229720180116 2.607939442679739 2.6035476161143065 2.607514427205665 2.605106006185912 2.613889659316777 2.5967473685291207 2.5869720126254157 2.5660045825710918 2.556654242141461 2.5504206818550403 2.5346951093142973 2.5147193820328133 2.4985687940179964 2.4897851408871308 2.478026379437747 2.471792819151326 2.4560672466105835 2.432691395536506 2.4087488571636637 2.383814616017981 2.3794227894525486 2.3746059474130417 2.374039260114276 2.377014368432795 2.3814061949982275 2.377014368432795 2.3955733774673655 2.4155491047488495 2.439066627647618 2.4644258842673743
2.948376837413118 2.9102671165711373 2.8725824112032314 2.827672442776065 2.7921128147785295 2.7490445800723506 2.7031429088723447 2.6915258192476514 2.6835921970649346 2.677358636778514 2.6699917018945625 2.654407801178511 2.639673931410608 2.6211149223760373 2.610489535524184 2.605531021659986 2.600714179620479 2.599155789548874 2.5937722602106015 2.5835718888328225 2.5762049539488707 2.574221548403192 2.5664295980451657 2.5576459449143005 2.539653623178496 2.5244947379365184 2.5099025399933064 2.502535605109355 2.499135481316762 2.4957353575241688 2.4897851408871308 2.468392695358733 2.4478502807784834 2.4438834696871248 2.440483345894532 2.4384999403488528 2.436091519329099 2.4282995689710734 2.407757154390824 2.402940312351317 2.397981798487119 2.4131406837290963 2.4282995689710734 2.432691395536506
2.92386761174151 2.885757890899529 2.8452397490377956 2.814071947605693 2.7797873660303796 2.764203465314328 2.7286438373167923 2.714901670321729 2.694359255741479 2.6865673053834533 2.6767919494797483 2.666024890803204 2.6568162221982643 2.6342904020723354 2.6264984517143097 2.623665015220482 2.6182814858822097 2.6113395664723322 2.5923555419636877 2.587538699924181 2.5801717650402294 2.5811634678130693 2.5752132511760313 2.566996285343931 2.542062044198249 2.532286688294544 2.5181195058254064 2.517694490351332 2.5147193820328133 2.5133026637858995 2.5157110848056528 2.506360744376022 2.5059357289019477 2.5019689178105895 2.4957353575241688 2.4957353575241688 2.473634552872314 2.450683717272311 2.42589114795132 2.4117239654821825 2.404923717896996 2.399965204032798 2.4057737488451445 2.395148361993291
2.891708107536567 2.85600680771434 2.8380144859785355 2.8169053840995204 2.8013214833834685 2.7925378302526034 2.7725621029711194 2.74281101978593 2.7188684814130872 2.6963426612871584 2.6811837760451813 2.668008296348883 2.6621997515365368 2.6416573369562872 2.6474658817686336 2.643640742501966 2.6378321976896197 2.6362738076180148 2.6211149223760373 2.6119062537710978 2.5997224768476395 2.5849886070797363 2.5723798146822037 2.5538208056476335 2.5278948617291115 2.5069274316747876 2.499560496790836 2.506360744376022 2.5151443975068872 2.5181195058254064 2.5308699700476303 2.529878267274791 2.5303032827488647 2.5201029113710858 2.5099025399933064 2.499560496790836 2.4624424787216954 2.4414750486673715 2.4151240892747756 2.4019486095784774 2.400390219506872 2.402940312351317 2.3921732536747724 2.369222418074769
2.8681905846377984 2.8418396252452025 2.8286641455489043 2.819880492418039 2.8120885420600135 2.803304888929148 2.7911211120056896 2.7701536819513657 2.734877397603213 2.6993177696056776 2.670983404667402 2.655824519425425 2.6553995039513505 2.6494492873143125 2.66460817255629 2.6704167173686364 2.668008296348883 2.664183157082216 2.6490242718402386 2.6324486683513477 2.6113395664723322 2.585555294378502 2.555662539368621 2.5269031589562716 2.51131925824022 2.5035273078821945 2.5079191344476275 2.5133026637858995 2.517127803052567 2.5244947379365184 2.5416370287241747 2.535261796613063 2.5269031589562716 2.5107525709414547 2.4957353575241688 2.4849682988476243 2.4560672466105835 2.4448751724599647 2.4302829745167527 2.419515915840208 2.4093155444624292 2.393589971921686 2.3686557307760037 2.3428714586821733
2.851189965674833 2.8380144859785355 2.8282391300748304 2.830080863795818 2.834047674887177 2.839856219699523 2.831072566568658 2.813080244832853 2.7725621029711194 2.733460679356299 2.7021512060995048 2.6831671815908607 2.674383528459995 2.684583899837774 2.6959176458130845 2.7031429088723447 2.6997427850797515 2.684583899837774 2.6704167173686364 2.661208048763697 2.6342904020723354 2.604114303413072 2.574221548403192 2.5488622917834354 2.5308699700476303 2.516136100279727 2.516136100279727 2.5167027875784926 2.5201029113710858 2.525911456183432 2.5303032827488647 2.527469846255037 2.517127803052567 2.502535605109355 2.4883684226402174 2.4746262556451537 2.463434181494535 2.439491643121692 2.4189492285414427 2.396565080240205 2.3823978977710674 2.374039260114276 2.3574636566253853 2.3203456385562444
2.8316392538674235 2.8404229069982887 2.849631575603228 2.8506232783760677 2.853598386694587 2.8594069315069333 2.8609653215785382 2.846231451810635 2.8110968392871736 2.7729871184451933 2.7402609269414855 2.716885075867408 2.7013011751513565 2.7090931255093826 2.710084828282222 2.7129182647760497 2.7021512060995048 2.6851505871365395 2.6699917018945625 2.661208048763697 2.6440657579760405 2.6255067489414703 2.5987307740747996 2.5733715174550436 2.5576459449143005 2.5430537469710885 2.5264781434821977 2.5201029113710858 2.5133026637858995 2.517694490351332 2.5059357289019477 2.5035273078821945 2.4897851408871308 2.487801735341452 2.4805764722821917 2.4640008687933004 2.45365882559083 2.43410811378342 2.422491024158727 2.401381922279712 2.381972882296993 2.3686557307760037 2.34768830072168 2.3071701588599463
2.821297210664953 2.83744779867977 2.8482148573563144 2.8681905846377984 2.8765492222945896 2.883349469879776 2.8847661881266897 2.8594069315069333 2.834047674887177 2.797921359590876 2.7745455085167983 2.754428109410623 2.725102041699508 2.706543032664938 2.7021512060995048 2.688975726403207 2.6767919494797483 2.664183157082216 2.654832816652585 2.6474658817686336 2.644632445274806 2.6280568417859147 2.6119062537710978 2.588955418171095 2.5635961615513385 2.5366785148599766 2.521094614143925 2.5035273078821945 2.4951686702254032 2.487801735341452 2.4698094136056468 2.4692427263068812 2.4640008687933004 2.462017463247621 2.460459073176016 2.4448751724599647 2.436091519329099 2.417532510294529 2.4083238416895894 2.401381922279712 2.3843813033167467 2.3624221704895834 2.3340878055513077 2.298953193027846
2.8042965917019878 2.823847303509398 2.8394312042254493 2.85600680771434 2.8711656929563176 2.8677655691637245 2.8691822874106383 2.843823030790882 2.822855600736558 2.806705012721741 2.788146003687171 2.7745455085167983 2.7442277380328437 2.7188684814130872 2.697759379534072 2.674808543934069 2.6572412376723387 2.6416573369562872 2.6358487921439404 2.631881981052582 2.6308902782797423 2.6245150461686304 2.6109145509982583 2.5913638391908482 2.5664295980451657 2.5380952331068904 2.5249197534105923 2.508910837220467 2.4917685464328105 2.481568175055031 2.4600340577019417 2.456633933909349 2.453233810116756 2.4428917669142853 2.4384999403488528 2.4214993213858875 2.407757154390824 2.393164956447612 2.3941566592204517 2.3828229132451417 2.3712058236204485 2.343296474156247 2.304761737840193 2.2696271253167315
2.793529533025443 2.816480368625446 2.832630956640263 2.845806436336561 2.8579902132600195 2.8477898418822405 2.8448147335637213 2.8272474273019905 2.8184637741711254 2.8086884182674203 2.7999047651365547 2.790554424706924 2.760803341521735 2.7358691003760525 2.7047012989439496 2.6797670577982675 2.661208048763697 2.6416573369562872 2.633865386598261 2.6332986992994956 2.633865386598261 2.6294735600328285 2.6143146747908514 2.5947639629834414 2.5708214246105987 2.549853994556275 2.538661920405656 2.5318616728204697 2.516136100279727 2.4981437785439224 2.479584769509352 2.4658426025142886 2.446858578005644 2.4366582066278646 2.409740559936503 2.390189848129093 2.3652556069834105 2.3500967217414335 2.354063532832792 2.337912944817975 2.323320746874763 2.2959780847093274 2.251068116282161 2.22216706404512
2.796929656818036 2.8204471797168047 2.83744779867977 2.851189965674833 2.85600680771434 2.845806436336561 2.8384395014526094 2.830080863795818 2.821297210664953 2.8169053840995204 2.8120885420600135 2.8057133099489016 2.777378945010626 2.753436406637783 2.733035663882225 2.7081014227365428 2.6811837760451813 2.659791330516783 2.6524243956328317 2.654407801178511 2.6553995039513505 2.64604916352172 2.631456965578508 2.607514427205665 2.5805967805143037 2.5650128797982523 2.549428979082201 2.5440454497439284 2.5293115799760253 2.509335852694541 2.485393314321698 2.4560672466105835 2.4268828507241595 2.3969900957142793 2.370214120847609 2.3462715824747664 2.3189289203093306 2.2964031001834018 2.285211026032783 2.267218704296978 2.238317652059937 2.2109749898945013 2.180798891235238 2.1622398822006677
2.8091134337414942 2.831072566568658 2.8467981391094006 2.854023402168661 2.851189965674833 2.8433980153168075 2.8384395014526094 2.83645609590693 2.829655848321744 2.8256890372303856 2.821297210664953 2.8135052603069273 2.7911211120056896 2.771995415672354 2.7549947967093886 2.7304855710377804 2.700734487852591 2.677358636778514 2.6763669340056744 2.680758760571107 2.6827421661167863 2.671975107440242 2.648457584541473 2.629898575506903 2.5971723840031946 2.5767716412476362 2.553254118348868 2.532286688294544 2.5167027875784926 2.489360125413057 2.4552172156624352 2.4141323865019357 2.379989476751314 2.349671706267359 2.31992062308217 2.2945613664624136 2.2700521407908054 2.2451178996451233 2.2173502220056136 2.1836323277290655 2.1524645262969626 2.1241301613586874 2.0967874991932516 2.097779201966091
2.803304888929148 2.825264021756311 2.8442480462649558 2.8550151049415007 2.8579902132600195 2.853598386694587 2.8482148573563144 2.8350393776600162 2.8248390062822373 2.821297210664953 2.819880492418039 2.813080244832853 2.801888170682234 2.7789373350822313 2.7524447038649438 2.7256687289982735 2.7056930017167895 2.6899674291760465 2.695350958514319 2.6959176458130845 2.7031429088723447 2.685575602610614 2.6562495348994988 2.629898575506903 2.589380433645169 2.564587864324178 2.525486440709358 2.4947436547513293 2.4708011163784867 2.447283593479718 2.4155491047488495 2.377014368432795 2.345704895176001 2.315953811990812 2.2847860105587086 2.248093007963642 2.2105499744204273 2.1798071884623984 2.1470809969586906 2.1069878705710305 2.071853258047569 2.0459273141290475 2.041535487563615 2.063069604916704
