static/ASC_sea/1979/07/ERA5V/00.asc
ncols         201
nrows         201
xllcorner     105.0
yllcorner     0.0
cellsize      0.25
NODATA_value  -32767
[rows 171 to 189 of 201, columns 132 to 175 of 201]
0.2656791650572057 0.22955284976090473 0.21099384072633454 0.19640164278312255 0.17146740163744 0.16707557507200743 0.1752925409041075 0.19781836103003636 0.24513675047695616 0.27743792650659005 0.29883037203498786 0.30180548035350707 0.3091724152374584 0.30478058867202584 0.2954302482423947 0.2993970593337534 0.29203012444980203 0.30038876210659327 0.2964219510152346 0.3145559445757309 0.3409069039683268 0.37065798715351583 0.40295916318315017 0.43809377570661123 0.48980399171896405 0.5298971181066237 0.5626233096103315 0.5830240523658898 0.6049831851930532 0.6191503676621912 0.6251005842992288 0.6069665907387325 0.5704152599683576 0.5680068389486039 0.5801906158720622 0.6093750117584862 0.6197170549609567 0.6450763115807132 0.6666104289338022 0.6889945772350399 0.7173289421733151 0.7153455366276358 0.702170056931338 0.6676021317066421
0.28820498518313453 0.25590380915350064 0.236353097346091 0.21680238553868092 0.19781836103003636 0.18945972337324513 0.2051852959139877 0.21836077561028588 0.24329501675596843 0.27148770986955206 0.2798463475263433 0.28324647131893643 0.28820498518313453 0.28622157963745565 0.2954302482423947 0.29599693554116024 0.2900467189041227 0.3209311766868428 0.32617303420042365 0.3516739626448717 0.3780249220374676 0.409759410768336 0.4444690078177236 0.48342875960785214 0.5283387280350187 0.566448448876999 0.6129168073757705 0.6348759402029338 0.651876559165899 0.6646270233881229 0.6552766829584922 0.636717673923922 0.6157502438695981 0.6139085101486099 0.6163169311683636 0.6285007080918219 0.6412511723140457 0.6470597171263921 0.6666104289338022 0.6666104289338022 0.6880028744622 0.7027367442301036 0.7031617597041775 0.6841777351955329
0.3057722914448653 0.2754545209609107 0.26327074403745243 0.24372003223004235 0.23451136362510283 0.23054455253374417 0.23536139457325111 0.24329501675596843 0.25292870083498187 0.2598706202448593 0.26808758607695937 0.2690792888497988 0.27304609994115747 0.2758795364349851 0.28324647131893643 0.2818297530720226 0.2886300006572089 0.3129975545041255 0.3530906808917855 0.37901662481030707 0.42151817221772037 0.45325266094858874 0.4927791000374828 0.5317388518276114 0.5728236809881109 0.605974887965893 0.6524432464646646 0.6821943296498536 0.6987699331387449 0.7061368680226963 0.6967865275930656 0.6865861562152866 0.6734106765189884 0.6676021317066421 0.6622186023683696 0.6636353206152834 0.6650520388621972 0.6710022554992348 0.6831860324226935 0.6841777351955329 0.693953091099238 0.7075535862696101 0.718320644946155 0.7091119763412155
0.32716473697326354 0.3027971831263465 0.29103842167696214 0.27842962927942994 0.2670958833041195 0.26227904126461254 0.25831223017325433 0.26964597614856434 0.2686542733757249 0.2750295054868368 0.26369575951152635 0.2642624468102919 0.2627040567386869 0.2662458523559712 0.2778629419806644 0.27743792650659005 0.3027971831263465 0.32971482981770794 0.3780249220374676 0.4205264694448805 0.46246132955352826 0.48980399171896405 0.5289054153337842 0.5626233096103315 0.6011580459263861 0.6353009556770082 0.6724189737461486 0.7041534624770174 0.7266792826029462 0.7339045456622064 0.7392880750004784 0.7290877036226995 0.7348962484350459 0.7295127190967734 0.7246958770572669 0.7081202735683756 0.7075535862696101 0.7047201497757825 0.7169039266992412 0.7178956294720806 0.7266792826029462 0.7295127190967734 0.7364546385066513 0.7261125953041807
0.3560657892103043 0.32617303420042365 0.3121475235559772 0.3027971831263465 0.2944385454695553 0.2872132824102951 0.2930218272226415 0.2964219510152346 0.29599693554116024 0.2900467189041227 0.2740378027139969 0.26327074403745243 0.26327074403745243 0.27304609994115747 0.29982207480782774 0.30619730691893965 0.3443070277609199 0.389783683486852 0.42590999878315294 0.4658614533461214 0.4991543321485947 0.5255052915411911 0.5474644243683544 0.581607334118976 0.6015830614004605 0.6402594695412063 0.6729856610449141 0.7091119763412155 0.7310711091683788 0.7584137713338146 0.7656390343930748 0.7773977958424592 0.8017653496893757 0.8071488790276482 0.7965234921757949 0.7730059692770261 0.7622389106004817 0.7568553812622092 0.7574220685609747 0.754021944768382 0.7436799015659115 0.7378713567535646 0.7339045456622064 0.7246958770572669
0.378449937511542 0.3716496899263557 0.3580491947559836 0.3443070277609199 0.337931795649808 0.3237646131806704 0.32971482981770794 0.3095974307115328 0.3155476473485703 0.3217812076349911 0.3121475235559772 0.29982207480782774 0.3032221986004209 0.3057722914448653 0.3409069039683268 0.3702329716794419 0.3941755100522846 0.42095148491895484 0.44730244431155075 0.4722366854572333 0.5039711741881017 0.5323055391263769 0.5566730929732939 0.5937911110424348 0.5981829376078673 0.6372843612226875 0.6544266520103439 0.6899862800078793 0.7271042980770202 0.7681891272375196 0.8135241111387601 0.829674699153577 0.8462503026424679 0.8468169899412334 0.834491541193084 0.8223077642696253 0.8081405818004876 0.8009153187412275 0.80530714530666 0.7945400866301155 0.7803729041609779 0.7534552574696165 0.7432548860918371 0.7388630595264045
0.3960172437732723 0.3882252934152466 0.37646653196586266 0.36484944234116945 0.3624410213214162 0.35068225987203183 0.35068225987203183 0.35209897811894564 0.343882012286846 0.34034021666956127 0.34133191944240115 0.3472821360794387 0.36088263124981124 0.38085835853129524 0.3862418878695677 0.4091927234695705 0.45608609744241635 0.47181166998315893 0.5005710503955085 0.5185633721313136 0.5323055391263769 0.5546896874276146 0.5806156313461366 0.6089499962844118 0.6226921632794755 0.6484764353733059 0.6548516674844178 0.6865861562152866 0.7290877036226995 0.784198043427645 0.8452585998696285 0.886343429030128 0.9053274535387721 0.8971104877066725 0.8837933361856831 0.8716095592622244 0.8580090640918523 0.8378916649856767 0.8121073928918463 0.7798062168622124 0.7506218209757889 0.7436799015659115 0.7300794063955389 0.7476467126572697
0.40635928697574286 0.39998405486463096 0.3916254172078397 0.3834084513757401 0.3780249220374676 0.3970089465461122 0.3941755100522846 0.3960172437732723 0.3965839310720378 0.4033841786572241 0.424351608711548 0.42973513804982 0.4229348904646342 0.43469365191401854 0.44730244431155075 0.4576444875140213 0.5053878924350155 0.5381140839387233 0.5688568698967522 0.5835907396646554 0.5918077054967554 0.6065415752646586 0.6217004605066356 0.6396927822424407 0.6650520388621972 0.6831860324226935 0.7055701807239307 0.7339045456622064 0.7696058454844334 0.809698971872093 0.8530505502276542 0.8857767417313624 0.906319156311612 0.8995189087264257 0.896118784933833 0.8813849151659294 0.8897435528227207 0.8794015096202505 0.8628259061313592 0.834491541193084 0.790148260064683 0.7827813251807312 0.7598304895807284 0.7754143902967798
0.40295916318315017 0.3960172437732723 0.3970089465461122 0.4067843024498172 0.40239247588438465 0.424351608711548 0.44248560227204425 0.465436437872047 0.4868288834004453 0.4844204623806916 0.46741984341772636 0.46685315611896083 0.4736534037041471 0.4786119175683452 0.4893789762448897 0.5073712979806948 0.5484561271411938 0.6035664669461398 0.6353009556770082 0.6660437416350367 0.6802109241041743 0.6875778589881261 0.6983449176646706 0.7075535862696101 0.7227124715115876 0.7412714805461578 0.7691808300103591 0.7861814489733243 0.8033237397609811 0.8350582284918495 0.8594257823387661 0.8823766179387693 0.9111359983511189 0.9219030570276634 0.9488207037190248 0.9384786605165543 0.942020456133839 0.9136860911955633 0.8853517262572881 0.845825287168394 0.7955317894029554 0.7691808300103591 0.759405474106654 0.778814514089373
0.4267600297313012 0.4199597821461154 0.41514294010660846 0.4189680793732755 0.45466937919550254 0.48201204136093834 0.5087880162276086 0.5332972418992168 0.5400974894844026 0.5694235571955177 0.5546896874276146 0.5406641767831681 0.5420808950300819 0.5474644243683544 0.5542646719535402 0.5610649195387265 0.5879825662300879 0.6372843612226875 0.6758190975387417 0.70854528904245 0.7412714805461578 0.7558636784893698 0.7793812013881385 0.7817896224078917 0.7759810775955454 0.7983652258967826 0.8286829963807376 0.8672177326967918 0.8794015096202505 0.8837933361856831 0.901502314272105 0.9102859674029706 0.9384786605165543 0.9536375457585318 0.9731882575659418 0.9683714155264349 0.981971910696807 0.9653963072079161 0.942020456133839 0.9005106114992656 0.8652343271511125 0.8404417578301215 0.8159325321585134 0.8013403342153018
0.454102691896737 0.45325266094858874 0.4492858498572301 0.4584945184621696 0.4917873972646434 0.5376890684646494 0.5654567461041591 0.5884075817041623 0.5927994082695949 0.6167419466424375 0.6314758164103407 0.617308633941203 0.5997413276794723 0.602149748699226 0.6153252283955237 0.6207087577337962 0.648051419899232 0.6782275185584954 0.7227124715115876 0.7656390343930748 0.7989319131955481 0.8218827487955513 0.836049931264689 0.8350582284918495 0.8272662781338238 0.8526255347535803 0.8726012620350643 0.9092942646301307 0.9302616946844546 0.9366369267955665 0.9610044806424836 0.9697881337733487 0.9887721582819933 1.0093145728622428 1.02546516087706 1.0440241699116302 1.045440888158544 1.0186649132918737 0.9937306721461914 0.9502374219659386 0.9146777939684032 0.8794015096202505 0.8550339557733335 0.829674699153577
0.4922124127387173 0.4893789762448897 0.4878205861732847 0.4981626293757553 0.5323055391263769 0.5825990368918159 0.6187253521881169 0.6314758164103407 0.6490431226720714 0.6670354444078765 0.6821943296498536 0.6909779827807192 0.6744023792918279 0.6592434940498508 0.6700105527263953 0.6753940820646678 0.7163372394004757 0.7446716043387509 0.7925566810844362 0.8340665257190096 0.8492254109609871 0.8716095592622244 0.8643842962029642 0.8697678255412367 0.8624008906572853 0.8935686920893882 0.9151028094424771 0.9458455954005061 0.9673797127535955 0.9825385979955725 1.0054894335955757 1.012289681180762 1.0268818791239736 1.0440241699116302 1.0508244174968162 1.0777420641881779 1.0865257173190432 1.0611664606992868 1.0450158726844698 1.0020893098029826 0.971771539319028 0.9356452240227271 0.901502314272105 0.8550339557733335
0.5133215146177323 0.509779719000448 0.5083630007535342 0.5313138363535375 0.5644650433313196 0.6069665907387325 0.6538599647115784 0.6719939582720746 0.7119454128350431 0.72809600084986 0.7373046694547996 0.7456633071115908 0.7324878274152926 0.713503802906648 0.7290877036226995 0.7378713567535646 0.7881648545190036 0.8232994670424651 0.870192841015311 0.8873351318029674 0.9023523452202533 0.8921519738424744 0.8799681969190156 0.886343429030128 0.8843600234844486 0.9244531498721082 0.9570376695511249 0.9869304245610055 1.012289681180762 1.027448566422739 1.0346738294819993 1.0430324671387905 1.0430324671387905 1.0532328385165697 1.0611664606992868 1.0835506090005245 1.0981428069437362 1.094742683151143 1.0787337669610175 1.0460075754573095 1.0180982259931082 0.9893388455807588 0.9482540164202593 0.8881851627511157
0.5337222573732907 0.5303221335806976 0.5391057867115632 0.5640400278572453 0.5845824424374952 0.6157502438695981 0.6592434940498508 0.7212957532646738 0.7574220685609747 0.7881648545190036 0.7911399628375224 0.7881648545190036 0.7705975482572729 0.7710225637313473 0.799923615968388 0.8184826250029582 0.8624008906572853 0.8985272059535863 0.9346535212498872 0.9498124064918647 0.9340868339511217 0.9175112304622308 0.9009356269733395 0.8955520976350675 0.9141111066696377 0.9566126540770505 0.987922127333845 1.0152647894992808 1.0410490615931114 1.0557829313610145 1.062016491647435 1.074341940395585 1.0664083182128679 1.0708001447783004 1.0893591538128709 1.1021096180350947 1.1148600822573187 1.1094765529190462 1.099134509716576 1.0639998971931144 1.0372239223264441 1.0137063994276754 0.9843803317165607 0.9292699919116152
0.5680068389486039 0.5879825662300879 0.6035664669461398 0.605974887965893 0.6139085101486099 0.6562683857313316 0.6700105527263953 0.7584137713338146 0.7867481362720898 0.8179159377041927 0.830099714627651 0.8378916649856767 0.8502171137338266 0.8574423767930868 0.8775597758992624 0.8917269583684 0.9253031808202565 0.9653963072079161 0.9893388455807588 0.9927389693733519 0.9693631182992748 0.952220827511618 0.9502374219659386 0.9414537688350735 0.9678047282276694 0.9869304245610055 1.0054894335955757 1.0406240461190372 1.0625831789462006 1.0761836741165727 1.0885091228647226 1.094317667677069 1.1094765529190462 1.108909865620281 1.1031013208079343 1.1099015683931204 1.1280355619536167 1.130018967499296 1.1294522802005305 1.1118849739387997 1.090917543884476 1.0689584110573125 1.0444491853857043 0.9897638610548327
0.658251791277011 0.6807776114029398 0.6919696855535586 0.6915446700794847 0.6855944534424467 0.72809600084986 0.7173289421733151 0.7671974244646798 0.8071488790276482 0.8692011382424711 0.8935686920893882 0.8951270821609931 0.8931436766153138 0.8917269583684 0.9253031808202565 0.9546292485313717 0.97814677143014 1.0244734581042203 1.0532328385165697 1.0664083182128679 1.0625831789462006 1.0528078230424955 1.0557829313610145 1.0523828075684214 1.058191352380768 1.0410490615931114 1.0328320957610115 1.0440241699116302 1.0669750055116334 1.0963010732227483 1.1186852215239858 1.1226520326153444 1.1378109178573217 1.1494280074820147 1.1626034871783126 1.1767706696474503 1.1709621248351039 1.1519781003264593 1.120668627069665 1.0885091228647226 1.0791587824350917 1.0757586586424988 1.0567746341338542 1.048415996477063
0.7436799015659115 0.773997672049866 0.7973735231239432 0.8282579809066632 0.8404417578301215 0.844266897096789 0.8496504264350611 0.8667927172227179 0.8887518500498812 0.9234614470992684 0.9556209513042111 0.9791384742029798 0.9873554400350795 0.9799885051511277 0.9755966785856951 0.9869304245610055 1.0308486902153322 1.078167079662252 1.1256271409338634 1.1524031158005335 1.1655785954968316 1.164586892723992 1.1558032395931266 1.1592033633857197 1.1338441067659633 1.1186852215239858 1.097292775995588 1.087517420091883 1.0967260886968224 1.1158517850301584 1.1412110416499148 1.1635951899511523 1.1626034871783126 1.1641618772499178 1.1803124652647348 1.1797457779659692 1.164586892723992 1.1470195864622612 1.1378109178573217 1.1308689984474443 1.1284605774276908 1.1338441067659633 1.1128766767116394 1.131860701220284
0.7632306133733211 0.8452585998696285 0.8955520976350675 0.9394703632893942 0.9644046044350763 0.9663880099807556 0.9551959358301367 0.9458455954005061 0.9927389693733519 1.0214983497857013 1.0464325909313836 1.0611664606992868 1.0557829313610145 1.0513911047955817 1.0605997734005213 1.0831255935264503 1.1338441067659633 1.1601950661585592 1.2076551274301706 1.230039275731408 1.251006705785732 1.2773576651783278 1.2715491203659814 1.2711241048919073 1.226639151938815 1.1997215052474535 1.1719538276079435 1.1553782241190524 1.1460278836894215 1.1533948185733731 1.1621784717042385 1.176345654173376 1.1865460255511553 1.190512836642514 1.190512836642514 1.1767706696474503 1.1655785954968316 1.1256271409338634 1.1074931473733671 1.1162768005042325 1.1226520326153444 1.157786645138806 1.1475862737610267 1.157786645138806
0.7422631833189977 0.829674699153577 0.9190696205338358 0.9702131492474231 1.0098812601610083 1.017673210519034 1.0498327147239768 1.0586163678548421 1.0869507327931174 1.0981428069437362 1.1196769242968254 1.1328524039931236 1.1344107940647286 1.1475862737610267 1.1661452827955971 1.1753539514005367 1.213888687716591 1.23641450784252 1.2607820616894367 1.2871330210820329 1.3282178502425321 1.358960636200561 1.3629274472919195 1.3545688096351283 1.318442494338827 1.300308500778331 1.2661655910277092 1.2417980371807924 1.2252224336919013 1.2158720932622704 1.2246557463931358 1.2060967373585654 1.2090718456770844 1.183712589057328 1.1890961183956001 1.1617534562301643 1.1456028682153474 1.123643735388184 1.1446111654425077 1.1631701744770782 1.1817291835116486 1.2076551274301706 1.200288192546219 1.1963213814548603
