static/ASC_sea/1979/07/ERA5V/00.asc
ncols         201
nrows         201
xllcorner     105.0
yllcorner     0.0
cellsize      0.25
NODATA_value  -32767
[rows 171 to 189 of 201, columns 0 to 43 of 201]
3.7207716256305043 3.798832801035453 3.8389259274231127 3.8037913148996516 3.8227753394082957 3.8091748442379236 3.7646898912848314 3.734938808099642 3.7007958983490203 3.6704781278650658 3.619759614625553 3.5790998009391277 3.513789089756403 3.480071195479855 3.4234024656033046 3.3345742315218114 3.2847057492304463 3.2417791863489596 3.1978609206946325 3.141617206292156 3.0899069902798035 3.0186460624600406 2.9565938032452177 2.888307983743974 2.826680740003225 2.7725621029711194 2.710509843756296 2.648032569067399 2.5919305264896138 2.5099025399933064 2.5035273078821945 2.437083222101939 2.4189492285414427 2.3686557307760037 2.3364962265710614 2.3013616140476 2.2710438435636453 2.273027249109324 2.258860066640187 2.2574433483932728 2.277844091148831 2.3023533168204393 2.3306876817587145 2.3774393839068693
3.947304873312016 4.013182271793506 4.040666605783633 4.001565182168814 4.003973603188567 3.9624637585539935 3.927329146030532 3.861451747549042 3.8227753394082957 3.745705866776187 3.6870537313539566 3.6461105740181488 3.5650742902946813 3.504438749326772 3.4088102676600927 3.333015841450206 3.2779055016452605 3.232995533218094 3.162726308171171 3.1084659993143737 3.0391884770402906 2.9703359702402814 2.914092255837805 2.8565734950131056 2.790554424706924 2.711501546529136 2.6474658817686336 2.5664295980451657 2.503952323356269 2.4282995689710734 2.393589971921686 2.3277125734401958 2.2993782085019205 2.251068116282161 2.218766940252527 2.185615733274745 2.180798891235238 2.179240501163633 2.1524645262969626 2.177823782916719 2.187599138820424 2.1846240305019053 2.2275505933833926 2.265235298751299
4.212514529134274 4.233481959188597 4.255866107489835 4.228098429850325 4.191405427255258 4.136295087450312 4.077217936554009 4.010348835299679 3.9165620873539875 3.8399176301959526 3.7680900150774246 3.7153880962922323 3.617209521781108 3.533339801563813 3.4361529298255284 3.3579500825958886 3.3008563372452633 3.2212367717687096 3.1523842649687004 3.0727646994921467 2.9913034002946053 2.9298178283785474 2.8530316993958214 2.7989130623637153 2.7304855710377804 2.6528494111069056 2.5899471209439344 2.5099025399933064 2.4117239654821825 2.3438631614550127 2.2720355463364847 2.2173502220056136 2.172865269052521 2.1207300375660942 2.0894205643093002 2.0820536294253484 2.076245084613002 2.0840370349710278 2.0684531342549763 2.0908372825562136 2.099620935687079 2.108404588817945 2.157848055635235 2.2007746185167223
4.453639974758997 4.465398736208382 4.471207281020728 4.439472792289859 4.38917929452442 4.312534837366385 4.241698925020697 4.129494839865127 4.03613310739351 3.9346960809144838 3.8648518713416347 3.772481841642857 3.6607027719613607 3.5742829588996208 3.4932466751761533 3.4072518775884877 3.3154485351884753 3.2359706415366127 3.1343919432328957 3.046413740099551 2.9546103976995384 2.8789576433143433 2.7877209882130964 2.71192656200321 2.6440657579760405 2.575779938474797 2.512735976487134 2.427307866198234 2.317512202062417 2.2388843393587026 2.1534562290698025 2.0972125146673255 2.03076842888707 1.9824583366673105 1.968291154198173 1.9610658911389125 1.9512905352352077 1.9614909066129866 1.9892585842524966 1.9981839092080533 2.010367686131512 2.041535487563615 2.0820536294253484 2.2451178996451233
4.701282324319523 4.66798944551705 4.664164306250383 4.630021396499761 4.571369261077531 4.4843827607170255 4.380962328692321 4.2715916800305775 4.145078740581178 4.032307968126842 3.9267624587317664 3.827733853272494 3.7129796752724786 3.617209521781108 3.53716494083048 3.443944880183554 3.357525067121814 3.2505628394798247 3.136800364252649 3.0170876723884357 2.932226249398301 2.8071300281958154 2.733035663882225 2.6456241480476455 2.575779938474797 2.501543902336515 2.4151240892747756 2.323745762348837 2.22216706404512 2.12951369069696 2.033318521731515 1.9644660149315056 1.9097806906006343 1.8808796383635933 1.8575037872895162 1.8339862643907476 1.8291694223512407 1.8355446544623528 1.8726626725314934 1.89802192915125 1.8990136319240896 1.9257896067907598 1.9996006274549671 2.1909992626130173
4.896506098744241 4.848762693823247 4.812636378526946 4.786710434608424 4.696890497754091 4.602112047035559 4.515267218499746 4.399521337726891 4.264224745146626 4.126519731546608 4.014740661865112 3.898003078319417 3.790049147904588 3.692437260692229 3.592416952460117 3.491263269630474 3.3770757789292243 3.2617549136304436 3.1436006118378352 3.0332382604032526 2.914092255837805 2.7568365304303764 2.6851505871365395 2.579605077741464 2.5069274316747876 2.422491024158727 2.3384796321167407 2.2373259492870976 2.1261135669043667 2.0127761071512653 1.9355649626944649 1.8716709697586538 1.8096187105438308 1.7671171631364178 1.7237655847808564 1.6948645325438154 1.6998230464080137 1.7197987736894977 1.7285824268203631 1.756350104459873 1.7403411882697475 1.7930431070549397 1.8872548704747052 1.8325695461438338
5.041578047228211 4.992701267709686 4.932207398566468 4.883330619047943 4.834028824055344 4.754975945877556 4.6465969999886525 4.511300407408387 4.3731703783342954 4.23688208298119 4.0997437566799375 3.974222520003378 3.861876763023116 3.7466975695490263 3.626984877684813 3.508405560418131 3.3868511348329293 3.272521972306988 3.152950952267466 3.003062161743989 2.8618153525266865 2.761228356995809 2.654407801178511 2.5737965329291175 2.4869517043933036 2.3774393839068693 2.267643719771052 2.157848055635235 2.037143660998182 1.9449153031240956 1.8331362334425993 1.756350104459873 1.695431219842581 1.649529548642575 1.6309705396080045 1.6084447194820757 1.5932858342400984 1.6080197040080015 1.586060571180838 1.54200063370182 1.5391671972079923 1.5888940076746656 1.530383544077127 1.3320429895091994
5.1675242993788455 5.099663495351676 5.031802691324506 4.970317119408448 4.906848141946711 4.796910805986203 4.7080825719047095 4.612312418413339 4.488349571808384 4.3364773757392285 4.196788956593531 4.100168772154012 3.9674222724181916 3.8271671659737283 3.6709031433391397 3.534189832511961 3.4068268621144133 3.2745053778526674 3.1445923146106747 3.02162117077856 2.896524949576074 2.7701536819513657 2.643640742501966 2.549853994556275 2.432266380062432 2.31992062308217 2.2109749898945013 2.092820688101893 1.9619159220870608 1.8463117131388973 1.731557535138882 1.6670968549043057 1.6279954312894855 1.559709611788242 1.5250000147388547 1.5196164854005823 1.5084244112499636 1.4571392107116852 1.3843198928203175 1.3144756832474687 1.3374265188474717 1.3047003273437636 0.896118784933833 0.5191300594300792
5.30083748641343 5.219801202689963 5.134798107875136 5.079121080771426 5.004885044633144 4.897497801517081 4.794502384966449 4.667564430042976 4.547001707230614 4.442872916082452 4.321885177796016 4.186588585215752 4.034291373672522 3.8790190538107723 3.706179427687293 3.55770735541073 3.424394168376144 3.293489402361312 3.162726308171171 3.0406051952872044 2.9184840824032374 2.783754177121738 2.6651748598550555 2.5107525709414547 2.3809811795241536 2.2636769086796935 2.142122483094492 1.9990339401562016 1.8746460780771728 1.726599021274684 1.6655384648327005 1.5928608187660243 1.5259917175116944 1.491282120462307 1.4639394582968712 1.442405340943782 1.3843198928203175 1.3008751880770966 1.2867080056079587 1.2094968611511583 1.0567746341338542 0.9366369267955665 0.5684318544226783 0.21340226174608778
5.42635872308999 5.346314142139363 5.261736062798611 5.185658292939341 5.0669373038479675 4.959550060731903 4.851171114843 4.742225481655332 4.646030312689887 4.536234648554069 4.407313288084916 4.291567407312062 4.157829204803402 3.914153666334234 3.7227550311761837 3.5718745378798675 3.4395530536181216 3.322815470072427 3.199844326240312 3.0673811701538742 2.945826744568673 2.8042965917019878 2.61728978310937 2.4644258842673743 2.317512202062417 2.1846240305019053 2.0377103482969474 1.9000053346969292 1.7862428594697535 1.653354687909242 1.5850688684079985 1.5386005099092268 1.4683312848623038 1.4072707284203205 1.362360759993154 1.3096588412079617 1.2579486251956093 1.2080801429042447 1.1519781003264593 1.07179184755114 0.8174909222301188 0.62212547598071 0.37405811094610897 0.0928395389337262
5.549329866922106 5.461068320139377 5.377056928097391 5.30083748641343 5.181691481847983 5.059570368964016 4.9405660362232595 4.834028824055344 4.736416936842986 4.624071179862724 4.519659045065179 4.394562823862692 4.242265612319462 3.9179788056009013 3.6944206662379084 3.5625241974502364 3.480071195479855 3.3629085964600867 3.2208117562946357 3.094298816845236 2.927834422832868 2.763778449840254 2.5654378952723262 2.396565080240205 2.2369009338130232 2.0660447132352227 1.9199810619784132 1.7896429832623466 1.6567548117018351 1.5904523977462708 1.497657352573419 1.4501972913018077 1.36916100757834 1.2988917825314172 1.2471815665190646 1.1983047870005397 1.143194447195594 1.0596080706276816 0.8716095592622244 0.8140907984375256 0.6460680143535527 0.43653538563500627 0.2427283294572029 0.09184783616088632
5.648925159680143 5.56208033114433 5.483452468440616 5.390657423267763 5.274911542494909 5.15052368041588 5.035769502415865 4.926823869228196 4.812069691228181 4.702274027092363 4.610470684692351 4.491324680126903 4.314518242912065 3.692012245218155 3.548357014981099 3.5864667358230795 3.5054304520996116 3.3974765216847826 3.255946368818097 3.0840984454674567 2.899500057894593 2.6925175220204913 2.506360744376022 2.315953811990812 2.1377306565290595 1.9648910304055798 1.8101853978425964 1.6802723346006037 1.57288509148454 1.5196164854005823 1.4068457129462464 1.34238503271167 1.2437814427264715 1.1641618772499178 1.1128766767116394 1.0196566160647134 0.9566126540770505 0.7973735231239432 0.6426678905609595 0.6470597171263921 0.5239469014695857 0.3217812076349911 0.2618540257905386 0.12358232489175469
5.714944229986325 5.630507822470264 5.5640637366900085 5.455684790801105 5.34815587586035 5.214842688825765 5.109863866729455 4.97570064874672 4.860946470746706 4.735000218596071 4.6260545854084025 4.571369261077531 4.308143010800952 3.2320038304452545 3.4263775739218234 3.505997139398377 3.521014352815663 3.4132020942255252 3.2383790625563664 3.049813863892144 2.849631575603228 2.602555913341467 2.4233410551068753 2.2041747423093154 2.0343102245043543 1.8628873166277884 1.7086066995388791 1.5996610663512103 1.504457600158605 1.4062790256474809 1.290533144874626 1.2100635484499238 1.0825589062276848 1.0117229938819965 0.9238864625733427 0.8306664019264165 0.7095369918152894 0.5434976132769958 0.5317388518276114 0.49759594207698976 0.3774582347387021 0.23153625530658406 0.17982603929423124 0.19045142614608457
5.766654445998677 5.686043177749284 5.629941135171499 5.503003180248026 5.432733955201103 5.283695195625774 5.201242193655393 5.057161947944262 4.9405660362232595 4.824253468151639 4.652830560275072 4.674931364926928 4.196363941119457 2.587963715398255 3.151392562195861 3.6250014721391337 3.6006339182922167 3.4028600510230547 3.2403624681020458 2.964952440902009 2.773553805743959 2.481568175055031 2.3131203754969842 2.1016043412327585 1.9556823618006403 1.7876595777166673 1.6485378458697353 1.5381754944351527 1.3902701094573553 1.2569569224227697 1.127043859180777 1.022490052558541 0.901502314272105 0.8350582284918495 0.7207290659659082 0.592374392795521 0.47181166998315893 0.46203631407945434 0.48739557069921036 0.27842962927942994 0.2427283294572029 0.1523417053041043 0.08646430682261386 0.11239025074113584
5.799380637502386 5.727553022383858 5.6948268308801495 5.52099550198383 5.468293583198638 5.3349803961640525 5.267686279435648 5.141173339986249 5.024435756440554 4.909681578440539 4.747609010993604 4.692498671188658 4.185171866968838 2.7384191932204973 3.322815470072427 3.7573229564008797 3.5996422155193772 3.3868511348329293 3.170943274003271 2.8681905846377984 2.6402406187093734 2.3452798797019265 2.1914242780870916 2.029351710640156 1.8764878117981607 1.7441663275364145 1.6124115305734341 1.437588498904275 1.2451981609733853 1.0815672034548451 0.9151028094424771 0.7993569286696225 0.7163372394004757 0.6328925346572545 0.5337222573732907 0.4249182960103135 0.37944164028438143 0.3853918569214194 0.44531903876587187 0.2427283294572029 0.20660201416090151 0.1788343365213918 0.17189241711151437 0.15772523464237675
5.78960528159868 5.745120328645589 5.71437754268756 5.581064355652973 5.53332095073198 5.424942004843077 5.332146959670225 5.225184732028236 5.0972550743319225 4.958558357959064 4.796485790512129 4.582136319754076 4.4488231327194905 3.92095391391942 3.9303042543490507 3.74910599056878 3.544956891188506 3.3154485351884753 3.042021913534118 2.7564115149563024 2.473634552872314 2.2115416771932668 2.027368305094477 1.914597532640141 1.8467367286129714 1.6948645325438154 1.4922738232351467 1.295491658738824 1.071366832077066 0.8414334606029614 0.6464930298276266 0.6275090053189825 0.5406641767831681 0.4951875210572365 0.4570778002152558 0.4303018253485855 0.4019674604103103 0.3530906808917855 0.3624410213214162 0.30676399421770517 0.14794987873867171 0.01421167623001196 0.03617080905717529 0.10403161308434461
5.800372340275225 5.760845901186331 5.676267821845579 5.610957110662854 5.5489048514480315 5.53431265350482 5.405391293035667 5.28426188292454 5.153357116909707 5.008851855724503 4.871146842124484 4.655380653119518 4.4498148354923295 4.295534218403421 4.023949330470051 3.744714164003347 3.5327731142650474 3.2695468639884693 2.9492268683612664 2.6362738076180148 2.267643719771052 2.0489024224475663 1.9389650864870578 1.8667124558944557 1.7836927666253088 1.5772769180499726 1.3144756832474687 1.0801504852079313 0.8310914174004909 0.5835907396646554 0.4893789762448897 0.5039711741881017 0.45608609744241635 0.5005710503955085 0.4742200910029126 0.378449937511542 0.31894777114116346 0.3331149536103011 0.3042139013732603 0.21637737006460656 0.09184783616088632 0.04792957050655966 0.03617080905717529 0.06847198508680918
5.7422868921517605 5.747103734191268 5.700777047517187 5.688026583294963 5.5694472660282806 5.497194635435679 5.398024358151715 5.307212718524543 5.19585866431712 5.04455315554673 4.858963065201026 4.728058299186194 4.514275515726906 4.2867505652725555 4.015732364637951 3.7573229564008797 3.4673207312576313 3.1635763391193192 2.7921128147785295 2.4033653278253913 2.0894205643093002 1.8784712173438398 1.8101853978425964 1.840928183800625 1.7256073185018443 1.3984870752894552 1.0835506090005245 0.8662260299239524 0.6875778589881261 0.5538396564794663 0.49617922383007595 0.46685315611896083 0.4941958182843966 0.4692615771387145 0.37504981371894885 0.27106269439547814 0.19583495548435703 0.1866262868794175 0.3057722914448653 0.2828214558448625 0.23791148741769597 0.19002641067201065 0.0928395389337262 0.05572152086458537
5.731519833475216 5.698793641971508 5.622574200287547 5.609965407890015 5.576247513613467 5.466876864951724 5.421966896524557 5.326763430331953 5.232551666912187 5.096263371559083 4.940991051697333 4.778918484250398 4.5903532855861755 4.345261028870094 4.0586589275194385 3.774040231714462 3.45173683054158 3.025021294571153 2.6157313930377653 2.11718824194881 1.8257692985586478 1.6802723346006037 1.7056315912203601 1.7876595777166673 1.675880508035171 1.2667322783264747 0.8164992194572789 0.6265173025461426 0.6490431226720714 0.5957745165881136 0.5508645481609475 0.46883656166464016 0.4434773050448837 0.4175513611263617 0.3554991019115388 0.3213561921609167 0.26029563571893366 0.22856114698806484 0.28622157963745565 0.28480486139054184 0.25108696711399414 0.1602753274868216 0.18903470789917076 0.18124275754114505
