static/ASC_sea/1979/06/ERA5V/00.asc
ncols         201
nrows         201
xllcorner     105.0
yllcorner     0.0
cellsize      0.25
NODATA_value  -32767
[rows 114 to 132 of 201, columns 0 to 42 of 201]
0.08565253072540768 0.18527147270883582 0.22822013502400518 0.397682109334658 0.5118459657123607 0.6784264003788647 0.8273059486598834 0.9127916247696297 0.9406465079964009 0.9196524334461743 0.7912180950212586 1.0221529150737512 1.6330393196332862 2.2844044953844347 2.666688754841502 2.895702548464562 2.5773610258728907 2.060742132529079 2.013814201181514 1.8063433468028038 1.3146977970416147 1.2506178440026878 1.4494440794489516 1.6232969713125929 1.6872397081779889 1.9313472808894474 2.32982304882316 2.655437028611969 2.7609562660572253 2.7497045398276923 2.876629500343768 2.9289088624590383 2.8668871520230748 2.7955347417870104 2.8552237772729487 2.8497351303317133 2.8199592206755093 2.7678170747337703 2.7491556751335686 2.7302198431863056 2.6397943848294467 2.5954735607789683 2.615918770635072
0.13148273268472588 0.1755291243881425 0.28530206321285667 0.4860493250885529 0.6398686556166838 0.7965695257889635 0.8956396030782681 0.8502210496395426 0.7394875976001121 0.7585606457209061 1.2316820120554246 1.5280689468821531 1.9464410599778454 2.397607838547421 2.6447341670765594 2.8189987074607927 2.8287410557814865 2.7023649599595343 2.539763794325426 1.9504203290102413 1.2561064909439237 1.3483157595566835 1.8693255704534837 2.4552386314303964 2.6979740424065453 2.7932020668369852 2.8117262502636557 2.89076276621745 2.956214880991686 3.004652190248091 2.9138150833706398 2.8731990960054956 2.866338287328951 2.8707292048819397 2.9142267318912327 2.880608769376164 2.887332361879178 2.8609868565612464 2.8342297027227223 2.805414306281235 2.781401475913328 2.74476475758058 2.714988847924376
0.2564866667713692 0.3526752044165251 0.4665646284471662 0.6784264003788647 0.8576307230102107 0.9675408780084559 1.004589244861797 0.9870255746498426 1.1920265379049966 1.5836414971621648 2.017244605519786 2.0783058027410335 2.3141804050406383 2.4162692381476223 2.6008249915466735 2.686722316177012 2.8180381942460766 2.777971071575056 2.5783215390876073 1.968944512436912 1.3511972992008323 1.5773295531797438 2.6130372309909227 3.063243496345782 3.1935988612001305 3.0817676797724527 3.0602247405281027 3.0411516924073085 3.0279789397483428 3.058852578792794 3.0583037140986704 3.0094547563216723 2.9352208064414596 2.8859602001438684 2.8947420352498456 2.9094241658176516 2.923969080211926 2.9117568407676764 2.8918604956056972 2.886920713358585 2.865926638808358 2.8399927820110196 2.867847665237791
0.35816385135776085 0.45188249787936063 0.5339377696508345 0.7467600547972494 0.9000305206312567 0.9973167876646596 1.356685946142068 1.7897401898055658 2.1349760824092923 2.4445357698949866 2.5895732653171404 2.5157509639575197 2.4494755521420988 2.4010382428856936 2.4815841367483276 2.572970108319902 2.651594975753104 2.648576219935424 2.523572285848781 2.049490406299546 1.3356918715918413 1.6324904549391626 2.8298387851697333 3.1989502919678356 3.167665004402792 3.1447499034231328 3.0886284884489976 3.0808071665577366 3.095900945646135 3.1237558288729064 3.1081131850903843 3.070927602063512 3.031409344086615 2.97528792911248 2.963624554362354 2.9611546632387977 2.9615663117593907 2.934260293226743 2.942630479812127 2.942081615118004 2.940572237209164 2.9645850675770706 2.995733138968583
0.28530206321285667 0.34636326043410404 0.416755157455452 0.6266959029577182 0.8507699143336661 1.2399149824672782 1.767785602040623 2.418601913097648 2.94455150624156 2.9073659232146882 2.8609868565612464 2.753546592686557 2.5705002171963462 2.3908842460444073 2.338604883929137 2.3897865166561605 2.411878320594634 2.415720373453499 2.3742810890471695 2.013402552660921 1.3956553394248417 1.525599055758597 2.619349174973344 2.974327415897764 3.0050638387686837 3.1056432939668284 3.100840727893247 3.11058307621394 3.17356529986462 3.199361940488428 3.2184349886092223 3.177956217417609 3.127597881731771 3.0865702458460342 3.011375782751105 2.9918910861097183 3.013845673874661 3.0069848651981164 3.014806187089377 3.022627508980638 3.0567943361898307 3.1134646158580894 3.137340230052464
0.2564866667713692 0.21312635593560714 0.28049949713927536 0.46848565487659866 0.9357067257492888 1.5481025082176636 2.341074775052693 2.9924399508038415 3.0670855492046476 3.029488317657183 3.048561365777977 2.933299780012027 2.706207012818399 2.4191507777917716 2.2785041999226063 2.0426295976230016 2.0641725368673516 1.9528902201337974 1.9109020710333442 1.9254469854276188 1.5460442656147002 1.5304016218321783 2.1305851648563037 2.5367450385077466 3.0016334344304116 3.1027617543226795 3.197989778753119 3.2077321270738124 3.2678328110803436 3.275105268277481 3.314623526254378 3.2623441641391078 3.2140440710562332 3.1539433870497025 3.078748923954773 3.0583037140986704 3.0808071665577366 3.100291863199123 3.111955237949249 3.143240525514293 3.1999108051825518 3.250131924694858 3.281005563739309
0.2472931831447993 0.18568312122942854 0.2648568533567537 0.4860493250885529 1.2091785595963582 2.0846177467234543 2.775638396625031 2.919166514138345 2.9938121125391506 3.1115435894286563 3.1632740868498033 3.0743580064017846 2.897623574893995 2.5475851162166867 2.15157923940653 1.8580738442239504 1.5128379516202242 1.4010067701925464 1.3878340175335806 1.430919896022281 1.5314993512204256 1.5588053697530733 1.759964280149362 2.0719938587586126 2.6661398901473783 3.211162531412085 3.306802204363117 3.3283451436074674 3.386387585011035 3.361963106122536 3.3678634015843647 3.3024112868101287 3.2745564035833574 3.2258446619798904 3.187698565738302 3.167665004402792 3.1848170260941533 3.2037528580414163 3.234077632391744 3.281417212259902 3.325875252483911 3.3600420796931036 3.40257909348768
0.2198499484386207 0.18870187704710806 0.28530206321285667 0.6837778311465695 1.6941005168545336 2.4361655833096023 2.6827430471446165 2.8552237772729487 3.033879235210171 3.176035190988176 3.2770262947069133 3.2287262016240392 3.106192158660952 2.6506344625383873 2.163242614156656 1.551395696382405 1.1179298041983146 0.9084007072166411 0.9068913293078014 1.1280838010396006 1.300427314994402 1.4880018242111324 1.5719781224120388 1.8639741396857787 2.662846701982637 3.2667350816920964 3.4367459206968727 3.441136838249861 3.4635030745353967 3.4630914260148042 3.4186333857907947 3.359630431172511 3.3419295447870256 3.2892385341511625 3.251641302603698 3.2575415980655267 3.2823777254746185 3.3380874919281607 3.3703332927079206 3.41479133293193 3.437157569217465 3.4743431522443373 3.499179279653429
0.17456861117342615 0.2081865736884949 0.3209782683308888 0.7673424808268833 1.811283129049916 2.3703018200147734 2.6535160021825366 2.9128545701559236 3.0900006501843063 3.197029265538403 3.319974957022083 3.372254319137353 3.2653629199567877 2.8644172608995184 2.240358103681018 1.4235102226516128 0.8028814697713845 0.6471411128138211 0.7936879861448147 1.0524776894240786 1.31703047199164 1.5534539389853683 1.7107036738517716 2.1540491305300864 2.8928210088204134 3.3073510690572405 3.471324396426658 3.5295040540037563 3.5573589372305277 3.506040088329973 3.4503303218764314 3.406970011040669 3.3894063408287147 3.374175345566785 3.3928367451669867 3.4098515506848175 3.4270035723761794 3.4650124524442365 3.5045307104211334 3.555849559321688 3.555849559321688 3.5553006946275643 3.5802740382101863
0.033373168610137505 0.14671372794665483 0.35075417798709263 0.8185241135539063 1.7633946844876345 2.337644370714421 2.669158645965058 2.918206000923629 3.1203254245346335 3.2745564035833574 3.398188175934692 3.4816156094414747 3.4289245988056116 3.1428288769937 2.4903659718543047 1.389892260136544 0.7457995415825331 0.6227166339253222 0.7141026054968969 0.9068913293078014 1.1584085753899278 1.3444737066978185 1.9376592248718683 2.676979967856319 3.1783678659382013 3.377605749905058 3.456779482032383 3.5348554847714606 3.569571176674777 3.531973945127312 3.5397952670185733 3.498218766438713 3.4743431522443373 3.4728337743354976 3.483536635870907 3.509470492668246 3.551458641768699 3.6018169774545363 3.6535474748756833 3.688674815299592 3.698005515099693 3.672071658302354 3.6461378015050148
0.25758439615961626 0.133952623808282 0.2975143026571061 0.7385270843853957 1.5481025082176636 2.1882159577392786 2.6739612120386393 2.954842719256377 3.144201038729009 3.278535672615753 3.3566116753548316 3.4718732611207814 3.5100193573623697 3.3859759364904427 2.763426157180781 1.5572959918442333 0.8946790898635518 0.794648499359531 0.8658636934220643 0.9498399916229707 1.0797837079567263 1.323479632147592 2.440144852341998 3.0245485354100703 3.132537663978883 3.279496185830469 3.413830819717213 3.4806550962267586 3.5201733542036555 3.5289551893096327 3.5432256713568453 3.534306620077338 3.5417162934480055 3.564631394427665 3.5944073040838687 3.653959123396276 3.7028080811732735 3.7096688898498185 3.741914690629578 3.7623599004856816 3.7917241616212927 3.7785514089623264 3.750696525735555
0.6988716102349677 0.5480710355245165 0.3112359200101955 0.5021036173916674 1.3610768636950565 2.0895575289705666 2.6247006057410487 2.9621151764535143 3.1369285815318717 3.231196092747595 3.3190144438073665 3.3762335881697485 3.385427071796319 3.3850154232757257 2.8966630616792783 1.665285120413046 0.862433289083792 0.7003809881438076 0.6891292619142744 0.7360571932618397 0.8767037711310048 1.3015250443826492 2.4264232349889086 2.911345192247084 3.080258301863613 3.223786419376927 3.337538627234037 3.384466558581602 3.458700508461815 3.519761705683063 3.564631394427665 3.5993470863309804 3.6046985170986856 3.631592887110741 3.678383602284775 3.7356027466471575 3.7726511135004985 3.7854122176388714 3.8224605844922124 3.845375685471872 3.873779433392766 3.856627411701405 3.8381032282747345
0.7398992461207047 0.7175330098351692 0.38546986989040843 0.28969298076584526 1.0773138168331702 1.8223976391059185 2.5069691288515425 2.858654181611221 3.0069848651981164 3.0821793282930456 3.110994724734533 3.1447499034231328 3.1291072596406106 3.0695554403282035 2.7722079922867584 2.0832455849881457 1.204238777349246 0.6291657940812742 0.5152763700506331 0.6335567116342627 0.9704224176526046 1.5802110928238924 2.3586384452646474 2.8126867634783723 3.0543244450662743 3.174937461599929 3.2735958903686413 3.346869327034138 3.452388564479395 3.511940383791802 3.583704442548459 3.6427073971667427 3.668092389269958 3.717901860261672 3.762908765179805 3.8165602890303845 3.855666898486689 3.8795425126810636 3.896145669678302 3.9045158562636866 3.9396431966875953 3.9303124968874945 3.9025948298342534
0.7692635072563158 0.7950601478801236 0.6368498997990042 0.4509219846646444 0.9078518425225175 1.3610768636950565 2.0964183376471115 2.6540648668766598 2.8029444151576786 2.8283294072608935 2.8619473697759625 2.8298387851697333 2.8430115378286995 2.669158645965058 2.509027371454506 1.9815684004017542 1.6427816679539795 1.068531981727193 0.7872388259888627 0.87903644608103 1.2740818096764706 1.8815378098977331 2.428481477591872 2.7565653485042367 2.9938121125391506 3.1369285815318717 3.2359986588211767 3.3634724840313757 3.458700508461815 3.5699828251953694 3.6422957486461502 3.695535623976136 3.7434240685384186 3.7854122176388714 3.815188127295075 3.8682907864515306 3.9054763694784027 3.927979821937469 3.971340132773231 3.995352963141137 4.001116042429435 3.973810023896787 3.952404300825968
0.5236465566360176 0.7169841451410456 0.7248054670323065 0.8229150311068949 0.9864767099557191 1.216039368272903 1.7057638916046594 2.264370934048924 2.4655298444452134 2.4909148365484284 2.5367450385077466 2.468411384089362 2.503127075992678 2.3254321312701713 2.171063936047917 2.002150826431388 1.6641873910247988 1.523129164635041 1.242933738284958 1.3269100364858644 1.6828487906250003 2.140327513176997 2.498736158439689 2.806374819495951 3.0041033255539675 3.147631443067281 3.2848476165981744 3.4123214418083734 3.5367765112008938 3.665210849625809 3.7130992941880905 3.7667508180386697 3.804896914280258 3.8224605844922124 3.8527853588425396 3.904927504784279 3.942113087811151 3.9787498061438997 4.02951979035033 4.058335186791817 4.045574082653444 4.013877146567808 3.991922558802865
0.24825369635951566 0.39521221821110186 0.5788074583954365 1.0152921063972067 1.2473246558379465 1.1149110483806348 1.5446721038793911 1.8551923045798018 2.056900079670214 2.1036907948442485 2.1681823964037683 2.096829986167704 2.112060981429633 2.013814201181514 1.9054134240921083 1.7546128493816573 1.7067244048193757 1.5656661784296177 1.6300205638156067 1.7559850111169661 2.0412574358876925 2.3576779320499313 2.6340313055411495 2.86153572125537 3.055833822975114 3.2321566059623112 3.3693727794932045 3.510979870577086 3.6510775837521274 3.7560479565032603 3.792135810141885 3.8440035237365624 3.8322029328129057 3.8516876294542923 3.897106182893018 3.9499344097024123 3.9923342073234576 4.033361843209195 4.064098266080115 4.07878039664792 4.076310505524364 4.050513864900556 4.025540521317934
0.3707877393226029 0.32152713302501246 0.4352793408821226 0.8723128535780162 1.2712002700323217 1.0719623860654655 1.1002289178128293 1.4191193050986244 1.6593848249512178 1.7296395057990348 1.722915913296021 1.7032940004811032 1.7120758355870804 1.656503285307069 1.6002446541594029 1.6023028967623663 1.592423332268142 1.6945121653751263 1.8038734556792477 2.0193028481227495 2.2785041999226063 2.497775645224973 2.7315920049216142 2.9348091579208666 3.143240525514293 3.3302661700369 3.4865553916885865 3.6276136180783443 3.746305608182567 3.8327517975070293 3.8873638345723247 3.903966991569563 3.8732305686986424 3.9132976913696638 3.9533648140406843 3.996313476355854 4.036380599026875 4.061765591130089 4.095932418339282 4.1095168195188405 4.09881395798343 4.071919587971376 4.060805077915373
0.6202467428017662 0.553834114812814 0.52556758306545 0.6476899775079447 0.9748133352055932 1.0797837079567263 0.9498399916229707 0.9143010026784695 1.1305536921631567 1.2834125094765712 1.2506178440026878 1.2116484507199143 1.2677698656940495 1.2893128049383997 1.3688981855863176 1.4288616534193177 1.5748596620561877 1.7452821495815565 1.9513808422249577 2.16228210094194 2.3731833596589222 2.6130372309909227 2.8220174632784727 3.031409344086615 3.251641302603698 3.4367459206968727 3.5909768997455966 3.7150203206175236 3.80832731861853 3.8839334302340527 3.933331252705174 3.937722170258162 3.9709284842526387 3.99878336747941 4.022110116979661 4.0724684526654995 4.118847519318941 4.1266688412102015 4.132020271977907 4.132980785192623 4.114456601765952 4.099362822677554 4.08948325818333
0.8639426669926318 0.8131726827862015 0.7927274729300985 0.7009298528379311 0.7624026985797712 0.991828140723424 0.9967679229705362 0.8746455285280414 0.8395181881041329 0.8307363529981557 0.6910502883437069 0.6574323258286381 0.8156425739097576 1.021192401859035 1.1715813280488936 1.3366523848065577 1.5363019172940067 1.75502449790225 1.9948783692342507 2.2590195032812193 2.4918753497631445 2.708265255421362 2.8741596092202117 3.1075643203962606 3.3127024998249457 3.4821644741355984 3.6363954531843214 3.768809060641633 3.8585484381308373 3.9259215793345055 3.971888997467355 4.023207846367908 4.065607643988955 4.0758988570037715 4.093462527215726 4.127080489730795 4.160835668419394 4.179908716540188 4.179908716540188 4.148074564281021 4.154935372957566 4.130099245548474 4.097853444768714
