static/ASC_sea/1979/06/ERA5V/00.asc
ncols         201
nrows         201
xllcorner     105.0
yllcorner     0.0
cellsize      0.25
NODATA_value  -32767
[rows 133 to 151 of 201, columns 129 to 171 of 201]
0.7360571932618397 0.7232960891234667 0.6979110970202514 0.6740354828258761 0.6301263072959904 0.570437271810052 0.5030641306063837 0.430888423329134 0.3620059042166258 0.30094470699537856 0.24482329202124342 0.2101076001179274 0.1828015815852797 0.16029812912621333 0.13834354136127036 0.11295854925805537 0.07591018240471414 0.04997632560737553 0.030903277486581393 0.022670307074727836 0.011967445539318167 -0.004224062937327133 -0.02768802861110986 -0.05252415602020144 -0.0720088526615883 -0.09163076547650584 -0.10727340925902773 -0.14047972325350377 -0.17656757689212865 -0.20826451297776494 -0.24298020488108074 -0.2899081362286462 -0.3517926304910788 -0.41340269240644956 -0.4645843251334727 -0.5202940915870151 -0.5862950710553747 -0.6321252730146929 -0.6481795653178073 -0.6678014781327251 -0.6878350394682353 -0.715141058000883 -0.7473868587806429
0.7175330098351692 0.7003809881438076 0.6711539431817274 0.6402803041372765 0.5992526682515396 0.5505409266480725 0.5108854524976445 0.451333633185237 0.4011125136729302 0.3478726383429438 0.29806316735122973 0.2585449093743326 0.22533859537985657 0.19117176817066417 0.16523791137332555 0.13587365023771447 0.10513722736679432 0.07289142658703462 0.04558540805438693 0.03392203330426091 0.011418580845194537 -0.0007936585990548917 -0.02521813748755375 -0.05156364280548531 -0.07845801281754028 -0.10576403135018797 -0.14240074968293626 -0.1756070636774123 -0.20634348654833246 -0.25025266207821817 -0.2899081362286462 -0.3332684470644083 -0.38746883560911094 -0.44029706241850475 -0.4949090994837999 -0.55638194522564 -0.599879472234933 -0.6452980256736585 -0.6746622868092695 -0.7010077921272011 -0.7292743238745649 -0.759050233530769 -0.7991173562017895
0.6954412058966954 0.685698857576002 0.6578439743492308 0.6227166339253222 0.5841588891631413 0.5490315487392328 0.508964426068212 0.4738370856443035 0.434730476187999 0.397682109334658 0.36447579534018193 0.3228992947603213 0.2883208190305364 0.2536051271272204 0.21545903088563234 0.1828015815852797 0.14863475437608753 0.11927049324047645 0.08661304394012381 0.0656189693898972 0.036803572948409746 0.0031856104333409796 -0.02425762427283762 -0.06226650434089476 -0.09259127869122219 -0.1316978881475266 -0.16531585066259535 -0.20785286445717222 -0.24352906957520437 -0.2805774364285454 -0.31913518119072637 -0.36263270820001936 -0.4094234233740537 -0.4622516501834475 -0.515491525513434 -0.572985102222878 -0.6028982280526127 -0.6472190521030912 -0.6809742307916908 -0.7258439195362925 -0.759050233530769 -0.8078991913077667 -0.8518083668376522
0.6828173179318533 0.6822684532377297 0.6559229479197983 0.6192862295870499 0.5700256232894594 0.5343494181714272 0.4919496205503813 0.45723392864706547 0.432260585064443 0.4034451886229554 0.38588151841100116 0.36255476891074934 0.33030896813098964 0.29408389831883386 0.25552615355665287 0.22231983956217682 0.18623198592355217 0.16770780249688144 0.13299211059356564 0.09786477016965711 0.05532775637508025 0.020749280645295354 -0.01245703334918069 -0.05060312959076896 -0.09410065660006195 -0.13608880570051518 -0.17464655046269617 -0.21567418634843305 -0.25176203998705793 -0.28881040684039894 -0.3294263942055433 -0.3723750565207127 -0.41930298786827813 -0.4651331898275963 -0.5143937961251868 -0.5613217274727522 -0.5950769061613517 -0.643376999244226 -0.6863256615593956 -0.733253592906961 -0.7840235771133914 -0.8332841834109816 -0.8840541676174121
0.6647047830257754 0.6647047830257754 0.6412408173519928 0.6148953120340613 0.5650858410423472 0.516785747959473 0.4742487341648961 0.43130007184972674 0.40646394444063505 0.38107895233741995 0.37229711723144276 0.35569396023420474 0.34691212512822767 0.3106870553160719 0.274599201677447 0.24139288768297096 0.20530503404434608 0.1871924991382683 0.1480858896819639 0.10513722736679432 0.060679187142785196 0.021709793860011484 -0.01149652013446456 -0.045663347343656735 -0.08861200965882632 -0.12620924120629096 -0.1681973903067442 -0.20689235124245586 -0.2508015267723416 -0.2918291626580787 -0.3406781204350764 -0.383626782750246 -0.4250660671565756 -0.47048462059530105 -0.5042397992839007 -0.5471884615990701 -0.5851973416671274 -0.6350068126588415 -0.6813858793122833 -0.7351746193363933 -0.7859446035428237 -0.8288932658579931 -0.8796632500644235
0.6261470382635945 0.6192862295870499 0.6047413151927753 0.583198375948425 0.5421707400626881 0.49332178228569024 0.4528430110940769 0.4055034312259188 0.3805300876432963 0.3503425294664999 0.33950245175755933 0.32152713302501246 0.31809672868674 0.30341459811893445 0.2677383930009025 0.2442744273271198 0.20914708690321127 0.1847226080147122 0.14026456779070307 0.10129517450792935 0.051485703516215287 0.011967445539318167 -0.02713916391698623 -0.060894342605585905 -0.09163076547650584 -0.12332770156214212 -0.16284595953903924 -0.20250143368946727 -0.2561529575400465 -0.3059624285317606 -0.3548113863087583 -0.4055813705151887 -0.4466090064009258 -0.47734542927184576 -0.5086307168368893 -0.5471884615990701 -0.5862950710553747 -0.633085786229409 -0.6750739353298625 -0.7283138106598488 -0.7718113376691418 -0.8151716485049041 -0.8523572315317758
0.576886431966004 0.5690651100747431 0.5563040059363701 0.5305073653125623 0.4919496205503813 0.45970381977062147 0.42059721031431707 0.38299997876685243 0.3635152821254656 0.3200177551161727 0.30780551567192305 0.28242052356870806 0.2726781752480145 0.2652685018773464 0.25456564034193674 0.23453207900642625 0.20914708690321127 0.18335044627940333 0.13793189284067786 0.09937414807849687 0.0427038684102381 -0.0007936585990548917 -0.03990026805535929 -0.07845801281754028 -0.11015494890317656 -0.13800983212994766 -0.17368603724797982 -0.20922502619248107 -0.264523144125431 -0.3137837504230214 -0.37141454330599655 -0.4250660671565756 -0.47048462059530105 -0.501221043466221 -0.5266060355694362 -0.5613217274727522 -0.6013888501437727 -0.6418676213353862 -0.6760344485445786 -0.7200808402479952 -0.7639900157778807 -0.8015872473253454 -0.8372634524433777
0.5475221708303929 0.5412102268479718 0.5196672876036217 0.4973010513180861 0.47534646355314325 0.44996147144992815 0.42251823674374955 0.39082130065811327 0.36488744386077454 0.31658735077790023 0.2999841937806622 0.26869890621561865 0.25264461391250426 0.23645310543585896 0.22918064823872153 0.2194382999180282 0.19597433424424548 0.16715893780275803 0.12421027548758845 0.08071274847829546 0.0377640861631261 -0.0032635497226110033 -0.04086078127007564 -0.08092790394109639 -0.11454586645616494 -0.14679166723592485 -0.18150735913924065 -0.21567418634843305 -0.2620532530018749 -0.31666529006717026 -0.3801963784119735 -0.4280848229742551 -0.47048462059530105 -0.513982147604594 -0.5535004055814912 -0.596037419376068 -0.6204618982645669 -0.6540798607796356 -0.6916770923271003 -0.7327047282128374 -0.7674204201161532 -0.8030966252341851 -0.8474174492846636
0.519255639083029 0.5055340217299397 0.49387064697981387 0.49140075585625775 0.4723277077354636 0.44790322884696476 0.42457647934671294 0.39466335351697834 0.36982722610788665 0.34691212512822767 0.30588448924249056 0.2673267444803098 0.24482329202124342 0.2194382999180282 0.19748371215308524 0.18335044627940333 0.16331688494389307 0.13738302814655423 0.09635539226081735 0.048055299177943045 0.007576527986329573 -0.021787733149281507 -0.046212212037780365 -0.06912731301743946 -0.09753106093833441 -0.13512829248579905 -0.17368603724797982 -0.22349550823969389 -0.2765981673961495 -0.3264076383878636 -0.37868700050313375 -0.4231450407271431 -0.46321216339816385 -0.507670203622173 -0.5598123495639122 -0.612640576373306 -0.6452980256736585 -0.6916770923271003 -0.7311953503039976 -0.7615201246543248 -0.7962358165576406 -0.839596127393403 -0.8870729234350916
0.508964426068212 0.4942822955004065 0.48453994717971316 0.4782280031972921 0.467936790182475 0.45874330655590523 0.44310066277338345 0.4190878324054772 0.39082130065811327 0.3570661219695137 0.32825072552802625 0.2955932762276736 0.25703553146549285 0.2238292174710168 0.19213228138538052 0.1642773981586092 0.13052221947000953 0.09155282618723604 0.04023397728668199 0.008537041201045925 -0.030020703561135065 -0.055954560358473904 -0.07255771735571193 -0.08531882149408476 -0.10960608420905293 -0.14720331575651757 -0.19070084276581056 -0.24051031375752463 -0.29567121551694364 -0.3611233302911794 -0.41724474526531474 -0.4558024900274955 -0.4832457247336741 -0.5218034694958551 -0.5769643712552739 -0.6252644643381482 -0.6653315870091687 -0.7156899226950066 -0.7630295025631646 -0.8088597045224828 -0.8483779624993801 -0.8880334366498082 -0.9319426121796937
0.4997709424416422 0.48207005605615705 0.4786396517178847 0.4713671945207474 0.4669762769677588 0.45668506395294184 0.4396702584351112 0.4211460750084406 0.40591507974651153 0.36927836141376313 0.33072061665158214 0.28873246755112913 0.2507235874830718 0.22094767782686797 0.18815301235298465 0.1457532147319387 0.10568609206091795 0.06465845617518107 0.019239902736455372 -0.013966411258020672 -0.047721589946620124 -0.07502760847926782 -0.10082424910307575 -0.1179762707944374 -0.13553994100639155 -0.16586471535671898 -0.2122437820101608 -0.2689140616784196 -0.3157047768524539 -0.3683957874883168 -0.4187541231741545 -0.4695241073805849 -0.5111006079604454 -0.5598123495639122 -0.6086613073409102 -0.643376999244226 -0.6979890363095216 -0.7512289116395079 -0.795686951863517 -0.8420660185169588 -0.8894055983851168 -0.93441250330325 -0.9861430007243965
0.506494534944656 0.4898913779474179 0.48412829865912044 0.47287657242958725 0.46848565487659866 0.4645063858442028 0.451333633185237 0.43816088052627133 0.4123642399024635 0.38588151841100116 0.3415606943605227 0.2971026541365136 0.2623869622331976 0.22918064823872153 0.19556268572365276 0.15590721157322474 0.1115863875227463 0.06616783408402083 0.026100711413000077 -0.018357328811009266 -0.0540335339290412 -0.08723984792351747 -0.11454586645616494 -0.14391012759177602 -0.16490420214200263 -0.20881337767188834 -0.24929214886350182 -0.2996504845493395 -0.3528903598793258 -0.4070907484240285 -0.4250660671565756 -0.4778942939659694 -0.5550097834903311 -0.6140127381086149 -0.6481795653178073 -0.6800137175769743 -0.7292743238745649 -0.7742812287926977 -0.8273838879491533 -0.8815842764938562 -0.9300215857502614 -0.9832614610802477 -1.0354036070219867
0.5026524820857909 0.48893086473270164 0.4806978943208481 0.47040668130603114 0.4562734154323492 0.451333633185237 0.434730476187999 0.42210658822315683 0.39960313576409046 0.37860906121386384 0.3410118296663991 0.30588448924249056 0.2702082841244584 0.23604145691526623 0.20228627822666656 0.1686683157115978 0.12475914018171208 0.08716190863424744 0.051485703516215287 0.008948689721638425 -0.031530081469974824 -0.07008782623215581 -0.12085781043858601 -0.1506337200947898 -0.18823095164225445 -0.23021910074270768 -0.2722072498431609 -0.32750536777611083 -0.3817057563208135 -0.4348084154772689 -0.45923289436576775 -0.5111006079604454 -0.5876672327906836 -0.6452980256736585 -0.6804253660975672 -0.7229623798921441 -0.7693414465455859 -0.8157205131990273 -0.8767817104202746 -0.9300215857502614 -0.974891274494863 -1.0275822851307261 -1.0779406208165636
0.49085189116213424 0.48700983830326916 0.4767186252884522 0.45970381977062147 0.44502168920281593 0.42004834562019344 0.4034451886229554 0.3893119227492735 0.3727087657520355 0.3547334470194885 0.3337393724692619 0.30533562454836716 0.27514806637157063 0.24139288768297096 0.20626554725906243 0.17209872004987004 0.1345014885024054 0.10170682302852208 0.06507010469577379 0.03186379070129752 -0.010536006919748209 -0.04964261637605283 -0.10041260058248302 -0.1506337200947898 -0.18823095164225445 -0.2326889918662638 -0.2765981673961495 -0.33079855594085217 -0.37182619182658905 -0.420675149603587 -0.48461788646898296 -0.5368972485842531 -0.6038587412673289 -0.6603918047620569 -0.7176109491244389 -0.770301959760302 -0.825462861519721 -0.8821331411879798 -0.9401755825915472 -0.9855941360302729 -1.0310126894689982 -1.0691587857105864 -1.1193799052228932
0.4811095428414408 0.4806978943208481 0.4688973033971914 0.44790322884696476 0.42251823674374955 0.397682109334658 0.37366927896675173 0.35569396023420474 0.3459516119135113 0.3316811298662985 0.32152713302501246 0.30533562454836716 0.27555971489216335 0.24537215671536683 0.20969595159733467 0.16523791137332555 0.12764067982586091 0.09786477016965711 0.06177691653103223 0.03529419503956999 -0.004224062937327133 -0.03935140336123566 -0.08916087435294995 -0.13897034534466401 -0.1893286810305017 -0.23570774768394331 -0.27769589678439655 -0.32105620762015885 -0.3563207642175983 -0.40119045296220013 -0.48022696891599437 -0.5540492702756148 -0.6204618982645669 -0.6790532043622581 -0.740526050104098 -0.8191509175372997 -0.886524058740968 -0.9466247427474992 -0.9993157533833623 -1.0432249289132478 -1.0857619427078247 -1.1243196874700054 -1.16191691901747
0.4806978943208481 0.47328822095017986 0.4625853594147703 0.4465310671116558 0.42004834562019344 0.3957610829052255 0.373257630446159 0.3448538825252643 0.33319050777513826 0.3219387815456052 0.31219643322491164 0.2955932762276736 0.2726781752480145 0.23892299655941485 0.19789536067367797 0.15398618514379225 0.11350741395217878 0.08222212638713522 0.05491610785448753 0.02994276427186504 -0.007654467275599597 -0.04374232091422425 -0.09547281833537102 -0.14185188498881263 -0.19028919424521784 -0.24147082697224098 -0.28647773189037373 -0.3244866119584311 -0.3727867050413054 -0.42465441863598286 -0.49586961269851626 -0.5613217274727522 -0.6189525203557271 -0.6765833132387022 -0.7620689893484485 -0.8527688800523687 -0.9334519900885334 -0.9876523786332363 -1.0428132803926553 -1.085213078013701 -1.1258290653788452 -1.1697382409087311 -1.2102170121003446
0.4997709424416422 0.5030641306063837 0.49771269983867883 0.48646097360914564 0.4713671945207474 0.4465310671116558 0.4123642399024635 0.3849210051962849 0.3570661219695137 0.32825072552802625 0.30492397602777443 0.27555971489216335 0.2585449093743326 0.2257502439004493 0.18527147270883582 0.14424383682309894 0.10129517450792935 0.07055875163700942 0.03927346407196586 -0.001205307119647614 -0.02768802861110986 -0.05746393826731366 -0.09300292721181491 -0.1365004542211079 -0.17944911653627726 -0.22637704788384272 -0.27275611453728454 -0.32544712517314744 -0.37621710937957764 -0.44070871093909725 -0.5056119610192096 -0.5740828316111253 -0.6404954596000774 -0.7117106536626105 -0.7908843857899359 -0.8674510106201743 -0.9567787395887855 -1.0153700456864765 -1.0607885991252022 -1.1018162350109388 -1.1481953016643807 -1.1956720977060697 -1.2434233260948206
0.5221371787271778 0.5270769609742899 0.5373681739891069 0.5251559345448574 0.5099249392829283 0.4835794339649969 0.4440611759880997 0.40591507974651153 0.36447579534018193 0.3268785637927172 0.3039634628130581 0.2692477709097423 0.2354925922211426 0.2009141164913577 0.16578677606744896 0.1301105709494168 0.0910039614931124 0.05340672994564777 0.019239902736455372 -0.0027146850284873736 -0.031118432949382102 -0.06377588224973474 -0.09067025226178971 -0.12181832365330236 -0.16051328458901404 -0.19509176031879916 -0.22980745222211496 -0.28441948928741034 -0.3517926304910788 -0.4368666580802323 -0.517824200463459 -0.596037419376068 -0.6697225045621573 -0.7380561589805421 -0.8050176516636178 -0.8767817104202746 -0.9401755825915472 -1.0076859399687466 -1.0638073549428817 -1.118419392008177 -1.1687777276940146 -1.2189988472063213 -1.2741597489657404
0.5217255302065851 0.5236465566360176 0.5314678785272785 0.5182951258683127 0.4997709424416422 0.47287657242958725 0.44063077164982745 0.41565742806720496 0.3820394655521362 0.35075417798709263 0.30053305847478584 0.26636623126559344 0.22671075711516542 0.18911352556770078 0.14671372794665483 0.10417671415207819 0.06808886051345331 0.03049162896598867 0.0011273678303775903 -0.020827219934565155 -0.045251698823064235 -0.06322701755561111 -0.0882003611382336 -0.1179762707944374 -0.15310361121834593 -0.1941312471040828 -0.2395498005428085 -0.28688938041096645 -0.3474017129380902 -0.42259617603301947 -0.5100028785721982 -0.5994678237143403 -0.6790532043622581 -0.7424470765335307 -0.7976079782929497 -0.8616879313318766 -0.9172604816118881 -0.9871035139391127 -1.0588675726957695 -1.1292594697171177 -1.1932022065825139 -1.2487747568625254 -1.2991330925483628
