static/ASC_sea/1979/06/ERA5V/00.asc
ncols         201
nrows         201
xllcorner     105.0
yllcorner     0.0
cellsize      0.25
NODATA_value  -32767
[rows 171 to 189 of 201, columns 43 to 85 of 201]
1.8004430513409755 1.7706671416847717 1.770255493164179 1.7418517452432842 1.635920859277435 1.6882002213927052 1.7687461152553392 1.8097737511410763 1.8468221179944173 1.8551923045798018 1.876598027650621 1.8820866745918567 1.9191350414451978 1.9362870631365594 1.9338171720130033 1.9332683073188797 1.8702860836682 1.7692949799494628 1.6696760379660347 1.5797994443032999 1.502683954778938 1.407867578869091 1.3269100364858644 1.3229307674534685 1.0372466941621494 0.49387064697981387 0.6007620461603793 0.8395181881041329 0.9381766168728449 0.8742338800074487 0.7589722942414988 0.8116633048773616 0.862433289083792 0.45723392864706547 0.10568609206091795 0.14424383682309894 0.2682872576950259 0.28187165887458443 0.1301105709494168 0.2717176620332984 0.4562734154323492 0.20667719577965515 0.08661304394012381
1.6466237208128445 1.6189060537596043 1.5958537366064143 1.5177777338673362 1.0935053253098155 1.2141183418434704 1.492392741764121 1.7633946844876345 1.8029129424645316 1.8101853996616688 1.8346098785501679 1.9366987116571521 1.9782752122370126 1.9771774828487656 1.9733354299899004 1.9845871562194337 1.917625663536358 1.825416394923598 1.7546128493816573 1.6641873910247988 1.564156800520778 1.4796316376257481 1.3664282944627615 1.3166188234710474 1.0074707845059456 0.5671440836453107 0.6832289664524459 0.9586218267289479 1.0578291201917835 0.9874372231704354 0.8635310184720392 0.8156425739097576 0.8967373324665152 0.45668506395294184 0.06904937372816966 0.022121442380604206 -0.015475789166860432 -0.00024479390493126196 0.0837315042959752 0.24770483166539203 0.6545507861844894 0.617914067851741 0.5221371787271778
1.5422022127558352 1.5729386356267552 1.5504351831676888 1.1330235832867126 0.5925290757485258 0.667723538843455 1.0368350456415567 1.4429949192929996 1.8107342643557924 1.8170462083382135 1.8414706872267124 1.9416384939042644 2.003111339646104 2.0114815262314885 2.010932661537365 2.0002298000019554 1.9533018686543901 1.880577296683017 1.8097737511410763 1.7252485882460462 1.6261785109567417 1.5137984648349403 1.40155563488667 1.302897206117958 0.9698735529584811 0.5650858410423472 0.753620863473794 1.031483614873852 1.1446869580368386 1.0719623860654655 0.9147126511990622 0.8360877837658606 0.8912486855252795 0.5593227617540497 0.1784106640322911 -0.04813323846721285 -0.08765149644410997 -0.01149652013446456 0.07879172204886298 0.15206515871435977 0.5226860434213013 0.8244244090157347 0.8526909407630986
1.5675872048590502 1.5983236277299704 1.2473246558379465 0.7706356689916247 0.36049652630778595 0.40838497087006753 0.6402803041372765 1.0421864764092617 1.4918438770699975 1.7994825381262594 1.8239070170147582 1.949871464316118 2.018753983428626 2.063623672173228 2.0676029412056236 2.027535818534603 2.0099721483226487 1.9347776852277194 1.8502525223326896 1.7658645756111904 1.657463798521785 1.5280689468821531 1.4162377654544756 1.31703047199164 1.0250344547179 0.7906692303271351 0.9767343616350257 1.0935053253098155 1.2067086684728021 1.112029508736486 0.9616405825466275 0.8502210496395426 0.8005487948213593 0.5074550481593723 0.21792892200918823 -0.019866706719849025 -0.07008782623215581 0.0060671500774898135 0.07783120883414663 0.1115863875227463 0.4190878324054772 0.8664125581161879 1.0383444235503967
1.559217018273666 1.309209150100379 0.8810946886839934 0.4767186252884522 0.27116879733917476 0.3957610829052255 0.4400819069557038 0.7082023100350684 1.178853785246031 1.5406928348469953 1.7273068308490096 1.8580738442239504 2.06856345442034 2.114942521073782 2.1447184307299856 2.093948446523555 2.055802350281967 1.973884294684024 1.8820866745918567 1.7848004075584538 1.6807905480220369 1.5670383401649268 1.4528744837872238 1.333633628988878 1.1612901150340766 1.066062090603637 1.14029604048385 1.1984756980609486 1.1954569422432688 1.0880166783685798 1.002119353738241 0.946958451978822 0.7408597593354209 0.37709968330502397 0.1734708817851791 0.13299211059356564 0.07193091337231827 0.03296152008954478 0.08949458358427265 0.1847226080147122 0.5085527775476194 1.074843925709614 1.3771311559981712
1.3332219804682854 0.973852821990877 0.506494534944656 0.21751727348859573 0.15590721157322474 0.19652319893836911 0.31164756853078823 0.505122373209347 0.9396859947816847 1.2257817165935962 1.4274894916840086 1.684220952360309 1.9801962386664451 2.132506191285736 2.192606875292267 2.1760037182950294 2.0783058027410335 2.0055812307696606 1.9128230974627767 1.8122436422646322 1.7208576706930576 1.6374302371862748 1.5284805954027458 1.352706677109672 1.1515477667133833 1.081293085865566 1.117380939504191 1.1750117323871658 1.2116484507199143 1.1383750140544175 1.020231888644319 0.9923770054175476 0.7696751557769085 0.4352793408821226 0.3780601965197403 0.291202358674685 0.2536051271272204 0.175940772908735 0.08469201751069133 0.17745015081757498 0.7135537408027732 1.3507856506802396 1.5920116837475493
0.9591706914230715 0.5724955144130154 0.2077749251679022 0.12818954451998432 0.1066466052756343 0.15933761591149698 0.3312694813457058 0.4259486410820219 0.6120137723899126 0.7799663687917254 0.9313158081963002 1.2404638471614018 1.7452821495815565 2.143209052821146 2.213600949842494 2.147188321853542 2.0876365025411343 1.9651024595780469 1.8576621957033579 1.7721765195936117 1.690670112516261 1.6120452450830596 1.537262430508723 1.4694776407844619 1.3532555418037957 1.2746306743705942 1.2838241579971639 1.2921943445825483 1.2404638471614018 1.1374145008397012 1.0406770985004217 0.9860650614351265 0.8322457309069956 0.5114343171917681 0.3663968217696144 0.4011125136729302 0.5593227617540497 0.533388904956711 0.3175478639926166 0.3043751113336508 0.8557096965807782 1.4582259145549288 1.684220952360309
0.448863742061681 0.18815301235298465 -0.032490594684691176 -0.1248370794709821 -0.04333067239363175 0.12077987114931621 0.20530503404434608 0.2736386884627309 0.455312902217633 0.658941703737478 0.8005487948213593 0.9166336776284947 1.1139505351659187 1.6925911389456938 2.264782582569517 2.19301852381286 2.0719938587586126 1.961123190545651 1.8683650572387673 1.7721765195936117 1.6676177953630713 1.5723897709326315 1.511465789884915 1.456716536646089 1.4103374699926472 1.354216055018512 1.332261467253569 1.3063276104562302 1.2550087615556764 1.199436211275665 1.154429306357532 1.0441075028386941 0.9387254815669684 0.7809268820064417 0.6129742856046289 0.533388904956711 0.5001825909622349 0.3185083772073327 0.1369713796259615 0.30492397602777443 0.8780759328663138 1.3855013425835556 1.642232803259856
0.231101674668154 0.044076030145547174 0.021709793860011484 0.04462489483967058 0.18431095949411946 0.2536051271272204 0.3219387815456052 0.4303395586350104 0.5196672876036217 0.5553434927216538 0.6778775356847412 0.8082329005390894 0.9786553880644582 1.3317126025594455 2.0885970157558504 2.169691774312608 2.029045196443443 1.9420501424248569 1.8366681211531313 1.7374608276902956 1.6740669555190233 1.6071054628359476 1.5729386356267552 1.5397323216322791 1.4928043902847137 1.4265289784692925 1.3903039086571367 1.3634095386450817 1.315658310256331 1.2496573307879717 1.187635620352008 1.1246533967013281 0.9933375186322637 0.8601006141337668 0.8238755443216111 0.7736544248093044 0.6721144563964436 0.4942822955004065 0.4030335401023628 0.5866287802866974 0.9230828377844467 1.3492762727713998 1.6105358671742198
0.13052221947000953 0.13258046207297292 0.1480858896819639 0.24770483166539203 0.313156946439628 0.29655378944238997 0.389860787443397 0.4831677854444042 0.5377798225096996 0.5875892935014136 0.9431163991199569 1.228663256237745 1.6124568936036523 1.8068922114969275 2.1105516035207934 2.084206098202862 1.975256456419333 1.9191350414451978 1.8195160994617696 1.7389702055991356 1.6813394127161605 1.6120452450830596 1.5885812794092768 1.5675872048590502 1.5290294600968695 1.478259475890439 1.4445042972018394 1.4010067701925464 1.3444737066978185 1.2897244534589922 1.2624184349263445 1.2238606901641638 1.0929564606156918 0.9542309091759593 0.8757432579162886 0.852279292242506 0.800960443341952 0.7999999301272358 0.7624026985797712 0.868882449239744 1.1389238787485412 1.4152772522397592 1.594893223391698
0.13148273268472588 0.13299211059356564 0.19254392990597324 0.25991707110964146 0.2809111456598681 0.292711736583525 0.34005131645168296 0.31466632434846775 0.38588151841100116 0.43130007184972674 0.7731055601151807 1.379601047121727 1.8912801582184264 2.0319267360875917 2.0578605928849303 2.007502257199093 1.9533018686543901 1.8820866745918567 1.8009919160350991 1.7214065353871812 1.6725575776101833 1.6189060537596043 1.6355092107568423 1.607654327530071 1.6002446541594029 1.5553749654148008 1.5250501910644736 1.4645378585373499 1.4049860392249423 1.3078369883650702 1.2540482483409603 1.2233118254700401 1.1471568491603947 1.0744322771890213 1.0177619975207626 0.9967679229705362 0.9938863833263873 0.9948468965411036 1.0568686069770672 1.167190410495905 1.3404944376654226 1.5148961942231876 1.6779090083778883
0.09882528338437324 0.19693484745896161 0.25552615355665287 0.22972951293284516 0.22767127032988177 0.2101076001179274 0.2398835097741312 0.21353800445619986 0.2995725452600695 0.34444223400467155 0.4967521866239626 1.0988567560775204 1.8166345598176208 2.013814201181514 1.9640047301897998 1.975256456419333 1.9338171720130033 1.8668556793299276 1.7858981369467009 1.7135852134959202 1.6641873910247988 1.6339998328480025 1.6431933164745722 1.6227481066184692 1.6597964734718103 1.6158872979419245 1.5979119792093777 1.537262430508723 1.4469741883253955 1.348864624250807 1.251715573390935 1.2154905035787793 1.1784421367254383 1.1706208148341772 1.1368656361455778 1.1599179532987676 1.1588202239105205 1.233603038484857 1.2994668017796858 1.3946948262101253 1.550023534647096 1.6486819634158079 1.8332377168148588
0.1070582537962268 0.2057166825649388 0.2717176620332984 0.237550834824106 0.15151629402023614 0.07783120883414663 0.1183099800257601 0.21106811333264375 0.31274529791903527 0.5772980804865967 0.7301568978000113 1.0290137237502959 1.7057638916046594 1.8864775921448453 1.8986898315890948 1.939168602780708 1.9050017755715158 1.844489443044392 1.7799978414848725 1.7076849180340918 1.6740669555190233 1.6447026943834122 1.6290600506008903 1.629608915295014 1.6641873910247988 1.635920859277435 1.619317702280197 1.5622357740913455 1.471810315734487 1.3908527733512603 1.2946642357061044 1.2355240649142896 1.1964174554579852 1.2174115300082118 1.2433453868055506 1.2727096479411617 1.31853984990048 1.3937343129954092 1.4767500979815993 1.5700570959826063 1.72428807503133 1.8175950730323371 1.9967993956636831
0.048055299177943045 0.10129517450792935 0.18129220367643994 0.15151629402023614 0.04517375953379421 0.004146123648057332 0.011418580845194537 0.16523791137332555 0.5261164477595737 0.845830132086554 1.103247673630509 1.3790521824276036 1.6540333941835128 1.7746464107171676 1.8414706872267124 1.8620531132563465 1.8410590387061196 1.8107342643557924 1.7414400967226915 1.6969820564986824 1.673106442304307 1.6311182932038537 1.6173966758507645 1.6324904549391626 1.6324904549391626 1.616847811156641 1.5622357740913455 1.5118774384055078 1.4674193981814985 1.3966158526395578 1.333633628988878 1.2536365998203676 1.2204302858258915 1.2643394613557772 1.3116790412239352 1.3649189165539215 1.4166494139750683 1.5422022127558352 1.6154756494213318 1.7223670486018974 1.8971804536802548 2.013814201181514 2.1208428165356104
0.05738599897804364 0.06410959148105744 0.07344029128115825 0.025140198198283947 0.0051066368627734615 0.05244621673093164 0.04078284198080562 0.17937117724700746 0.5803168363042763 0.9343345640139799 1.2082180463816419 1.411846847901487 1.5914628190534257 1.7111153223723643 1.7863097854672936 1.8302189609971793 1.8288467992618704 1.7725881681142042 1.716466753140069 1.6838093038397166 1.646212072292252 1.5876207661945607 1.5568843433236408 1.5568843433236408 1.5841903618562885 1.5778784178738672 1.4971953078377023 1.4440926486812469 1.4030650127955098 1.3532555418037957 1.3263611717917407 1.3146977970416147 1.2921943445825483 1.2672210009999259 1.2937037224913883 1.3678004561980703 1.4962347946229861 1.6622663645953664 1.8561528177945181 2.000641448522548 2.1296246516415875 2.249688803481119 2.2960678701345607
-0.045251698823064235 0.04078284198080562 0.07494966918999801 0.07975223526357933 0.13107108416413316 0.12764067982586091 0.13354097528768927 0.3591243645724771 0.7141026054968969 0.987986087864559 1.2101390728110744 1.4191193050986244 1.5738991488414713 1.7198971574783415 1.7897401898055658 1.7950916205732708 1.7687461152553392 1.7174272663547854 1.6706365511807508 1.6066938143153549 1.5460442656147002 1.5196987602967686 1.5006257121759745 1.505016629728963 1.5426138612764277 1.5275200821880297 1.4992535504406657 1.4445042972018394 1.3723285899245898 1.3063276104562302 1.2672210009999259 1.2219396637347313 1.249245682267379 1.2971341268296606 1.3864618557982717 1.4870413109964162 1.6071054628359476 1.7887796765908495 2.017244605519786 2.255589098942947 2.411878320594634 2.5182208550810756 2.5187697197751993
-0.06432474694385837 -0.035509350502370696 0.03392203330426091 0.12132873584343984 0.2125774912414835 0.14465548534369144 0.1251707887023048 0.33758142532812685 0.7282358713705788 1.0261321841061473 1.218509259396459 1.3956553394248417 1.5817204707327324 1.7360886659549868 1.7492614186139526 1.7590037669346459 1.7628458197935108 1.7067244048193757 1.6090264892653798 1.514347329529064 1.4601469409843613 1.4254312490810452 1.3834430999805922 1.389892260136544 1.3971647173336814 1.411846847901487 1.4313315445428738 1.4112979832073633 1.3767195074775784 1.3200492278093197 1.2458152779291065 1.2257817165935962 1.2652999745704934 1.2599485438027886 1.3141489323474913 1.4406622443429744 1.6584243117365014 1.9298379029806074 2.1906858488628345 2.4518082270921235 2.657358055041401 2.7155377126184996 2.6794498589798748
-0.06432474694385837 -0.032078946164098454 0.08167326169301181 0.18870187704710806 0.17498025969401887 0.15892596739090448 0.1778617993381677 0.2765202281068795 0.6471411128138211 0.9796159012791745 1.2008083730109738 1.4147283875456358 1.6261785109567417 1.7086454312488082 1.7042545136958196 1.7038428651752269 1.6437421811686959 1.5788389310885835 1.4816898802287115 1.3986740952425212 1.3532555418037957 1.3151094455622074 1.3244401453623083 1.3034460708120816 1.2912338313678322 1.3576464593567843 1.4112979832073633 1.4889623374258487 1.482101528749304 1.3752101295687384 1.2408754956819945 1.1486662270692345 1.0983078913833968 1.1652693840664725 1.325812307097617 1.478259475890439 1.7017846225722635 1.9914479648959782 2.3552080409263754 2.6773916163769114 2.9249295934266426 2.9918910861097183 2.9460608841504
-0.0036751982432037256 0.05436724316036412 0.13148273268472588 0.13834354136127036 0.09635539226081735 0.13985291927011034 0.21751727348859573 0.28434154999814054 0.4694461680913149 0.8326573794275882 1.1988873465815413 1.4460136751106794 1.586111388285721 1.6452515590775356 1.6412722900451397 1.6276878888655815 1.5778784178738672 1.500214063655382 1.3855013425835556 1.276002836105903 1.2267422298083126 1.178853785246031 1.1666415458017814 1.1374145008397012 1.2062970199522094 1.3068764751503539 1.488413472731725 1.5723897709326315 1.5450837523999839 1.4166494139750683 1.2584391658939487 1.137826149360294 1.068531981727193 1.0860956519391474 1.1622506282487928 1.3966158526395578 1.6822999259308768 2.2214222717337546 2.6827430471446165 3.1207370730552264 3.321484334930923 3.270165486030369 3.1539433870497025
