static/ASC_sea/1979/06/ERA5V/00.asc
ncols         201
nrows         201
xllcorner     105.0
yllcorner     0.0
cellsize      0.25
NODATA_value  -32767
[rows 19 to 37 of 201, columns 0 to 42 of 201]
-1.5613532001658992 -1.7209356099823274 -1.6735960301141695 -1.6897875385908148 -1.7277964186588723 -1.8254943342128678 -1.8884765578635478 -2.0251438667003168 -2.110629542810063 -2.0696019069243263 -2.069190258403734 -2.0369444576239735 -2.1067874899511985 -2.1379355613427107 -2.1531665566046403 -2.2014666496875144 -2.1135110824542123 -2.062329449727189 -1.9730017207585775 -1.9211340071639003 -1.9026098237372298 -1.845939544068971 -1.8474489219778107 -1.7419296845325543 -1.6751054080230092 -1.6043018624810685 -1.6252959370312954 -1.534458830153844 -1.438819157202812 -1.3748764203374157 -1.297623714639523 -1.2922722838718184 -1.3132663584220448 -1.3138152231161684 -1.3596454250754866 -1.530616777294979 -1.6634420332728836 -1.867482483313321 -2.058899045388917 -2.2522366338939444 -2.3581675198597942 -2.347464658324384 -2.3117884532063524
-1.5979899184986477 -1.6394292029049773 -1.5915407583426957 -1.4235881619408828 -1.5031735425888006 -1.6014203228369197 -1.6848477563437025 -1.8254943342128678 -1.910980010322614 -1.9812346911704315 -1.9373255156405456 -1.9050797148607856 -1.83043411645998 -1.8396276000865497 -1.8547213791749482 -2.0335140532857015 -2.0285742710385897 -1.977392638311566 -1.9636710209584771 -1.9465189992671152 -1.9275831673198522 -1.8440185176395383 -1.7014509133409408 -1.5955200273750914 -1.5081133248359129 -1.5119553776947778 -1.5329494522450042 -1.5661557662394803 -1.523207103924311 -1.4588527185383222 -1.4392308057234044 -1.4632436360913108 -1.4842377106415372 -1.544750043168661 -1.7058418308939294 -1.8772248316340143 -2.081402497847983 -2.2352218283761136 -2.427598903666426 -2.435420225557687 -2.402625560083803 -2.392334347068986 -2.308906913562203
-1.4260580530644387 -1.4401913189381206 -1.5086621895300365 -1.3430422680782488 -1.4401913189381206 -1.5022130293740845 -1.544750043168661 -1.6756542727171329 -1.6682445993464647 -1.7806246454682662 -1.733147849426577 -1.8665219700986049 -1.7522208975473712 -1.7806246454682662 -1.9153709278756026 -2.197624596828649 -2.2693886555853062 -2.178551548707855 -2.1541270698193564 -2.114059947148336 -1.9543403211583763 -1.8449790308542549 -1.6980205090026683 -1.6136325622811694 -1.5153857820330503 -1.5081133248359129 -1.5930501362515355 -1.6340777721372726 -1.618023479834158 -1.6853966210378262 -1.6897875385908148 -1.7342455788148243 -1.857191270298504 -1.9295041937492845 -2.106238625257075 -2.1463057479280954 -2.354325467000929 -2.4367923872929955 -2.3255100705594414 -2.2327519372525577 -2.1301142394514496 -2.041747023697555 -1.9539286726377838
-1.1296711182377102 -1.292821148565942 -1.3982031698376678 -1.4563828274147663 -1.4260580530644387 -1.4865703855915624 -1.6247470723371717 -1.699941535432101 -1.6600116289346112 -1.5428290167392287 -1.7659425149004606 -1.9539286726377838 -2.121881269039596 -2.1325841305750064 -2.2625278469087613 -2.44516257387838 -2.3635189506274985 -2.2429059340938435 -1.988095499846976 -1.83043411645998 -1.6482110380109545 -1.4821794680385738 -1.3997125477465076 -1.325066949345702 -1.347982050325361 -1.4441705879705167 -1.5472199342922173 -1.66289316857876 -1.7298546612618357 -1.8161636344127674 -1.9222317365521475 -2.078932606724427 -2.2186186713788763 -2.305476509223931 -2.291754891870842 -2.293264269779682 -2.2703491688000224 -2.1755327928901753 -2.03639559292985 -1.874343291989866 -1.7888576158801197 -1.7019997780350644 -1.6775752991465656
-1.128710605022994 -1.2830788002452487 -1.3928517390699626 -1.4920590325327983 -1.450070883432345 -1.4924706810533908 -1.6018319713575127 -1.696099482573236 -1.7629237590827807 -1.751260384332655 -2.050528858803532 -2.2361823415908306 -2.3816314855335765 -2.250315607464512 -2.219990833114185 -2.3249612058653177 -2.080441984633267 -1.7571606797944834 -1.3470215371106444 -1.1932022065825139 -1.1164983655787444 -1.0798616472459963 -1.1424322223760834 -1.2619475095214912 -1.4378586439880958 -1.6018319713575127 -1.7170935571234625 -1.7863877247565634 -1.852388704224923 -1.9289553290551613 -2.0379049708386896 -2.143424208283947 -2.1858240059049923 -2.202015514381638 -2.1189997293954477 -2.049568345588816 -1.9646315341731933 -1.845527895548378 -1.7625121105621882 -1.6917085650202475 -1.7474183314737897 -1.7922880202183917 -1.8371577089629938
-1.4821794680385738 -1.5197766995860384 -1.520737212800755 -1.5109948644800617 -1.5281468861714231 -1.6243354238165788 -1.7873482379712795 -2.0422958883916786 -2.2772099774765673 -2.4539444089843574 -2.523238576617458 -2.472468592411028 -2.3567953581244847 -2.1858240059049923 -2.0457262927299507 -1.9612011298349208 -1.6521903070433501 -1.352784616398942 -1.0569465462663372 -1.0432249289132478 -1.0882318338313806 -1.1643868101410264 -1.252754025894921 -1.3787184731962807 -1.5418685035245125 -1.6814173520054305 -1.7835061851124145 -1.8514281910102068 -1.8919069622018199 -1.8982189061842412 -1.8875160446488313 -1.8230244430893119 -1.7439879271355176 -1.6775752991465656 -1.6678329508258722 -1.6955506178791124 -1.739597009582529 -1.6722238683788604 -1.6692051125611809 -1.7117421263557577 -1.8060096375714811 -1.8157519858921745 -1.7487904932090987
-1.4256464045438462 -1.677986947667158 -1.7669030281151767 -1.8890254225576715 -1.940755919978818 -2.0256927313944404 -2.1189997293954477 -2.2531971471086605 -2.427598903666426 -2.506223771099627 -2.4167588259574853 -2.315767722238748 -2.091556494689269 -1.8293363870717327 -1.6350382853519887 -1.387500308302258 -1.1062071525639274 -0.8582575269936041 -0.7609712599602012 -0.8899544630792404 -0.971460870156591 -1.0872713206166644 -1.136531926914255 -1.2327204645594108 -1.3088754408690562 -1.4821794680385738 -1.5955200273750914 -1.6716750036847372 -1.6209050194783068 -1.5993620802339563 -1.5437895299539448 -1.5661557662394803 -1.5354193433685606 -1.5613532001658992 -1.6247470723371717 -1.6712633551641443 -1.7409691713178381 -1.7083117220174853 -1.706390695588053 -1.738636496367813 -1.674144894808293 -1.6243354238165788 -1.4573433406294825
-1.4002614124406312 -1.5920896230368193 -1.7762337279152776 -1.9563985637613397 -2.066720367280178 -2.1600273652811843 -2.2186186713788763 -2.2772099774765673 -2.2732307084441716 -2.302046104885659 -2.1902149234579813 -1.951047132993635 -1.6556207113816226 -1.3577243986460543 -1.1233591742552893 -0.9334519900885334 -0.7912960343105284 -0.8132506220754714 -0.8172298911078675 -0.9651489261741697 -1.1296711182377102 -1.274708613659864 -1.3474331856312374 -1.42166713551145 -1.4880797635004026 -1.5886592186985469 -1.5774074924690138 -1.5716444131807161 -1.4983709765152196 -1.4821794680385738 -1.4905496546239585 -1.566704630933604 -1.6316078810137162 -1.6506809291345104 -1.6712633551641443 -1.6604232774552037 -1.6853966210378262 -1.643408471937373 -1.584817165839682 -1.560392686951183 -1.465576311041336 -1.3982031698376678 -1.3161478980661936
-1.676614785931849 -1.6794963255759978 -1.8646009436691722 -1.9388348935493853 -2.210797349487615 -2.304515996009215 -2.2927154050855583 -2.2522366338939444 -2.24839458103508 -2.1585179873723446 -1.8962978797548085 -1.6565812245963387 -1.3050333880101912 -1.1306316314524267 -0.8953058938469451 -0.9025783510440826 -1.08041051194012 -1.1027767482256554 -1.245481568697784 -1.2502841347713651 -1.4153551915290292 -1.5451616916892539 -1.6609721421493273 -1.735617740550133 -1.6623443038846364 -1.5892080833926705 -1.5779563571631374 -1.4544618009853336 -1.4046523299936198 -1.3880491729963815 -1.4997431382505282 -1.6067717536046249 -1.6716750036847372 -1.6594627642404876 -1.5867381922691142 -1.5764469792542972 -1.5588833090423433 -1.5144252688183337 -1.4558339627206427 -1.3938122522846792 -1.3474331856312374 -1.2800600444275687 -1.3029751454072278
-2.0715229333537586 -2.049568345588816 -2.0062080347530538 -2.0432564016063948 -2.289833865441409 -2.282973056764865 -2.2375545033261393 -2.1672998224783218 -1.988095499846976 -1.863640430454456 -1.5823472747161256 -1.3533334810930657 -1.0452831715162112 -0.927963343147298 -0.9700887084212819 -1.004255535630474 -1.2107658767944678 -1.3831093907492693 -1.5266375082625834 -1.5056434337123565 -1.5407707741362653 -1.665363059702316 -1.7308151744765519 -1.5823472747161256 -1.4699672285943246 -1.3718576645197362 -1.3084637923484637 -1.2117263900091844 -1.2067866077620721 -1.350451941448917 -1.4783374151797088 -1.5632742265953319 -1.5457105563833775 -1.5218349421890018 -1.4460916143999494 -1.410415409281917 -1.395321630193519 -1.3558033722166216 -1.3558033722166216 -1.3151873848514775 -1.289802392748262 -1.2806089091216923 -1.2922722838718184
-2.1604390138017777 -2.123802295469029 -2.0569780189594837 -2.0501172102829397 -2.153578205125233 -2.081402497847983 -1.8953373665400923 -1.706390695588053 -1.4880797635004026 -1.304072874795475 -1.0491252243750762 -0.9729702480654308 -0.894345380632229 -0.9290610725355448 -0.9783216788331355 -1.0642190034634742 -1.2678478049833195 -1.4338793749556997 -1.5212860774948787 -1.4895891414092424 -1.5481804475069334 -1.6346266368313958 -1.5569622826129106 -1.3649968558431913 -1.1531350839114929 -1.0012367798127946 -0.9764006524037028 -1.026210123395417 -1.150665192787937 -1.2907629059629786 -1.406573356423052 -1.428527944187995 -1.365545720537315 -1.2941933103012506 -1.2248991426681501 -1.198004772656095 -1.1907323154589575 -1.1668567012645823 -1.1804411024441406 -1.2078843371503194 -1.2283295470064222 -1.2023956902090835 -1.1775595627999917
-1.9348556245169897 -1.9216828718580239 -1.8245338209981516 -1.7497510064238149 -1.7527697622414948 -1.6014203228369197 -1.297623714639523 -1.0178399368100328 -0.7874539814516635 -0.7288626753539724 -0.6555892386884754 -0.7410749147982216 -0.8439870449463915 -0.9202792374295676 -0.9206908859501606 -0.9855941360302729 -1.1315921446671429 -1.2874697177982373 -1.344963294507681 -1.384618768658109 -1.4529524230764939 -1.5056434337123565 -1.4148063268349056 -1.2409534349712643 -1.0388340113602592 -0.9187698595207279 -0.9275516946267051 -1.0222308543630214 -1.1453137620202323 -1.235190355682967 -1.2903512574423857 -1.2600264830920584 -1.1916928286736737 -1.1004440732756302 -1.0428132803926553 -1.0208586926277123 -1.0164677750747237 -1.0193493147188726 -1.0227797190571446 -1.0397945245749753 -1.0334825805925545 -0.9993157533833623 -0.9880640271538288
-1.9192129807344676 -1.8323551428894127 -1.68443610782311 -1.5109948644800617 -1.3098359540837727 -1.0174282882894399 -0.6960680098800889 -0.4343967669566762 -0.24791998712819296 -0.3298380427261358 -0.4895576687160952 -0.7107501404478944 -0.8323236701962655 -0.8758211972055585 -0.7800443080809953 -0.8019988958459383 -0.83918447887281 -0.949506282391648 -1.0242890969659848 -1.1062071525639274 -1.1926533418883902 -1.2659267785538868 -1.2239386294534336 -1.0960531557226416 -0.959797495406465 -0.9407244472856708 -0.9792821920478516 -1.0384223628396667 -1.0867224559225408 -1.1477836531437882 -1.2073354724561958 -1.1956720977060697 -1.1556049750350492 -1.08041051194012 -1.0798616472459963 -1.0935832645990853 -1.1062071525639274 -1.1164983655787444 -1.0983858306726668 -1.0613374638193258 -0.9939643226156571 -0.9324914768738173 -0.9187698595207279
-1.8577401349926277 -1.7409691713178381 -1.5056434337123565 -1.2600264830920584 -0.9842219742949638 -0.6800137175769743 -0.33079855594085217 -0.1135853532414488 -0.11413421793557244 -0.30541356383763696 -0.5969979325907844 -0.8850146808321282 -1.1252802006847216 -1.252754025894921 -1.3128547099014523 -1.3254785978662944 -1.2752574783539876 -1.235190355682967 -1.235190355682967 -1.2840393134599648 -1.3006424704572026 -1.2981725793336467 -1.2365625174182757 -1.1145773391493121 -1.0550255198369045 -1.0462436847309273 -1.0607885991252022 -1.0896039955666896 -1.1237708227758818 -1.2205082251151615 -1.2703176961068754 -1.3166967627603172 -1.3313788933281228 -1.4222160002055737 -1.53843809918624 -1.6497204159197942 -1.6316078810137162 -1.5613532001658992 -1.4646157978266199 -1.3699366380903035 -1.2502841347713651 -1.1267895785935613 -0.9724213833713071
-1.4626947713971872 -1.4100037607613245 -1.3230087067427385 -1.1243196874700054 -0.8245023483050045 -0.47981532039540187 -0.19262186919524305 -0.22445602145441024 -0.5515793791520587 -1.1916928286736737 -1.6390175543843843 -2.009638439091326 -2.2396127459291026 -2.337173445309567 -2.348425171539101 -2.2982040520267937 -2.1497361522663674 -2.026241596088564 -1.9455584860523991 -1.8962978797548085 -1.7991488288949367 -1.6794963255759978 -1.4729859844120041 -1.3636246941078827 -1.285960339889397 -1.2205082251151615 -1.0363641202367033 -0.9523878220357969 -0.9114974023235909 -0.971049221635998 -1.0769801076018475 -1.2220176030240013 -1.4006730609612237 -1.5911291098221028 -1.7693729192387326 -1.8831251270958431 -1.8327667914100052 -1.7107816131410416 -1.5457105563833775 -1.3806394996257134 -1.190183450764834 -0.9964342137392135 -0.7830630638986749
-0.9275516946267051 -1.0989346953667904 -1.173580293767596 -0.9479969044828083 -0.7786721463456863 -0.557479674613887 -0.7449169676570866 -1.0754707296930077 -1.472025471197288 -1.9310135716581247 -2.24688520312624 -2.532980924938151 -2.6262879229391585 -2.5150056062056043 -2.4455742223989727 -2.27611224808832 -2.2009177849933907 -2.103768734133519 -2.0472356706387904 -2.010050087611919 -1.8611705393309002 -1.6340777721372726 -1.3728181777344524 -1.2918606353512254 -1.2693571828921593 -1.259614834571466 -1.1746780231558434 -1.150253544267344 -1.1433927355907996 -1.1916928286736737 -1.245481568697784 -1.3542939943077819 -1.5222465907095948 -1.6413502293344095 -1.7502998711179385 -1.6712633551641443 -1.5075644601417892 -1.3533334810930657 -1.1590353793733212 -1.0706681636194262 -0.9290610725355448 -0.8435753964257986 -0.8260117262138442
-1.198965285870811 -1.3352209461869877 -1.2088448503650355 -0.9744796259742705 -0.8914638409880802 -1.1433927355907996 -1.450070883432345 -1.6585022510257714 -1.652601955563943 -1.7336967141207007 -1.9573590769760558 -2.0413353751769625 -2.1155693250571757 -2.052998749927088 -1.9846650955087035 -1.8543097306543552 -1.7951695598625406 -1.786936589450687 -1.7571606797944834 -1.8737944272957423 -1.8913580975076967 -1.7077628573233616 -1.5945595141603752 -1.5871498407897071 -1.5716444131807161 -1.5892080833926705 -1.6907480518055313 -1.6556207113816226 -1.5886592186985469 -1.4915101678386746 -1.5535318782746381 -1.6281774766754442 -1.7107816131410416 -1.743439062441394 -1.6678329508258722 -1.6023808360516363 -1.520737212800755 -1.4690067153796085 -1.3372791887899511 -1.2000630152590583 -0.9973947269539296 -0.8626484445465927 -0.8317748055021419
-1.504271271977048 -1.3142268716367613 -1.1418833576819598 -1.0452831715162112 -1.2063749592414792 -1.4588527185383222 -1.5852288143602744 -1.479846793088549 -1.4544618009853336 -1.553943526795231 -1.6043018624810685 -1.6888270253760986 -1.6722238683788604 -1.644780633672682 -1.5760353307337047 -1.414394678314313 -1.2697688314127518 -1.2844509619805573 -1.5086621895300365 -1.7371271184589727 -1.7669030281151767 -1.768824054544609 -1.688278160681975 -1.6697539772553045 -1.6546601981669065 -1.666735221437625 -1.6955506178791124 -1.531028425815572 -1.4138458136201895 -1.3348092976663952 -1.4812189548238577 -1.57836800568373 -1.593599000945659 -1.457754989150075 -1.3792673378904043 -1.325066949345702 -1.3533334810930657 -1.3010541189777955 -1.2356020042035596 -1.1155378523640282 -0.9241212902884326 -0.839596127393403 -0.7527382895483476
-1.288841879533546 -1.0979741821520739 -1.1491558148790972 -1.3361814594017039 -1.497822111821096 -1.5749376013454575 -1.544750043168661 -1.4382702925086883 -1.3493542120606696 -1.4685950668590155 -1.5262258597419904 -1.552571365059922 -1.5218349421890018 -1.4846493591621301 -1.337690837310544 -1.1668567012645823 -0.9783216788331355 -1.0559860330516206 -1.2810205576422853 -1.5105832159594688 -1.5100343512653451 -1.5125042423889015 -1.3670550984461551 -1.32945786689869 -1.3142268716367613 -1.3542939943077819 -1.2834904487658412 -1.118419392008177 -0.916299968397172 -0.8830936544026959 -1.030052176254282 -1.249323621556649 -1.315736249545601 -1.2107658767944678 -1.219547711900445 -1.143804384111392 -1.1048349908286188 -0.8777422236349912 -0.7874539814516635 -0.7058103582007822 -0.6907165791123842 -0.6116800631585899 -0.5618705921668756
