static/ASC_sea/1979/12/ERA5U/00.asc
ncols         201
nrows         201
xllcorner     105.0
yllcorner     0.0
cellsize      0.25
NODATA_value  -32767
[rows 38 to 56 of 201, columns 86 to 128 of 201]
-0.09857757210889795 -0.3373299438862849 0.6006637839874582 0.986708821649781 0.8739794167125738 1.0087761344087152 1.2084454341913629 1.3863132924531356 0.8657374083327307 1.2025962669540549 1.4214082958769831 1.1055532650623554 0.7450318662537401 0.5655687805636107 0.4669305512435542 0.29198727660043544 0.11465116081478177 0.005378081972347459 0.04446115396708672 0.1898927211856063 0.46480358133907873 0.676171215596342 0.9439035523222092 1.2645442654219072 1.5894389183305562 2.0097813457025477 2.4242746058372324 2.7895816869309176 3.108361301364199 3.3463160594274077 3.549707556542888 3.7299682559471954 3.962871460487275 4.155893979318436 4.335357065008565 4.500994846319603 4.655200164394085 4.7583582047611515 4.8506155243677815 4.944733942640827 5.019443760535532 5.081125887765325 5.167002297658528
0.030369978349935822 -0.14244632638870725 1.0741804589713404 1.317452641795738 1.1419776246765003 0.6551673877896456 0.9912286326967916 1.1839852802898936 1.1587275126742458 1.535732928242547 1.7548108284035344 1.6444742646088624 1.3530793876957043 1.1733504307675153 1.0414782966900276 0.8109679332924837 0.6376198860777216 0.48820025028831027 0.4624107401965436 0.5639735531352537 0.6094375348434198 0.7686944064410313 1.0005341260288725 1.2363619141876054 1.5639152794768487 1.960861037899609 2.2886802744269117 2.6489358019974683 2.9355449966255556 3.1485078583111763 3.3521652266647157 3.5459853592100554 3.73236109708973 3.9261812296350698 4.164667730174398 4.31834130577276 4.4736101087994795 4.6123948950665135 4.694283236388824 4.792123851994702 4.881456587982678 4.959090989496037 5.034066678628802
0.02159622749397383 0.5049501382860557 1.896520198289222 2.011376573130905 1.771028973925161 1.154739444103354 1.8667426196265635 2.3320172862306023 2.366846418416391 2.4593696092610795 2.4652187764983875 2.4085882027917247 2.191371401297153 1.9839918356107813 1.7880447331609661 1.529883761005239 1.317452641795738 1.1480926631518675 1.0106372330751314 0.963312152700549 0.966236736319203 1.0140935591699043 1.1605886113406616 1.373019730550163 1.6322441876581275 1.956607098090658 2.258370953288135 2.5380674957266764 2.804736347500306 3.0089254583299647 3.1899837714484507 3.371573827043056 3.5677868007309304 3.7969678079381772 4.056724007522261 4.196838149979591 4.335357065008565 4.473078366323361 4.558688904978504 4.6445653148717065 4.711033124386569 4.821369688181242 4.93861890416546
0.6724490182635099 1.449590647111285 2.0996458241666422 2.4038025205066544 2.9105531002479674 3.713484239187509 4.484776700797976 4.640045503824696 4.424689800996541 4.131433825416966 3.894542552305995 3.6470164296726466 3.370244470852758 3.0097230720441432 2.679245123136245 2.3383981959440296 2.016162255415975 1.7845884070661933 1.6035300939477068 1.4674040200612681 1.4081147339740105 1.365841207122558 1.4283209480665289 1.5679033480477405 1.7407196527863837 1.9935632001809214 2.256775725859778 2.48329802068643 2.7310900145578385 2.930759314340486 3.1019803916507724 3.2979274941005876 3.4760612236004196 3.657651279195025 3.844824630788878 4.025351201431246 4.180620004457965 4.30903581244068 4.365666386147343 4.475471207465896 4.58447841507027 4.65732713429856 4.736290892002217
1.4062536353075943 2.0797054813121836 2.6040035627654206 2.9105531002479674 4.646426413538123 5.939358244221233 6.574258760707201 6.271431420557487 6.015131547068176 5.713367691870699 5.233470107173391 4.81738161961035 4.395443964810001 3.9174074787791087 3.5018507336921862 3.095333610699286 2.720189293797401 2.4622941928797335 2.216363297674741 1.9986147537040513 1.838294397154202 1.720779309931925 1.7513545023087616 1.859298224960899 1.9268295194279992 2.1073560900703665 2.2974540252828737 2.4463419185961666 2.680308608088483 2.863228019873385 3.0142428830911534 3.1796147931641316 3.3545580678072504 3.5449218742578177 3.7568212509912 3.9376136928716265 4.065497758378222 4.153235266937841 4.195774665027353 4.272345581588476 4.3574243777675 4.431602453186087 4.519074090507646
1.3631824947419633 1.8795044390534172 2.354616341465656 2.7837325196936096 4.219703076452704 5.497214375328366 6.403835297111094 6.590476906228828 6.427231966060325 6.230487249896331 5.806156753953448 5.396449176103834 4.985943984540041 4.549915154122542 4.148449584652771 3.7100279130927367 3.314411510860274 3.017965080423986 2.724709104844411 2.4955280976371643 2.321382436708225 2.1397923811136197 2.103633892737534 2.0855546485494916 2.1089513174987236 2.2682081890963346 2.4083223315536646 2.5282302599184767 2.708490959322785 2.814839454546565 2.924378404627059 3.062099705941854 3.214975667826039 3.402414890657952 3.6353180951980306 3.7275754148046607 3.8501420555500676 3.967657142772344 4.074803251710303 4.096338821993119 4.1303703404647285 4.236452964450449 4.341206232245873
0.9930897313632079 1.370626889407628 1.547431262717163 1.895988455813103 2.6856260328496724 3.4702120563631116 4.465368100419637 4.950583109878135 5.234267720887569 5.1162208911891724 5.246497797838304 5.206617112129386 4.863909086270754 4.704120472197023 4.503919429938257 4.120533104656529 3.833392167552322 3.5122197119765053 3.1865274453536774 2.8916762423457465 2.6898799726586233 2.5338135559177255 2.4580402530707826 2.4359729403118475 2.4487347597387012 2.509353402016256 2.629527201619128 2.6781816381840073 2.769641344076459 2.861898663683088 2.9015134781539462 3.0448180754679903 3.170043428593992 3.2950029104819336 3.492811111598165 3.6119214262487995 3.74219833289793 3.8631697462149805 3.907304371732849 4.020565519146175 4.09075552599387 4.160147919127387 4.26995274044594
1.0677995492579135 1.0039904521236453 1.1587275126742458 1.5463677777649252 1.4735190585366353 2.2607637944306695 2.50244074982671 2.690943457610861 3.1094247863164366 3.9756332799141285 4.472546623847242 4.5116296958419815 4.621966259636653 4.543534244409115 4.428146127091313 4.347055399483181 4.091287268469989 3.871145883356764 3.7012541622367747 3.405339474276606 3.1527617981201272 2.9600051505270253 2.872001770729347 2.757943009601843 2.737736795509324 2.7964943391204633 2.8525931703510077 2.9017793493920054 2.9701082575732842 2.988719244237446 3.026738831279948 3.12750403050448 3.213912182873801 3.3388716647617427 3.492811111598165 3.5752311953965954 3.708964428140499 3.865296716119456 3.906240886780611 4.021097261622294 4.079057191519254 4.074803251710303 4.227945084832547
1.2345008155211892 1.171489332101099 1.1855805077182502 1.5054236071037697 1.4027973092128214 1.532808344623893 1.7821955659236581 2.0273288474144717 2.7470422888414054 3.615643623581631 4.184076330552737 4.298932705394421 4.409801011665212 4.390126540048812 4.335888807484684 4.2545322086384925 4.233794252069855 4.090223783517751 3.9376136928716265 3.8339239100284406 3.608465100154026 3.4361805378915022 3.298725107814766 3.1836028617350234 3.09825819431794 3.053325955085893 3.109956528792556 3.0932066407948104 3.092674898318691 3.111285884982853 3.171372784784289 3.247146087631233 3.3314272700960785 3.425811559607183 3.571774869301822 3.638774421292804 3.758416478419557 3.913153538970157 3.9360184654432695 3.9961053652447056 4.054597037617785 4.033327338573029 4.217310235310169
1.1972788421928662 1.2182826699995626 1.262683166755491 1.4107734463546049 1.3286192337942346 1.4878761053918457 1.7284895758356489 2.2461408763373996 2.9722352274777606 3.397895079610941 3.8847053164977963 4.223159402547477 4.268623384255643 4.235921221974331 4.199230991122127 4.200826218550483 4.229008569784785 4.154298751890079 4.1098982551341505 4.053267681427488 3.9487802848701232 3.850673798026186 3.7217262475673527 3.595171538251054 3.4672874727444576 3.3808793203751364 3.3090940860990843 3.260705520772264 3.2338525257282598 3.2426262765842218 3.2599079070580865 3.3223876480020573 3.3827404190415526 3.456120880745961 3.570445513111525 3.6539290818621923 3.7230556037576497 3.85359838164484 3.854927737835137 3.9434628601089345 3.9915855541976955 4.000093433815597 4.111227611324448
0.8944515020431514 1.0074467782184182 1.081624853637005 1.2847504795144256 1.3262263926516995 1.2411475964726753 1.3368612421740778 1.8818972801959524 2.37694952546265 2.7162012252265093 3.2359794956327352 3.6627028327181543 3.872475239547061 4.000625176291717 4.005410858576787 4.020565519146175 4.084374616280443 4.118140263513994 4.1348901515117396 4.126914014369956 4.096338821993119 4.082513517614028 3.970315855152939 3.866626072309753 3.7754322376553615 3.6393061637689224 3.5342870247354394 3.411188641513914 3.3604072350445584 3.3003203352431223 3.2718721127707617 3.310157571051322 3.3370105660953273 3.3896530712310984 3.46622398779222 3.5459853592100554 3.6278737005323665 3.707635071950201 3.726511929852423 3.846153986979176 3.900391719543303 3.920863804873881 3.959946876868621
0.8838166525207731 0.7548691020619398 0.8657374083327307 1.2172191850473248 1.3799323827397088 1.3251629076994618 0.9936214738393268 1.4703286036799221 2.1217131369255773 2.579543408863951 2.927302988245713 3.1548887680246027 3.334883596190851 3.4771247085526573 3.73236109708973 3.758682349657616 3.847749214407532 3.993712524102171 4.050343097808834 4.064434273425984 4.089957912279692 4.089957912279692 4.078525449043136 4.06682711456852 3.9857363869603875 3.890022741258985 3.7735711389889453 3.54385838930558 3.4399027352243348 3.374498410661709 3.2979274941005876 3.3106893135274413 3.3346177249527917 3.3404668921900997 3.386196745136325 3.407732315419141 3.4305972418922535 3.4965333089309976 3.645952944720409 3.707635071950201 3.7738370102270045 3.765595001847162 3.850673798026186
1.08880337706461 0.8016624399604029 0.7881030068193711 1.0747122014474593 1.2089771766674817 1.2119017602861357 1.052379017450465 1.5019672810089968 1.9215120946668105 2.239228224147854 2.2315179582441305 2.519988251538634 2.776819867504064 2.979945493381484 3.253526997344659 3.411188641513914 3.6089968426301455 3.7929797393672855 3.9349549804910318 4.003549759910371 4.037049535905862 4.060977947331212 4.089426169803573 4.058053363712558 4.001954532482014 3.926712972111189 3.8700823984045263 3.6983295786181207 3.6074016152017885 3.536679865877975 3.422886975988529 3.3675857584721633 3.304308403814014 3.270542756580464 3.3051060175281926 3.286760902102091 3.32610984533489 3.3955022384684064 3.5063705447391973 3.555556723780196 3.546782972924234 3.4835056182660846 3.2330549120140812
1.5538121724305898 1.069926519162389 0.8045870235790569 1.1055532650623554 1.21961202618986 1.259226840660718 1.3256946501755806 1.5136656154836128 1.5663081206193838 1.7314141594543029 2.25092655862247 2.861366921206969 2.9576123093844906 2.8451487756853426 2.8608351787308504 3.1782854369738347 3.3675857584721633 3.517537136737694 3.7259801873763037 3.8496103130739483 3.9057091443044927 3.938411306585805 3.979089606008901 3.997966463911122 4.003549759910371 3.963403202963393 3.8543959953590186 3.7871305721299775 3.6996589348084177 3.6074016152017885 3.508763385881732 3.505838802263078 3.438573379034037 3.3662564022818664 3.3330224975244356 3.229864457157368 3.2466143451551135 3.2846339321976155 3.270542756580464 3.361470719996796 3.1166033097440424 2.6664833037093914 1.9717617586600464
1.2520483172331127 0.8237297527193375 0.7285478494940538 1.0220696963116878 1.1656401648637915 1.25337767342341 1.535201185766428 1.5777405838559402 1.5165901991022668 1.61177210232755 2.295327055378398 2.576618825245297 2.7558160396973674 2.823879076640587 3.026472960041888 3.1527617981201272 3.292875940577458 3.405339474276606 3.610857941296562 3.688492342809921 3.7647973881329833 3.8243525454583 3.8852370589739147 3.8647649736433367 3.8823124753552607 3.881248990403023 3.801221747747128 3.8232890605060623 3.798297164128474 3.7304999984233147 3.7241190887098874 3.612453168724918 3.513283196928743 3.410656899037795 3.37901822170872 3.2250787748722978 3.1923766125909854 3.203543204589483 3.086825731081384 2.867216088444277 2.479044080877479 1.951289673329469 1.5692327042380378
0.8452653230021527 0.5493506350419841 0.7657698228223773 0.9159870723259671 1.072851102781043 1.313996315700965 1.7372633266916109 1.794425642874393 1.7215769236461032 1.841750723248975 2.3017079650918255 2.546043632868461 2.9717034850016413 3.58746127234733 3.605540516535372 3.4292678857019565 3.380347577899017 3.502914218644424 3.5122197119765053 3.5547591100660174 3.6206951771047606 3.6919486689046943 3.789523413272512 3.798297164128474 3.837380236123214 3.840304819741868 3.806539172508317 3.8105272410792095 3.7738370102270045 3.7182699214725794 3.7344880669942064 3.670944841097997 3.676794008335305 3.6249491169137125 3.494140467788462 3.1998210072566504 3.1104882712686743 2.918529237389751 2.6973243673242884 2.166645376157624 1.4849515217731921 0.947891620893101 1.12256902429816
0.6998337557836332 0.4730455897189214 0.6397468559821975 0.8285154350044077 1.1055532650623554 1.3780712840732925 1.9369326264742586 1.8760481129586444 1.8178223118236245 1.9911703590383867 2.5250398050617635 2.819359265593576 3.653397339386074 4.289095469586221 4.108834770181913 3.799360649080712 3.7188016639486987 3.578687521491368 3.4659581165541606 3.5507710414951257 3.538009222068272 3.5879930148234482 3.700190677284537 3.710559655568855 3.745122916516584 3.7549601523247835 3.735285680708384 3.7794203062262532 3.798297164128474 3.7562895085150814 3.7318293546136116 3.688492342809921 3.6831749180487323 3.5752311953965954 3.390184813707217 3.1578133516432567 2.91906097986587 2.7060981181802495 2.09618949807187 0.989633405268435 0.37148277678021135 0.3866374373496 0.7729483462499822
0.5977392003688042 0.36616535201902245 0.23136863432288068 0.6158184445568466 0.8971102144237457 1.4347018577799557 2.0052615346555376 1.828723032584062 1.6327759301342468 1.8050604923967708 2.5561467399147197 2.9849970469046143 3.82461841669636 4.691890395246289 4.567462655834466 4.19736989245571 3.8809831191649637 3.7387420068031574 3.5507710414951257 3.5794851352055463 3.565925702064514 3.530830698640667 3.647548172148766 3.62601260186595 3.657651279195025 3.6685519999554623 3.69886132109424 3.7549601523247835 3.773039396512827 3.700190677284537 3.668020257479343 3.631330026627139 3.617238851009988 3.5098268708339697 3.3487089005699424 3.1224524769813504 2.8789144229188928 2.2432162927187456 1.504360122151532 0.3427686830697907 -0.04646680944924553 -0.027324080308964938 0.8423407393834992
0.5839138959897128 0.1542659752856399 -0.06348256868505042 0.3502130777354553 0.8037894098648788 1.3432421518875046 1.893063872194449 1.4464001922545717 1.2499213473286372 1.4604913678717224 2.278843038618713 2.742256606556335 3.744059431564346 4.61372425125681 4.742140059239525 4.309567554916798 3.992117296673814 3.833126296314262 3.653397339386074 3.612453168724918 3.5414655481630444 3.505838802263078 3.5606082773033254 3.501584862454127 3.533755282259321 3.628405443008485 3.673869424716651 3.720662762615115 3.736349165660622 3.6632345751942736 3.6541949531002516 3.4922793691220466 3.478454064742955 3.4872278155989163 3.3710420845669367 3.117135052220161 2.766716760457805 2.128359917877063 1.210838275333898 0.3510106914496336 -0.039554157259699796 -0.023336011738073204 0.7657698228223773
