static/ASC_sea/1979/12/ERA5U/00.asc
ncols         201
nrows         201
xllcorner     105.0
yllcorner     0.0
cellsize      0.25
NODATA_value  -32767
[rows 171 to 189 of 201, columns 86 to 128 of 201]
-0.6069233792785681 0.006973309400704064 0.26965409260344164 0.30900303583624034 -0.035034346212689194 -0.2676716795147087 -0.5175906432905926 -0.6513238760344964 -0.8023387392522645 -0.8509931758171441 -0.9222466676170769 -0.9448457228521302 -0.9647860657065891 -1.016630957128182 -1.0145039872237063 -1.0575751277893373 -1.0557140291229212 -1.082035281690807 -1.0995827834027307 -1.1426539239683617 -1.1615307818705827 -1.1854591932959333 -1.1971575277705493 -1.1655188504414746 -1.1649871079653555 -1.1572768420616315 -1.1729632451071392 -1.192371845485479 -1.2176296131011268 -1.2402286683361803 -1.256712685095866 -1.2944664009003082 -1.3253074645152045 -1.3492358759405552 -1.3558826568920415 -1.3819380382218676 -1.4048029646949804 -1.4385686119285306 -1.4624970233538812 -1.5039729364911556 -1.553159115532154 -1.5717701021963155 -1.609789689238817
-1.2729308306174927 -0.6909386905053546 -0.06401431116116929 -0.010840063549279133 -0.07119283458877446 -0.2631518684676981 -0.4237380962556063 -0.5346064025263975 -0.6473358074636046 -0.7044981236463865 -0.7669778645903575 -0.8018069967761456 -0.8222790821067234 -0.8363702577238743 -0.8392948413425282 -0.8730604885760784 -0.8363702577238743 -0.8860881792409916 -0.8765168146708513 -0.914004659237234 -0.9461750790424275 -0.9701034904677781 -0.973559816562551 -0.9525559887558543 -0.9647860657065891 -0.9448457228521302 -0.9828653098946317 -0.9903097045602963 -1.0137063735095282 -1.0336467163639869 -1.0503966043617323 -1.0639560375027641 -1.0889479338803527 -1.1001145258788496 -1.0961264573079579 -1.1352095293026971 -1.1490348336817886 -1.1782806698683281 -1.2069947635787488 -1.2484706767160232 -1.2910100748055353 -1.314938486230886 -1.3417914812748906
-1.325573335753264 -0.9804724687520967 -0.35700441550268414 -0.14696613743571807 -0.203064968666262 -0.2729891042758976 -0.3910359339742939 -0.4330435895876872 -0.5128049610055225 -0.5752847019494934 -0.6034670531837952 -0.6372327004173455 -0.6489310348919614 -0.6630222105091123 -0.6733911887934309 -0.6927997891717708 -0.6675420215561229 -0.6949267590762463 -0.6741888025076092 -0.6967878577426625 -0.7270971788814399 -0.740124869546353 -0.7446446805933636 -0.7563430150679795 -0.7669778645903575 -0.7441129381172448 -0.7802714264933301 -0.7792079415410923 -0.8148346874410587 -0.8339774165813392 -0.8408900687708849 -0.8544495019119169 -0.8491320771507279 -0.8672113213387705 -0.8544495019119169 -0.8711993899096623 -0.8860881792409916 -0.9126753030469367 -0.9413893967573573 -0.9887144771319396 -1.0317856176975706 -1.0565116428370995 -1.076186114453499
-1.0844281228333421 -0.8228108245828423 -0.5444436383345972 -0.3344053602676309 -0.2759136878945516 -0.3373299438862849 -0.3506235057892575 -0.34610369474224667 -0.4160278303518823 -0.45218631872796755 -0.4707973053921293 -0.48090041243838844 -0.4925987469130042 -0.5066899225301551 -0.5223763255756626 -0.5157295446241765 -0.5210469693853654 -0.49897965662643107 -0.4925987469130042 -0.515995415862236 -0.5253009091943166 -0.5385944710972892 -0.5327453038599812 -0.5473682219532512 -0.553217389190559 -0.5399238272875864 -0.5572054577614507 -0.5731577320450179 -0.618089971277065 -0.6319152756561565 -0.6385620566076428 -0.6343081167986916 -0.618089971277065 -0.6220780398479568 -0.6087844779449842 -0.6069233792785681 -0.6332446318464537 -0.6600976268904583 -0.6962561152665436 -0.7430494531650069 -0.7757516154463194 -0.7996800268716701 -0.8153664299171777
-0.9033698097148559 -0.8353067727716365 -0.5736894745211367 -0.40831756444815825 -0.33786168636240377 -0.314465017413172 -0.2830922113221568 -0.266608194562471 -0.31100869131839914 -0.3208459271265989 -0.3336077465534526 -0.34238149740941437 -0.3389251713146415 -0.3484965358847818 -0.366309908834765 -0.34902827836090067 -0.35195286197955467 -0.309679335128102 -0.33041729169673917 -0.33493710274374977 -0.34956002083701954 -0.35939725664521927 -0.3514211195034358 -0.3208459271265989 -0.32270702579301513 -0.3179213435079449 -0.34131801245717663 -0.3782741145474402 -0.40831756444815825 -0.4189524139705363 -0.41363498920934716 -0.41363498920934716 -0.39209941892653166 -0.366309908834765 -0.34716717969448463 -0.3588655141691004 -0.39050419149817506 -0.41655957282800116 -0.45218631872796755 -0.4872813221518151 -0.5175906432905926 -0.5351381450025163 -0.5606617838562236
-0.7324146036426289 -0.6991806988851975 -0.5263643941465546 -0.38438915302280763 -0.323238768269134 -0.27538194541843275 -0.21050936333192682 -0.17860481476479273 -0.1807317846692682 -0.1732873900036036 -0.1762119736222576 -0.17514848867001986 -0.16929932143271187 -0.16105731305286897 -0.17514848867001986 -0.18126352714538707 -0.16451363914764183 -0.14404155381706407 -0.13633128791334004 -0.13659715915139947 -0.16610886657599844 -0.1679699652424147 -0.1392558715319938 -0.1318114768663292 -0.13633128791334004 -0.12064488486783231 -0.15573988829167984 -0.1576009869580961 -0.1762119736222576 -0.19721580142895423 -0.1815293983834465 -0.15573988829167984 -0.15520814581556097 -0.16105731305286897 -0.13872412905587495 -0.13234321934244808 -0.13048212067603204 -0.1650453816237607 -0.1895055355252302 -0.2200807279020669 -0.24959243532666608 -0.26501296713411415 -0.3003738417960211
-0.5210469693853654 -0.5282254928129706 -0.428789649778736 -0.3314807766489769 -0.2466678517080121 -0.1318114768663292 -0.08554988144398479 -0.05178423421043443 -0.020411428119419428 -0.01562574583434917 0.0019217558775745935 -0.0004710852649605357 -0.007383737454506267 0.008302665591001457 0.040473085396194985 0.030369978349935822 0.04206831282455159 0.03169933454023299 0.04392941149096785 0.03914372920589759 0.03382630444470869 0.04446115396708672 0.05429838977528645 0.04579051015738389 0.07184589148721021 0.05429838977528645 0.07716331624839912 0.07902441491481538 0.08700055205659885 0.07902441491481538 0.06440149682154561 0.050310321204394715 0.04392941149096785 0.07556808882004251 0.0992306290073337 0.10800437986329547 0.11757574443343577 0.11917097186179237 0.11970271433791124 0.09471081796032288 0.05137380615663245 0.020532742541736093 -0.011105934787338567
-0.4248015812078443 -0.3716273335959539 -0.24959243532666608 -0.1488272361021341 -0.07624438811190393 0.004048725782050067 0.05270316234692962 0.12103207052820864 0.14416286823938074 0.19228556232814142 0.1874998800430714 0.1928173048042603 0.2255194670855729 0.26380492536613365 0.28959443545790053 0.2802889421258197 0.28082068460193854 0.2739080324123928 0.27789610098328454 0.2715151912698579 0.26965409260344164 0.2568922731765879 0.2441304537497344 0.2552970457482313 0.27337628993627394 0.2603485992713608 0.34090758440337443 0.33346318973770983 0.32920924992875866 0.33053860611905583 0.316979172978024 0.2983681863138623 0.30474909602728917 0.3212331127869752 0.3212331127869752 0.35739160116306046 0.37600258782722196 0.4009944842048103 0.395411188205562 0.3712169055421519 0.34037584192725556 0.30661019469370543 0.2826817832683548
-0.15441053210138267 -0.09272840487158995 -0.009776578597041174 0.08008789986705311 0.17181347699756366 0.25104310593928014 0.30022928498027857 0.3823834975406488 0.38770092230183795 0.43077206286746894 0.42572050934433925 0.4430021398182038 0.4759701733375754 0.49697400114427226 0.5131921466658989 0.5371205580912493 0.5416403691382599 0.5267515798069307 0.5107993055233637 0.49617638743009373 0.47517255962339733 0.47012100610026786 0.48873199276442914 0.5049501382860557 0.5347277169487141 0.5926876468456748 0.5833821535135939 0.5889654495128422 0.5865726083703071 0.5767353725621074 0.5762036300859885 0.6049177237964092 0.6216676117941546 0.648520606838159 0.6551673877896456 0.6567626152180022 0.6323024613165329 0.6626117824553102 0.6695244346448559 0.6596871988366562 0.6503817055045753 0.6102351485575983 0.5767353725621074
0.06546498177378335 0.151873134143105 0.26965409260344164 0.39753815811003745 0.4810217268607053 0.5357912019009519 0.5570609009457079 0.6134256034143115 0.679095799214996 0.7022265969261683 0.7216351973045081 0.7357263729216592 0.7548691020619398 0.7734800887261011 0.7782657710111713 0.7782657710111713 0.8130949031969592 0.8335669885275372 0.8120314182447215 0.7870395218671333 0.7631111104417825 0.7437025100634427 0.7543373595858209 0.7910275904380251 0.8149560018633755 0.8598882410954227 0.8197416841484457 0.8359598296700723 0.8574953999528876 0.8702572193797413 0.9032252528991134 0.9234314669916317 0.9205068833729777 0.950816204511755 0.9287488917528204 0.9228997245155128 0.9199751408968588 0.9415107111796741 0.9521455607020524 0.9481574921311606 0.9335345740378906 0.913594231183432 0.8848801374730113
0.27630087355492794 0.3754708453511031 0.5961439729404476 0.725091523399281 0.7554008445380587 0.7998013412939866 0.8418089969073799 0.8769040003312274 0.9510820757498146 0.9673002212714408 0.9946849587915645 1.0135618166937854 1.0332362883101849 1.0600892833541893 1.0659384505914973 1.079497883732529 1.1215055393459223 1.1273547065832303 1.109275462395188 1.0805613686847668 1.0752439439235781 1.0566329572594164 1.0478592064034544 1.076573300113875 1.085878793445956 1.1002358403011663 1.1044897801101177 1.1294816764877058 1.1504855042944027 1.1826559240995962 1.213762858952552 1.2129652452383735 1.21961202618986 1.2124335027622546 1.1938225160980933 1.2060525930488277 1.2251953221891083 1.2427428239010323 1.2637466517077287 1.2608220680890747 1.2411475964726753 1.2164215713331463 1.174945658195872
0.5235611249502174 0.48235108305100227 0.6987702708313954 0.9556018867968252 1.0010658685049914 1.0677995492579135 1.1212396681078631 1.1592592551503647 1.2100406616197195 1.2374253991398432 1.270925175135334 1.291131389227852 1.324631165223343 1.3525476452195855 1.3852498075008979 1.4168884848299725 1.4453367073023335 1.4155591286396751 1.4051901503553565 1.3809958676919465 1.3740832155024008 1.365841207122558 1.3578650699807742 1.3506865465531692 1.367170563312855 1.3881743911195519 1.410241703878486 1.4341701153038369 1.476709513393349 1.506752963294067 1.501435538532878 1.500903796056759 1.5181854265306234 1.5035625084373534 1.5219076238634555 1.5118045168171965 1.5274909198627042 1.541050353003736 1.5604589533820759 1.5543439149067086 1.5346694432903092 1.503828379675413 1.4594278829194847
0.8995030555662809 0.8032576673887595 0.8359598296700723 1.0933231881116205 1.2427428239010323 1.316920899319619 1.3958846570232757 1.4588961404433658 1.4937252726291537 1.529883761005239 1.5575343697634219 1.5777405838559402 1.61177210232755 1.6582995689879538 1.6963191560304554 1.7324776444065406 1.7489616611662269 1.7186523400274492 1.691533473745385 1.6713272596528672 1.666541577367797 1.6582995689879538 1.666009834891678 1.6503234318461704 1.67478358574764 1.7173229838371522 1.7300848032640055 1.7465688200236917 1.7933621579221548 1.7933621579221548 1.788576475637085 1.8369650409639051 1.8579688687706015 1.8667426196265635 1.890139288575795 1.8526514440094124 1.8380285259161429 1.850524474104937 1.8398896245825591 1.8335087148691323 1.8207468954422785 1.7930962866840956 1.7569377983080103
1.2943218440845656 1.3331390448412452 1.3355318859837804 1.365841207122558 1.4751142859649924 1.5631176657626706 1.663085251273024 1.748429918690108 1.7891082181132039 1.8172905693475057 1.8539808001997098 1.8784409541011795 1.8983812969556382 1.939059596378734 1.9935632001809214 2.0180233540823913 2.0313169159853635 2.0419517655077417 1.9834600931346624 1.9927655864667433 1.9847894493249598 1.9643173639943818 1.9717617586600464 1.9911703590383867 2.0020710797988244 2.0371660832226715 2.055245327410714 2.064550820742795 2.0767808976935296 2.083427678645016 2.1259670767345282 2.1905737875829745 2.2227442073881685 2.249597202432173 2.2269981471971194 2.2025379932956497 2.1727604146329913 2.138728896161382 2.131284501495717 2.131284501495717 2.1187885533069233 2.0868840047397885 2.05710642607713
1.5585978547156596 1.6362322562290197 1.6245339217544037 1.6210775956596308 1.694458057364039 1.825798448965408 1.8946590996228057 1.9624562653279656 2.033709757127899 2.106824347594248 2.1674429898718026 2.2054625769143037 2.220351366245633 2.2304544732918927 2.2636883780493235 2.312874557090322 2.325636376517176 2.353552856513418 2.3413227795626836 2.3320172862306023 2.31393804204256 2.2910731155694473 2.2900096306172095 2.3134062995664406 2.3221800504224026 2.3354736123253756 2.3290927026119483 2.3612631224171423 2.4125762713626164 2.4580402530707826 2.4947304839229867 2.519988251538634 2.5399285943930927 2.552158671343828 2.5205199940147534 2.51227798563491 2.4801075658297167 2.4609648366894357 2.4633576778319712 2.4620283216416743 2.426667446979767 2.382798692699958 2.32856096013583
1.838294397154202 1.8731235293399904 1.887214704957141 1.9443770211399232 2.0092496032264293 2.0166939978920935 2.070399987980103 2.232049700720249 2.3338783848970186 2.407258846601427 2.4505958584051175 2.4684092313551007 2.5136073418252076 2.5630593921042655 2.5542856412483035 2.5893806446721506 2.6215510644773445 2.5760870827691784 2.605864661431837 2.5659839757229195 2.557741967343076 2.582999734958724 2.598686138004232 2.5981543955281126 2.597622653051994 2.626602618000474 2.6680785311377484 2.713010770369795 2.76405804807721 2.78851820197868 2.810585514737614 2.842755934542808 2.8555177539696617 2.8345139261629644 2.8509979429226506 2.84142657835251 2.8422241920666886 2.8422241920666886 2.8071291886428416 2.765653275505567 2.7342804694145517 2.688018873992207 2.6167653821922743
2.1323479864479546 2.1610620801583753 2.1836611353934288 2.190042045106856 2.1996134096769957 2.2676764466202153 2.4242746058372324 2.487817831733441 2.597622653051994 2.703705277037715 2.8036728625480682 2.831057600068192 2.819359265593576 2.832918698734608 2.8696089295868124 2.860303436254731 2.8876881737748548 2.8432876770189264 2.82228384921223 2.8140418408323873 2.819359265593576 2.828133016449538 2.845680518161462 2.889549272441271 2.911616585200205 2.92863234443601 2.9937707977605754 3.045881560420228 3.0801789501298975 3.1075636876500203 3.122984219457469 3.1397341074552143 3.1724362697365267 3.206467788208137 3.2426262765842218 3.2115193417312664 3.178817179449954 3.1221866057432903 3.0889527009858595 3.066353645750806 3.023548376423234 2.953624240813599 2.9081602591054327
2.414969112505151 2.436504682787967 2.467345746402863 2.4854249905909054 2.519988251538634 2.6026742065751236 2.5893806446721506 2.7255067185585897 3.130428614123134 3.2875585158162695 3.252995254868541 3.212051084207385 3.183071119258905 3.125908803076123 3.1426586910738683 3.104107361555248 3.0626314484179735 3.0684806156552815 3.0493378865150014 3.058643379847082 3.0785837227015405 3.096662966889583 3.1269722880283606 3.159674450309673 3.215241539064098 3.2963322666722306 3.336478823619208 3.3604072350445584 3.371573827043056 3.389121328754979 3.415176710084806 3.460906563031031 3.5170053942615755 3.561671762255563 3.560076534827206 3.524981531403359 3.481378648361609 3.426875044559421 3.3734349257094713 3.334883596190851 3.2963322666722306 3.2599079070580865 3.219761350111109
2.7045028907518933 2.6986537235145853 2.702641792085477 2.667546788661629 2.689082358944445 2.699717208466823 2.7148718690362115 2.9044380617726 3.0567822811806655 3.3808793203751364 3.4960015664548783 3.424216332178827 3.373169054471412 3.3428597333326344 3.2817093485789615 3.2833045760073176 3.282772833531199 3.284102189721496 3.293939425529696 3.31148692724162 3.323185261716236 3.3359470811430887 3.3681175009482827 3.4087958003713785 3.4712755413153493 3.5430607755914014 3.5879930148234482 3.6424966186256365 3.686897115381564 3.7071033294740827 3.7461864014688215 3.792447996891166 3.787662314606096 3.793511481843404 3.7948408380337018 3.7666584867993995 3.719333406424817 3.7025835184270717 3.6541949531002516 3.623088018247296 3.5922469546324 3.5257791451175367 3.4614383055071496
