static/ASC_sea/1979/12/ERA5U/00.asc
ncols         201
nrows         201
xllcorner     105.0
yllcorner     0.0
cellsize      0.25
NODATA_value  -32767
[rows 152 to 170 of 201, columns 86 to 128 of 201]
-4.189804183367729 -4.282327374212418 -4.335501621824308 -4.387080642007842 -4.431215267525711 -4.4423818595242075 -4.514698836276378 -4.453548451522704 -4.501405274373406 -4.453548451522704 -4.4407866320958505 -4.418453448098857 -4.374052951342929 -4.341350789061616 -4.301204232114639 -4.290569382592261 -4.28126388926018 -4.2685020698333265 -4.2597283189773645 -4.270894910975861 -4.285517829069131 -4.334969879348189 -4.378838633627999 -4.44583818561898 -4.542083573796502 -4.649495553972519 -4.748399654530635 -4.881867016036479 -4.983961571451309 -5.098020332578813 -5.190809394661562 -5.265253341318208 -5.325606112357703 -5.357776532162897 -5.380375587397951 -5.380907329874069 -5.38516126968302 -5.379312102445712 -5.361764600733789 -5.332518764547249 -5.299284859789818 -5.281205615601775 -5.281737358077894
-3.9853492013000116 -4.088241370429019 -4.143010845469266 -4.200704904128166 -4.2525497955497595 -4.284188472878834 -4.3152954077317895 -4.345072986394448 -4.3182199913504435 -4.311573210398958 -4.288442412687785 -4.266109228690792 -4.23739513498037 -4.206022328889356 -4.191931153272204 -4.179169333845351 -4.157633763562536 -4.15524092242 -4.1454036866118 -4.158697248514773 -4.158697248514773 -4.151252853849108 -4.189538312129669 -4.224633315553517 -4.302799459542996 -4.388144126960079 -4.501937016849524 -4.6279599836897045 -4.747602040816457 -4.857938604611129 -4.9595014175498395 -5.038465175253497 -5.09961556000717 -5.135242305907137 -5.173261892949638 -5.169539695616805 -5.189480038471264 -5.198785531803345 -5.187353068566789 -5.1610318159989035 -5.124607456384759 -5.085524384390019 -5.0703697238206304
-3.819445548750914 -3.902397375025463 -4.013265681296254 -4.072289096145451 -4.0916976965237914 -4.133705352137185 -4.133173609661066 -4.205490586413236 -4.158697248514773 -4.178637591369232 -4.152848081277465 -4.141681489278969 -4.113765009282726 -4.09728099252304 -4.082126331953651 -4.068832770050679 -4.042511517482793 -4.047828942243982 -4.018583106057442 -4.026825114437285 -4.022039432152216 -4.014063295010432 -4.01512677996267 -4.047828942243982 -4.114296751758845 -4.176776492702816 -4.280732146784061 -4.37804101991382 -4.503000501801762 -4.617059262929266 -4.7183562046299174 -4.8002445459522285 -4.863787771848437 -4.907656526128246 -4.950195924217758 -4.9565768339311855 -4.97891001792818 -4.990342481164736 -5.00735824040054 -4.981834601546833 -4.9419539158379155 -4.9105811097469 -4.873093265180517
-3.6431729179174974 -3.6987400066719234 -3.8096083129427143 -3.8774054786478738 -3.896548207788155 -3.969662798254504 -3.9619525323507796 -4.027888599389524 -4.01991246224774 -4.03426950910295 -4.002364960535816 -3.9906666260612003 -3.9882737849186656 -3.9717897681589793 -3.9691310557783845 -3.956635107589591 -3.9300479837836457 -3.910107640929186 -3.881925289694885 -3.870492826458328 -3.86464365922102 -3.8579968782695344 -3.8598579769359507 -3.8978775639784518 -3.9643453734933143 -4.008214127773124 -4.0858485292864835 -4.171459067941627 -4.2743512370706345 -4.388675869436198 -4.473488794377163 -4.556174749413652 -4.6162616492150885 -4.664650214541909 -4.707987226345598 -4.73138389529483 -4.753982950529884 -4.787482726525375 -4.80423261452312 -4.7901414389059696 -4.7505266244351105 -4.725002985581404 -4.685654042348605
-3.431539412422175 -3.5014635480318104 -3.5878717004011325 -3.655668866106292 -3.701132847814458 -3.7803624767561743 -3.795783008563623 -3.8436398314143236 -3.8696952127441504 -3.8710245689344474 -3.8417787327479074 -3.842842217700145 -3.840183505319551 -3.8521477110322264 -3.8553381658889396 -3.8306121407494107 -3.813330510275547 -3.766537172377083 -3.7460650870465058 -3.7290493278107 -3.706982015051766 -3.7000693628622203 -3.7117676973368363 -3.753775352950229 -3.806151986847941 -3.8579968782695344 -3.9164885506426135 -3.982956360157476 -4.077606520906641 -4.151252853849108 -4.236863392504252 -4.290569382592261 -4.345604728870567 -4.39744962029216 -4.441850117048088 -4.483326030185363 -4.526397170750994 -4.567341341412149 -4.583027744457657 -4.568404826364387 -4.549793839700225 -4.521877359703983 -4.496619592088336
-3.23054075644923 -3.310036256629006 -3.367730315287907 -3.4785986215586977 -3.5634115464996627 -3.5743122672601 -3.6224349613488602 -3.6577958360107674 -3.6912956120062583 -3.6912956120062583 -3.7045891739092314 -3.7029939464808743 -3.7075137575278854 -3.72452951676369 -3.7338350100957705 -3.692359096958496 -3.6928908394346154 -3.6450340165839137 -3.6171175365876715 -3.5804273057354674 -3.562613932785484 -3.5469275297399765 -3.5575623792623547 -3.5809590482115867 -3.6171175365876715 -3.6918273544823776 -3.731973911429354 -3.7939219098972066 -3.8622508180784854 -3.930579726259764 -3.9853492013000116 -4.034535380341009 -4.070427997479036 -4.11668959290138 -4.167470999370735 -4.2451054008840945 -4.2948233224012125 -4.335501621824308 -4.346668213822805 -4.344807115156389 -4.335501621824308 -4.320346961254919 -4.311573210398958
-2.998435165623329 -3.061446649043419 -3.1494500288410974 -3.2749412532051583 -3.3812897484289386 -3.3863413019520685 -3.454138467657228 -3.4360592234691856 -3.49667786574674 -3.5312411266944688 -3.537622036407896 -3.553574310691463 -3.5586258642145925 -3.568463100022792 -3.577236850878754 -3.566867872594435 -3.548256885930274 -3.5097055564116535 -3.485245402510184 -3.44376948937291 -3.4139919107102514 -3.385809559475949 -3.371452512620739 -3.40468641737817 -3.413460168234132 -3.4735470680355682 -3.5062492303168806 -3.5751098809742787 -3.6450340165839137 -3.7075137575278854 -3.7543070954263484 -3.7909973262785526 -3.8260923297023997 -3.866238886649377 -3.924730559022456 -4.02496401577087 -4.070693868717095 -4.113233266806607 -4.13609819327972 -4.134768837089423 -4.124931601281223 -4.114296751758845 -4.118550691567796
-2.6953419542355554 -2.7987658658406813 -2.9194714079196724 -3.014653311144956 -3.1122280555127744 -3.2161837095940196 -3.2220328768313276 -3.218842421974614 -3.2709531846342665 -3.307111673010352 -3.343270161386437 -3.3812897484289386 -3.413194296996073 -3.4331346398505316 -3.4477575579438016 -3.4517456265146933 -3.425690245184867 -3.3935198253796734 -3.364805731669253 -3.303655346915579 -3.2627111762544234 -3.238782764829073 -3.229477271496992 -3.239314507305192 -3.223628104259684 -3.2504810993036886 -3.2826515191088825 -3.343270161386437 -3.4012300912833977 -3.465836802131844 -3.521403890886269 -3.562613932785484 -3.6064826870652933 -3.6641767457241947 -3.7426087609517324 -3.81652096513226 -3.860389719412069 -3.902397375025463 -3.932174953688121 -3.9358971510209537 -3.92765514264111 -3.930579726259764 -3.9329725674022997
-2.3374792678075345 -2.4507404152208605 -2.5884617165356563 -2.712889455947479 -2.8335949980264696 -2.9532370551532225 -2.9439315618211417 -3.058522065424765 -3.021831834572561 -3.070220399899381 -3.1273827160821632 -3.1595531358873563 -3.2002314353104526 -3.251012841779808 -3.281853905394704 -3.275472995681277 -3.289032428822309 -3.243568447114143 -3.195711624263442 -3.1587555221731782 -3.125521617415747 -3.107974115703823 -3.102124948466515 -3.102124948466515 -3.1204700638926175 -3.140144535509017 -3.1425373766515516 -3.1763030238851018 -3.217778937022376 -3.2749412532051583 -3.337420994149129 -3.39511505280803 -3.4461623305154445 -3.4916263122236106 -3.556498894310117 -3.607280300779472 -3.6772044363891077 -3.733303267619652 -3.7689300135196184 -3.775310923233045 -3.762549103806191 -3.762283232568132 -3.784084674089007
-1.9745650278563838 -2.025346434325739 -2.1973651253502036 -2.351570443424685 -2.459514166076822 -2.585005390440883 -2.7001276365206253 -2.7759009393675687 -2.78520643269965 -2.880920078401052 -2.9112293995398293 -2.9745067541979786 -3.027946873047928 -3.064371232662073 -3.1015932059903966 -3.11914070770232 -3.116216124083666 -3.0912242277060775 -3.0664982025665486 -3.039645207522544 -3.01757789476361 -3.006411302765113 -3.0106652425740643 -3.0082724014315287 -3.0024232341942207 -2.9949788395285566 -3.018641379715848 -3.0298079717143445 -3.0659664600904297 -3.116216124083666 -3.1757712814089833 -3.2289455290208733 -3.2778658368238123 -3.31296084024766 -3.373579482525215 -3.424892631470689 -3.4980072219370375 -3.556498894310117 -3.583086018116062 -3.586010601734716 -3.582554275639943 -3.590264541543667 -3.6099390131600666
-1.2508635178585583 -1.5970278698119633 -1.780213152834925 -1.971108701761611 -2.0849015916510556 -2.2728725569590877 -2.422292192748499 -2.526779589305863 -2.6094655443423527 -2.6767309675713937 -2.7089013873765873 -2.776432681843688 -2.8272140883130428 -2.8545988258331665 -2.9125587557301267 -2.9404752357263693 -2.942336334392785 -2.9439315618211417 -2.9223959915383264 -2.9112293995398293 -2.901923906207749 -2.9067095884928187 -2.9043167473502836 -2.881451820877171 -2.875070911163744 -2.879856593448814 -2.9037850048741647 -2.905646103540581 -2.928245158775634 -2.976633724102454 -3.0292762292382256 -3.0811211206598186 -3.120204192654558 -3.1576920372209405 -3.1973068516917986 -3.2637746612066616 -3.3422066764341993 -3.40468641737817 -3.4278172150893425 -3.41452365318637 -3.4070792585207057 -3.4238291465184507 -3.4432377468967905
-0.515995415862236 -0.9671789068491241 -1.3431208374651877 -1.5390679399150031 -1.7791496678826872 -1.9644619208101246 -2.1410004228816 -2.3071699466687567 -2.3911852578955433 -2.4603117797910006 -2.523057391973031 -2.5756998971088025 -2.6254178186259196 -2.6812507786184043 -2.733893283754176 -2.760214536322061 -2.7899921149847198 -2.7899921149847198 -2.7929166986033738 -2.782281849080996 -2.78015487917652 -2.784142947747412 -2.774305711939212 -2.7596827938459425 -2.753036012894456 -2.767924802225785 -2.774305711939212 -2.783079462795174 -2.8032856768876924 -2.82854344450334 -2.880388335924933 -2.9351578109651797 -2.9715821705793246 -3.006411302765113 -3.0380499800941876 -3.1034543046568124 -3.1728466977903294 -3.2310724989253488 -3.2674968585394937 -3.2563302665409966 -3.252342197970105 -3.25978659263577 -3.278397579299931
-0.18312462581180333 -0.5819314829009797 -0.9594686409454001 -1.2426215094787154 -1.48243736620834 -1.6874240907521767 -1.892676686534073 -2.074266742128678 -2.177690653733804 -2.254793312771045 -2.3499752159963285 -2.404212948560456 -2.4573871961723466 -2.5132201561648313 -2.5459223184461437 -2.5804855793938724 -2.6270130460542767 -2.6240884624356227 -2.635786796910238 -2.630469372149049 -2.6294058871968113 -2.635786796910238 -2.6264813035781573 -2.6254178186259196 -2.614251226627423 -2.639243123005011 -2.635786796910238 -2.6395089942430703 -2.648548616337092 -2.6754016113810963 -2.7357543824205917 -2.7899921149847198 -2.817376852504843 -2.848217916119739 -2.883844662019706 -2.939411750774131 -3.004018461622578 -3.064371232662073 -3.1005297210381584 -3.119672450178439 -3.116216124083666 -3.11435502541725 -3.126850973606044
-0.10203389820367081 -0.45218631872796755 -0.6659467941277663 -0.9490996626610815 -1.189979004342944 -1.3960292138390185 -1.662166323136529 -1.8174351261632482 -1.96180320842953 -2.0575168541309323 -2.1431273927860754 -2.2274085752509216 -2.280848694100871 -2.3194000236194916 -2.346784761139615 -2.39783203884703 -2.4273437462716285 -2.4409031794126608 -2.4571213249342874 -2.4512721576969794 -2.4672244319805463 -2.473605341693973 -2.458982423600703 -2.459514166076822 -2.4478158316022065 -2.471744243027557 -2.474137084170092 -2.4666926895044274 -2.474137084170092 -2.520132808354377 -2.581017321869991 -2.6224932350072656 -2.6498779725273893 -2.6684889591915506 -2.7089013873765873 -2.760214536322061 -2.8221625347899133 -2.888630344304776 -2.9468561454397957 -2.9657330033420166 -2.9657330033420166 -2.9678599732464925 -2.9702528143890277
-0.21689027304535347 -0.18312462581180333 -0.3984803286399585 -0.675252287459847 -0.9129411742849961 -1.1368047567310537 -1.4018783810763265 -1.590381088860477 -1.7363443985551157 -1.8333874004468154 -1.9312280160526933 -2.02481469184962 -2.070278673557786 -2.0971316686017905 -2.1524328861181563 -2.195769897921847 -2.2114563009673542 -2.256388540199402 -2.2651622910553635 -2.280848694100871 -2.2962692259083193 -2.2874954750523573 -2.2680868746740175 -2.2582496388658178 -2.2553250552471638 -2.2627694499128284 -2.2728725569590877 -2.2757971405777417 -2.2933446422896653 -2.3377451390455937 -2.3818797645634624 -2.416443025511191 -2.4520697714111575 -2.4637681058857734 -2.5033829203566316 -2.5586841378729974 -2.618505166436374 -2.6913538856646637 -2.756226467751169 -2.7939801835556115 -2.792384956127255 -2.78520643269965 -2.7958412822220278
0.16357146861772076 0.13964305719237013 -0.08554988144398479 -0.36072661283551644 -0.6933315316478896 -0.9477703064707842 -1.1548840009190964 -1.4375051269762928 -1.5162030134418902 -1.6249443498082057 -1.7254436777946782 -1.783137736453579 -1.8270064907333885 -1.8740656998699112 -1.9248471063392665 -1.9594103672869951 -2.019497267088431 -2.056187497940635 -2.0633660213682403 -2.080913523080164 -2.059112081559289 -2.049274845751089 -2.0567192404167542 -2.0450209059421383 -2.0381082537525925 -2.0463502621324356 -2.0604414377495863 -2.066822347463013 -2.07798893946151 -2.1082982606002876 -2.1548257272606914 -2.201087322683036 -2.2290038026792782 -2.248412403057618 -2.2880272175284766 -2.3446577912351394 -2.4095303733216453 -2.4725418567417354 -2.529704172924517 -2.571711828537911 -2.594310883772964 -2.590322815202072 -2.603084634628926
0.5028231683815803 0.6094375348434198 0.3486178503070987 -0.01323290469181404 -0.39635335873548305 -0.7481010066881365 -0.9613297396118162 -1.195296429104133 -1.301379053089854 -1.4297948610725688 -1.507695133823988 -1.5653891924828887 -1.615107114000006 -1.6523290873283292 -1.6868923482760578 -1.770110045788666 -1.8163716412110105 -1.8421611513027771 -1.8623673653952955 -1.8618356229191766 -1.840300052636361 -1.8304628168281614 -1.8296652031139828 -1.8182327398774265 -1.82620887701921 -1.817966868639367 -1.8246136495908534 -1.820891452258021 -1.8442881212072528 -1.8700776312990195 -1.9107559307221154 -1.9594103672869951 -1.9966323406153181 -2.0452867771801975 -2.069746931081667 -2.1019173508868607 -2.1479130750711457 -2.2056071337300467 -2.259313123818056 -2.29600335467026 -2.3287055169515725 -2.367256846470193 -2.3784234384686895
0.7915593329141439 1.186643992670488 0.8564319150006499 0.2967729588855057 -0.15122007724466924 -0.5247691667181977 -0.8222790821067234 -0.9746233015147887 -1.149300704919848 -1.2186930980533646 -1.2939346584241893 -1.3452478073696634 -1.3627953090815872 -1.388053076697235 -1.4550526286882166 -1.533750515153814 -1.5356116138202303 -1.6137777578097088 -1.610321431714936 -1.5927739300030122 -1.5893176039082393 -1.5917104450507744 -1.5956985136216661 -1.6177658263806005 -1.620956281237314 -1.5741629433388507 -1.6063333631440442 -1.593305672479131 -1.607396848096282 -1.6323887444738703 -1.6844995071335227 -1.7475109905536126 -1.786062320072233 -1.8174351261632482 -1.8240819071147345 -1.886295776820646 -1.9038432785325698 -1.9267082050056825 -1.9769578689989187 -2.0293345028966305 -2.072671514700321 -2.116274397742071 -2.1431273927860754
0.1563929451901156 0.7811903546298253 0.8463288079543909 0.3940818320152646 -0.011105934787338567 -0.3397227850288198 -0.6412207689882372 -0.7871840786828759 -0.9671789068491241 -1.0091865624625174 -1.1083565342586925 -1.132816688160162 -1.1479713487295506 -1.1971575277705493 -1.2426215094787154 -1.2705379894749576 -1.2952640146144865 -1.3370057989898203 -1.3447160648935443 -1.3750253860323218 -1.3936363726964833 -1.3968268275531968 -1.3989537974576725 -1.3907117890778296 -1.369176218795014 -1.357477884320398 -1.3856602355546999 -1.3832673944121647 -1.4029418660285642 -1.436973384500174 -1.485893692303113 -1.5297624465829223 -1.5547543429605106 -1.5869247627657042 -1.5893176039082393 -1.6177658263806005 -1.6517973448522103 -1.6821066659909878 -1.7070985623685762 -1.7509673166483855 -1.797760654546849 -1.8299310743520425 -1.880446609583338
