static/ASC_sea/1979/12/ERA5U/00.asc
ncols         201
nrows         201
xllcorner     105.0
yllcorner     0.0
cellsize      0.25
NODATA_value  -32767
[rows 57 to 75 of 201, columns 129 to 171 of 201]
-0.07757374430220132 0.3414393268794933 0.8218686540529212 1.012232460503488 0.7577936856805938 0.864673923380493 0.962514538986371 0.6299096201739978 0.398335771824216 0.146023966905797 -0.035034346212689194 -0.019613814405240904 0.18803162251919026 0.20903545032588688 0.1675595371886125 0.28215004079223593 0.5738107889434534 0.9247608231819286 1.2084454341913629 1.4697968612038033 1.719184082503568 1.9159287986675617 2.0751856702651734 2.2519900435747076 2.3397275521343266 2.4404927513588586 2.5077581745878996 2.543384920487866 2.5968250393378156 2.6494675444735867 2.694931526181753 2.739332022937681 2.7808079360749556 2.813510098356268 2.8451487756853426 2.844351161971164 2.850200329208472 2.8759898393002388 2.9033745768203625 2.939533065196448 2.9879216305232674 3.0073302309016077 3.0785837227015405
-0.09139904868129278 -0.019879685643300338 0.3058125809795269 0.68202038283365 0.9585264704154792 0.8867412361394271 0.6006637839874582 0.42492289563016095 0.1646349535699585 -0.16690648029017674 -0.3788058570235593 -0.18711269438269507 0.061476913202891614 0.100028242721512 0.09657191662673914 0.23057102060870238 0.5028231683815803 0.7357263729216592 0.9893675340303754 1.2124335027622546 1.4062536353075943 1.6285219903252954 1.8143659857288517 1.9752180847548193 2.054181842458476 2.1568081403494244 2.2198196237695145 2.24135519405233 2.3203189517559863 2.369239259558926 2.399016838221584 2.4370364252640853 2.4492665022148206 2.4912741578282134 2.527432646204299 2.56066655096173 2.588317159719913 2.6138407985736203 2.680308608088483 2.743585962746632 2.8174981669271597 2.915604653771097 3.0038739048068352
0.3443639104981473 0.37360974668468705 0.5020255546674017 0.7875712643432522 0.8657374083327307 0.535259459424833 0.14363112576326187 0.050310321204394715 -0.2830922113221568 -0.5736894745211367 -0.6114431903255788 -0.203064968666262 0.12634949528939754 0.19521014594679542 0.18643639509083343 0.2768326160310468 0.5137238891420177 0.6953139447366226 0.8516462327155796 1.0420100391661464 1.2236000947607517 1.4086464764501294 1.5721572878566918 1.6811644954610665 1.8351039422974889 1.9443770211399232 2.016162255415975 2.061626237124141 2.1230424931158742 2.153351814254652 2.1748873845374668 2.2158315551986227 2.246672618813519 2.3062277761388357 2.37216384317758 2.3968898683171087 2.4521910858334746 2.5322183284893693 2.6284637166668903 2.745181190174989 2.8653549897778605 2.9897827291896837 3.1192620221246363
1.0473274639273356 1.0555694723071787 1.0683312917340324 0.8955149869953891 0.8452653230021527 0.5908265481792585 0.30474909602728917 0.1758015455684554 -0.07571264563578506 -0.2543781176117361 -0.23683061589981236 0.06892130786855621 0.2715151912698579 0.3643042533526062 0.42332766820180434 0.5387157855196059 0.6591554563605373 0.7724166037738633 0.896046729471508 1.0776367850661133 1.2305127469502974 1.4033290516889403 1.5713596741425133 1.7114738165998442 1.847068148010164 1.9228414508571074 1.9765474409451167 2.0560429411248924 2.097784725500226 2.148832003207641 2.1953594698680448 2.2275298896732387 2.278843038618713 2.354882212703715 2.4444808199297503 2.525837418775942 2.6401620511415063 2.7236456198921735 2.8042046050241876 2.9081602591054327 3.032853869755315 3.1578133516432567 3.2803799923886636
2.7045028907518933 2.3998144519357627 2.3383981959440296 2.353552856513418 2.5234445776334073 2.251458301098589 1.706156391838655 1.0997040978250474 0.901895896708816 0.7822538395820631 0.7700237626313282 0.7163177725433194 0.7418414113970264 0.842872481859618 0.9242290807058098 0.9702248048900948 1.0228673100258663 1.106350878776534 1.2251953221891083 1.3193137404621538 1.3926942021665625 1.5282885335768823 1.6420814234663272 1.7431124939289189 1.8632862935317906 1.966710205136917 2.051257258839822 2.160530337682257 2.2256687910068225 2.2998468664254093 2.372695585653698 2.3939652846984547 2.4947304839229867 2.5923052282908046 2.682169706754899 2.7762881250279445 2.8491368442562344 2.9227831771987027 2.9921755703322193 3.0873574735575025 3.178817179449954 3.273467340199118 3.3792840929467793
4.548319926694186 4.38135278919285 4.620105160970237 4.6562636493463225 4.467229199086053 3.6860995016673863 2.9722352274777606 2.1690382173001588 1.953682514472004 1.8106437883960191 1.657767826511835 1.549824103859698 1.4961181137716888 1.4004044680702863 1.4174202273060914 1.3724879880740442 1.4586302692053061 1.5229711088156932 1.5742842577611673 1.6468671057513975 1.7245015072647571 1.8008065525878194 1.898913039431757 1.9898410028480893 2.1177250683546855 2.2094506454851954 2.2706010302388693 2.3500965304186456 2.426667446979767 2.5088216595401374 2.575289469055 2.6069281463840746 2.699717208466823 2.784264262169728 2.850200329208472 2.949636172242707 3.0102548145202617 3.072202812988114 3.1445197897402846 3.1939718400193424 3.268149915437929 3.3593437500923207 3.4422955763668694
4.531835909934499 5.159557902992863 5.511305550945517 5.5966502183626 5.2959498481173615 4.6796603182955545 3.875399823165715 3.194769453733521 2.850200329208472 2.54630950410652 2.379874109081304 2.2129069715799687 2.067475404361449 1.9340080428556046 1.8545125426758287 1.8393578821064398 1.8797703102914765 1.8760481129586444 1.8896075460996762 1.9462381198063394 2.0052615346555376 2.055777069886833 2.128359917877063 2.2099823879613147 2.3150015269947977 2.3851915338424927 2.4561791544043663 2.547904731534876 2.6151701547639172 2.6728642134228187 2.7398637654138005 2.782669034741372 2.847275745589818 2.9110848427240867 2.979945493381484 3.065024289560508 3.108361301364199 3.1615355489760892 3.215241539064098 3.276391923817772 3.3593437500923207 3.4449542887474642 3.5098268708339697
4.112291096276686 4.736290892002217 5.197311618797305 5.487908881996285 5.346731254586716 4.92878166835726 4.523062159078537 3.9389430490619235 3.51461255311904 3.156749866691019 2.939533065196448 2.6699396298041647 2.48329802068643 2.3349418698492563 2.214502199008325 2.1964229548202825 2.1602644664441977 2.137133668733025 2.1639866637770293 2.1860539765359643 2.2216807224359307 2.2618272793829073 2.3280292176597106 2.382798692699958 2.4692068450692792 2.5473729890587578 2.6210193220012252 2.699717208466823 2.74943512998394 2.797291952834642 2.8480733593039966 2.911616585200205 2.964259090335977 3.023814247661294 3.0756591390828865 3.145051532216403 3.1796147931641316 3.235447753156617 3.2803799923886636 3.3375423085714457 3.426875044559421 3.4922793691220466 3.55821543616079
3.599159606821946 4.230603797213141 4.678596833343317 4.970789323970653 5.136161234043631 5.0404475883422295 4.65732713429856 4.434527036804741 4.021629004098413 3.6382426788166846 3.323185261716236 3.052794212609774 2.816434681974922 2.660102393995965 2.4926035140185103 2.3966239970790495 2.3599337662268454 2.337334710991792 2.363655963559677 2.37694952546265 2.4200206660282806 2.459901351737198 2.4843615056386676 2.5194565090625156 2.6069281463840746 2.6694078873280453 2.74464944769887 2.8012800214055336 2.8403630934002724 2.889283401203212 2.935013254149437 2.9998858362359435 3.058643379847082 3.1152739535537446 3.167118844975338 3.2069995306842554 3.2418286628700432 3.288622000768507 3.3207924205737003 3.3784864792326017 3.4555891382698416 3.507434029691435 3.5781557790152485
3.259376164581967 3.806539172508317 4.251873496257898 4.592188680973995 4.8197744607528845 4.81738161961035 4.776969191425313 4.553637351455374 4.3247222154861875 3.965796044105929 3.6337228677696745 3.34525257447517 3.108361301364199 2.89513256844052 2.7021100496093577 2.605864661431837 2.522912835157288 2.4926035140185103 2.4931352564946296 2.515202569253564 2.562527649628146 2.575821211531119 2.5790116663878324 2.626602618000474 2.6885506164683264 2.7499668724600594 2.80766093111896 2.8714700282532286 2.917465752437513 2.9530924983374796 2.9980247375695273 3.059175122323201 3.1253770606000035 3.174297368402943 3.208063015636493 3.2484754438215298 3.2803799923886636 3.3051060175281926 3.339403407237862 3.398958564563179 3.4747318674101226 3.5268426300697753 3.5850684312047942
2.9047039330106594 3.373169054471412 3.7666584867993995 4.123457688275183 4.418574762521174 4.524391515268835 4.554700836407612 4.5116296958419815 4.320734146915296 4.1186720059901125 3.8671578147858723 3.561671762255563 3.292610069339399 3.0551870537523094 2.876521581776358 2.7528914560787134 2.6606341364720834 2.600547236670648 2.6244756480959985 2.630856557809425 2.6231462919057016 2.6239439056198792 2.629793072857187 2.696792624848169 2.7470422888414054 2.8095220297853762 2.8741287406338225 2.9140094263427407 2.9326204130069025 2.9730328411919382 3.029397543660542 3.098524065555999 3.1620672914522086 3.1913131276387476 3.223749418682001 3.2466143451551135 3.2670864304856915 3.3061695024804303 3.349506514284121 3.409593414085557 3.476592966076539 3.5284378574981314 3.5693820281592874
2.6563801966631324 3.045881560420228 3.419962392369875 3.733956324518087 3.9947760090544087 4.139675833796809 4.229008569784785 4.227945084832547 4.156159850556495 4.069751698187174 3.8485468281217106 3.6161753660577505 3.3763595093281253 3.180146535640251 3.0243459901374123 2.910287229009908 2.8286647589256564 2.771502442742875 2.7223162637018765 2.6670150461855107 2.6664833037093914 2.676320539517591 2.680308608088483 2.6986537235145853 2.742256606556335 2.8057998324525437 2.8741287406338225 2.912680070152443 2.971171742525523 3.026738831279948 3.080710692606016 3.120591378314934 3.1607379352619107 3.188920286496213 3.2099241143029094 3.2274716160148333 3.229598585919309 3.2599079070580865 3.2862291596259716 3.3370105660953273 3.409593414085557 3.483771489504144 3.5138149394048614
2.51227798563491 2.781339678551075 3.08842095850974 3.390716556183336 3.665095673860689 3.8280747427911326 3.9349549804910318 3.96473255915369 3.9259153583970106 3.8466857294552943 3.7012541622367747 3.5345528959734986 3.3505699992363587 3.1777536944977154 3.080976563844076 2.9940366689986355 2.9105531002479674 2.8291965014017757 2.755284297221248 2.7241773623682928 2.7031735345615955 2.682169706754899 2.6654198187571536 2.709554444275023 2.768577859124221 2.8286647589256564 2.886358817584558 2.94325526252928 2.9823383345240195 2.997492995093408 3.028334058708304 3.08390114746273 3.1240477044097066 3.131757970313431 3.137607137550739 3.142126948597749 3.1352142964082033 3.1490396007872947 3.1939718400193424 3.256451580963313 3.3213241630498196 3.352431097902775 3.381411062851255
2.50244074982671 2.7340145981764925 2.9751598110964146 3.2338525257282598 3.412252126466152 3.54385838930558 3.6395720350069825 3.6656274163368083 3.630000670436842 3.5898541134898645 3.5401361919727474 3.415442581322865 3.2992568502908846 3.1782854369738347 3.0775202377493027 2.971171742525523 2.888219916250974 2.8241449478786462 2.749169258745881 2.7045028907518933 2.6622293639004404 2.639630308665387 2.6494675444735867 2.658773037805668 2.7002489509429415 2.753954941030951 2.8174981669271597 2.874660483109942 2.9052356754867787 2.935013254149437 2.974096326144176 3.0200920503284614 3.0200920503284614 3.03524671089785 3.041627620611277 3.04003239318292 3.0347149684217314 3.0360443246120283 3.0687464868933407 3.1181985371723986 3.159674450309673 3.2115193417312664 3.2508682849640644
2.4213500222185784 2.585392576101259 2.7999506652152357 2.9671836739546302 3.1368095238365603 3.299788592767004 3.3912482986594545 3.422886975988529 3.4422955763668694 3.4369781516056808 3.4061370879907837 3.340732763428159 3.2319914270618435 3.092674898318691 2.9488385585285286 2.863228019873385 2.820688621783873 2.772565927695113 2.683499062945197 2.6460112183788143 2.6109162149549663 2.597090910575875 2.5997496229564696 2.594166326957221 2.647074703331052 2.697856109800407 2.733482855700373 2.7645897905533294 2.7821372922652525 2.7978236953107603 2.8315893425443104 2.864291504825623 2.8871564312987363 2.910287229009908 2.910287229009908 2.900981735677828 2.907362645391254 2.9140094263427407 2.949636172242707 2.9916438278561 3.0301951573747203 3.065024289560508 3.0714051992739355
2.37216384317758 2.5205199940147534 2.6523921280922407 2.8124466134040302 2.9600051505270253 3.093738383270929 3.1854639604014396 3.2455508602028758 3.275328438865534 3.2803799923886636 3.2628324906767405 3.194769453733521 3.078051980225422 2.937937837768091 2.8228155916883484 2.758208880839902 2.714340126560093 2.676320539517591 2.6138407985736203 2.5718331429602275 2.5253056762998236 2.5088216595401374 2.5088216595401374 2.5130755993490883 2.547904731534876 2.552158671343828 2.5760870827691784 2.6055987901937776 2.6180947383825712 2.635376368856436 2.6752570545653533 2.718328195130985 2.743585962746632 2.762728691886913 2.7675143741719834 2.7850618758839065 2.7967602103585225 2.7967602103585225 2.8182957806413382 2.8595058225405534 2.877850937966655 2.9052356754867787 2.921453821008405
2.3471719467999916 2.451127600881237 2.5835314774348426 2.706629860656369 2.8438194194950457 2.9541559832897173 3.02540947508965 3.085496374891086 3.0948018682231675 3.100119292984356 3.080710692606016 3.0038739048068352 2.886624688822617 2.7789468374085393 2.692006942563099 2.625007390572117 2.575821211531119 2.5380674957266764 2.4955280976371643 2.4463419185961666 2.4027390355544167 2.3998144519357627 2.3998144519357627 2.3979533532693464 2.4008779368880004 2.4053977479350115 2.4271991894558864 2.4476712747864635 2.4561791544043663 2.4795758233535974 2.5194565090625156 2.5497658302012924 2.575289469055 2.598686138004232 2.6244756480959985 2.642554892284041 2.6465429608549327 2.660102393995965 2.6787133806601267 2.6874871315160886 2.704237019513834 2.726038461034709 2.743585962746632
2.2793747810948313 2.3809375940335418 2.4989844237319376 2.622082806953463 2.7310900145578385 2.806065703690604 2.8770533242524765 2.888219916250974 2.8906127573935088 2.9052356754867787 2.872001770729347 2.7948991116921063 2.712479027893677 2.6167653821922743 2.5322183284893693 2.4684092313551007 2.4184254385999244 2.366314675940272 2.3208506942321057 2.2769819399522966 2.2711327727149886 2.2682081890963346 2.251458301098589 2.2472043612896373 2.2474702325276974 2.2562439833836594 2.2799065235709506 2.2886802744269117 2.302239707567944 2.3261681189932943 2.3431838782291 2.3671122896544503 2.394497027174573 2.4067271041253084 2.4330483566931935 2.4474054035484043 2.4487347597387012 2.471599686211814 2.4737266561162894 2.4825004069722514 2.498186810017759 2.5191906378244555 2.5356746545841418
2.1514907155882357 2.2676764466202153 2.3846597913663743 2.486222604305084 2.584063219910962 2.6377692099989707 2.667546788661629 2.6787133806601267 2.6797768656123644 2.6957291398959313 2.6534556130444784 2.591241743338567 2.5117462431587914 2.42533809078947 2.341854522038802 2.2828311071896046 2.217426782626979 2.157605754063603 2.116661583402447 2.098050596738286 2.0927331719770965 2.0972529830241076 2.0709317304562216 2.078641996359946 2.079173738836065 2.087415747215908 2.1113441586412582 2.1264988192106467 2.148832003207641 2.148832003207641 2.165050148729267 2.1748873845374668 2.194295984915807 2.1908396588210337 2.194295984915807 2.207589546818779 2.2158315551986227 2.232315571958308 2.229390988339654 2.248001975003816 2.267144704144097 2.2900096306172095 2.3208506942321057
