static/ASC_sea/1979/09/ERA5U/00.asc
ncols         201
nrows         201
xllcorner     105.0
yllcorner     0.0
cellsize      0.25
NODATA_value  -32767
[rows 57 to 75 of 201, columns 126 to 167 of 201]
-0.43517617416911547 -0.21290121018389052 -0.08164596026447968 -0.13574542607512097 0.09029691018104002 0.3124211792754277 0.23677234407503245 0.0423759348947339 -0.05331532078704093 -0.10455158367177075 -0.19873589044517115 -0.14991074581384034 -0.22420332699669854 -0.4375872924225146 -0.7871994391653769 -0.9273456876441968 -1.2661078022467633 -1.629433184055833 -2.0328434068276615 -1.9775383818903207 -1.895560361274753 -1.7872107347626334 -1.6636409242759318 -1.617226897898 -1.5537843488554377 -1.507370322477506 -1.4966709852280475 -1.4458868070158302 -1.4287075894603618 -1.4033908477996717 -1.3789782754840065 -1.3628539221644003 -1.3384413498487349 -1.334071198014449 -1.3247281147825278 -1.2832870198022317 -1.2002541349508018 -1.1099878953391749 -0.9971174221019318 -0.914084537250502 -0.8271335852372987 -0.7270721777212381
-0.1529246436305891 -0.02302564772871518 -0.0830022142820166 -0.15774688013738725 -0.12414191948063791 0.07507672620645867 0.17468604905000684 0.12149075258439024 -0.020614529475316168 -0.13438917205758405 -0.1196210727555147 -0.11088076908694311 -0.23731378249955593 -0.453108866178771 -0.7237568901228144 -0.9302088905701081 -1.3125218286246951 -1.7236174908292332 -2.0659962828118985 -1.8809429568635214 -1.7930878355052933 -1.7031229856753414 -1.5659906350132702 -1.4912459691578999 -1.4341326055305097 -1.4048977967080463 -1.3848553762266667 -1.3404003834296216 -1.3140287775330695 -1.2822321555663696 -1.2281326897557283 -1.1998020502782896 -1.1664984794032152 -1.1215914019336577 -1.093260762456219 -1.0489564645500113 -0.9737597140221285 -0.8863566773364129 -0.814927299079466 -0.7529916989452778 -0.6695067294213357 -0.596721097146852
0.04192385022222167 0.20603058634419447 -0.0038873965923602594 -0.28764587603926106 -0.40292746752990327 -0.3290869710195573 -0.06054867554723797 0.04734886629236956 -0.05421949013206562 -0.17628235171039242 -0.17100803053108204 -0.39268021495295724 -0.4883714706347321 -0.5616091875817283 -0.623092703043404 -0.8711364933618314 -1.2963974753050889 -1.7403446237121891 -1.8633116546355408 -1.6992049185135678 -1.6446533680304145 -1.5923622409098224 -1.432173571949623 -1.387718579152578 -1.3569768214217401 -1.3355781469228236 -1.3262350636909022 -1.304233609628636 -1.2749988008061723 -1.2353660445159256 -1.17975962979691 -1.1337976880914904 -1.0757801551190758 -1.0152008090024247 -0.9770750016205522 -0.9127282832329651 -0.8462718363736537 -0.7828292873310911 -0.7257159237037012 -0.6758359148365083 -0.6211336694625174 -0.5644723905076396
-0.24168393433384172 -0.26956248913876824 -0.4698359990617269 -0.6636296286786756 -0.748621547110992 -0.667547695840449 -0.38047392879512454 -0.5029888750459638 -0.654889325010104 -0.699344317807149 -0.4707401684067515 -0.69045331924774 -0.8828906948471518 -1.0899454748577952 -1.3183989293673553 -1.4312694026045985 -1.5625246525240093 -1.6773541593421388 -1.6274741504749461 -1.6118018818278523 -1.5537843488554377 -1.46532644793386 -1.3443184505913952 -1.3336191133419368 -1.2989592884493255 -1.2739439365703102 -1.2935342723791776 -1.2636966839933643 -1.2340097904983884 -1.1998020502782896 -1.154894972808732 -1.1294275362572046 -1.0928086777837067 -1.0533266163842971 -1.028311264505282 -0.9659235796985816 -0.9107692496520783 -0.8530531064613385 -0.7808702537502044 -0.7314423295555239 -0.6729727119105968 -0.610434332213059
-0.4277921245180809 -0.8471760057186783 -1.3633060068369125 -1.3447705352639074 -1.3214128271841041 -1.2739439365703102 -1.3164398957864685 -1.7964031231037172 -2.04354274407712 -2.0971901252152487 -1.7549620281234208 -1.545044045186866 -1.320357962948242 -1.363758091509425 -1.6573117388607592 -1.6695180250185921 -1.6928757330983952 -1.6279262351474584 -1.5605656189431225 -1.5396190291167182 -1.4727104975848946 -1.38877344338844 -1.3628539221644003 -1.314480862205582 -1.2900682898899165 -1.2852460533831183 -1.2994113731218377 -1.2749988008061723 -1.2749988008061723 -1.2584223628140538 -1.2017610838591761 -1.1841297816311958 -1.1479630078302099 -1.1152622165184853 -1.1006448121072536 -1.0581488528910952 -1.0200230455092227 -0.9672798337161186 -0.8920830831882356 -0.8477787852820281 -0.7837334566761158 -0.7172770098168044
-0.49816663853916576 -0.9439221256363153 -1.8384469976473632 -2.2281439853529843 -2.244720423345103 -2.368742318504317 -2.462926625277717 -2.6850508943721048 -2.7314649207500366 -2.70946346668777 -2.4873391975933825 -2.001498869533474 -1.7236174908292332 -1.5112883896392795 -1.6451054527029267 -1.5879920890755366 -1.5605656189431225 -1.5171654903819396 -1.4840126143977026 -1.476628564746668 -1.429762453696224 -1.4112269821232188 -1.397965831729524 -1.3530587542599666 -1.3584837703301145 -1.3667719893261738 -1.3452226199364197 -1.3530587542599666 -1.3471816535173065 -1.3271392330359268 -1.2778620037320838 -1.265655717574251 -1.2353660445159256 -1.203720117440063 -1.2115562517636098 -1.17975962979691 -1.146003974249323 -1.1089330311033128 -1.0411203302264644 -0.9883771184333603 -0.922975535809911 -0.8584781225314864
-0.9653208001352318 -1.361346973256026 -1.9794974154712075 -2.2695850803332807 -2.378989571081263 -2.524410140739393 -2.645116748300183 -2.7081072126702335 -2.7222725324089527 -2.6632001352006758 -2.4395689171979136 -2.0455017776580067 -1.734467522969529 -1.521083557543713 -1.4814508012534662 -1.3853074608991789 -1.3759643776672577 -1.372649090068834 -1.361346973256026 -1.3706900564879472 -1.3881706638250904 -1.4009797295462727 -1.422981183608539 -1.4112269821232188 -1.4282555047878496 -1.4326256566221354 -1.4238853529535638 -1.44000970627317 -1.4439277734349434 -1.3970616623844994 -1.3789782754840065 -1.3452226199364197 -1.3183989293673553 -1.295041221287552 -1.2959453906325766 -1.2617376504124775 -1.2499834489271573 -1.2178854371787824 -1.1660463947307027 -1.1221941814970076 -1.0688481901405535 -1.0376543477372033
-1.540523198461743 -1.6958896309151443 -1.9590029103173157 -2.043994828749632 -2.0498719294922925 -2.1640986567470724 -2.2451725080176157 -2.291134449723035 -2.2872163825612617 -2.1812778743025403 -1.975579348309434 -1.7671683142812538 -1.510836304966767 -1.3388934345212473 -1.263244599320852 -1.183225612286171 -1.2100493028552355 -1.2255708766114919 -1.2436542635119847 -1.2959453906325766 -1.334071198014449 -1.3740053440863709 -1.417104082865879 -1.4341326055305097 -1.4546271106844015 -1.4702993793314956 -1.4785875983275547 -1.4864237326511016 -1.4731625822574068 -1.4458868070158302 -1.4336805208579975 -1.3901296974059771 -1.3740053440863709 -1.3550177878408534 -1.3266871483634146 -1.3022745760477492 -1.2930821877066652 -1.2676147511551379 -1.2285847744282408 -1.2056791510209497 -1.1723755801458753 -1.1607720735513924
-1.733412658733667 -1.8892311758595806 -1.8462831319709099 -1.7545099434509086 -1.7471258937998742 -1.7192473389949474 -1.7988142413571162 -1.7954989537586925 -1.7436599113106128 -1.635310284798493 -1.5444412656235162 -1.3550177878408534 -1.1973909320248903 -1.09672674494548 -1.0206258250725726 -1.0367501783921786 -1.0771364091366127 -1.1246052997504066 -1.1998020502782896 -1.2519424825080439 -1.3018224913752368 -1.3604428039110013 -1.3999248653104108 -1.4223784040451894 -1.443475688762431 -1.4751216158382936 -1.4923008333937617 -1.4951640363196732 -1.4932050027387864 -1.4668333968422345 -1.450256958850116 -1.417104082865879 -1.4029387631271595 -1.3711421411604596 -1.3336191133419368 -1.32578297901839 -1.3159878111139562 -1.2911231541257786 -1.283739104474744 -1.2695737847360244 -1.2554084649973052 -1.2866023074006554
-1.9877856344672669 -1.8633116546355408 -1.8116233070782988 -1.6411873855411532 -1.5747309386818418 -1.5372079108633192 -1.462915329680461 -1.422981183608539 -1.33166007976105 -1.2432021788394725 -1.1518810749919834 -1.09672674494548 -1.005405641097991 -0.9511554803965123 -0.9639645461176949 -0.9844590512715867 -1.036147398828829 -1.1148101318459729 -1.1915138312822302 -1.240338975913561 -1.2924794081433155 -1.353510838932479 -1.3813893937374055 -1.4062540507255832 -1.4419687398540566 -1.4731625822574068 -1.4936570874112989 -1.5147543721285404 -1.5136995078926785 -1.5156585414735653 -1.4986300188089343 -1.4825056654893283 -1.4707514640040078 -1.4385027573647955 -1.4038429324721842 -1.4042950171446964 -1.3901296974059771 -1.3951026288036126 -1.3940477645677505 -1.3896776127334647 -1.4023359835638098 -1.4365437237839087
-1.9962245483541634 -1.8715998736316 -1.7876628194351456 -1.617226897898 -1.5454961298593783 -1.4262964712069628 -1.3242760301100156 -1.26218973508499 -1.1704165465649885 -1.0977816091813422 -1.0479016003141493 -1.0038986921896167 -0.9678826132794682 -0.9702937315328674 -0.9864180848524735 -1.0274070951602574 -1.099740642762229 -1.1699644618924763 -1.2133645904536592 -1.2593265321590785 -1.3027266607202614 -1.3373864856128728 -1.3735532594138586 -1.4262964712069628 -1.466381312169722 -1.5058633735691314 -1.5498662816936641 -1.5797038700794774 -1.6054726964126798 -1.6143636949720888 -1.6176789825705125 -1.612404661391202 -1.596280308071596 -1.5845261065862755 -1.5727719051009552 -1.5714156510834183 -1.570360786847556 -1.5801559547519897 -1.5928143255823348 -1.5845261065862755 -1.604568527067655 -1.6074317299935665
-1.858941502801255 -1.8310629479963283 -1.7525509098700218 -1.733412658733667 -1.635310284798493 -1.4927529180662742 -1.358935855002627 -1.2730397672252856 -1.1621283275689294 -1.09672674494548 -1.0542307857293218 -1.029366128741144 -1.0322293316670554 -1.0479016003141493 -1.0777391886999625 -1.1211393172611455 -1.1690602925474516 -1.2124604211086345 -1.2510383131630194 -1.287205086964005 -1.3247281147825278 -1.3735532594138586 -1.4473937559242045 -1.5030001706432201 -1.5561954671088367 -1.6133088307362267 -1.6690659403460797 -1.70613688349209 -1.7432078266381006 -1.7691273478621403 -1.7706342967705146 -1.762195382883618 -1.7593321799577066 -1.7549620281234208 -1.7573731463768199 -1.7514960456341597 -1.7744016690414508 -1.78916976834352 -1.7988142413571162 -1.799869105592978 -1.8125274764233232 -1.8022802238463773
-1.851105368477708 -1.8408581159007622 -1.8262407114895303 -1.8077052399165252 -1.6588186877691338 -1.5411259780250925 -1.456134059592776 -1.367224073998686 -1.2695737847360244 -1.2011583042958265 -1.154894972808732 -1.1304824004930667 -1.141181737742525 -1.1450998049042984 -1.1684575129841017 -1.2026652532042008 -1.2353660445159256 -1.306644727882035 -1.3447705352639074 -1.3789782754840065 -1.4223784040451894 -1.4927529180662742 -1.5605656189431225 -1.6196380161513992 -1.6802173622680503 -1.7471258937998742 -1.7964031231037172 -1.844324098390023 -1.879888092627659 -1.895560361274753 -1.8838061597894327 -1.8990263437640142 -1.9165069511011574 -1.9350424226741625 -1.9576466562997785 -1.973168230056035 -1.9873335497947544 -1.9829633979604686 -1.9742230942918972 -1.9790453307986953 -1.975579348309434 -1.9751272636369217
-1.875065856120861 -1.8966152255106152 -1.8916422941129796 -1.8052941216631262 -1.715932051396524 -1.6392283519602664 -1.5533322641829252 -1.4293103690237117 -1.3663199046536614 -1.295041221287552 -1.2549563803247927 -1.2447091277478468 -1.2612855657399653 -1.2671626664826254 -1.2881092563090297 -1.3129739132972074 -1.336482316267848 -1.3994727806378984 -1.4395576216006576 -1.4844646990702148 -1.5507704510386888 -1.6157199489896257 -1.6850395987748485 -1.7569210617043076 -1.8214184749827322 -1.8746137714483488 -1.9243430854247041 -1.9692501628942616 -1.9927585658649023 -2.000594700188449 -2.0161162739447054 -2.046405947003031 -2.0655441981393863 -2.0864907879657904 -2.1098484960455934 -2.1163283763516034 -2.1220547822034264 -2.1265756289285496 -2.137274966178008 -2.149029167663328 -2.1470701340824414 -2.1612354538211607
-1.8916422941129796 -1.9278090679139654 -1.9077666474325858 -1.8379949129748507 -1.772442635460564 -1.6880534965915972 -1.5958282233990837 -1.5103842202942548 -1.444831942779968 -1.3848553762266667 -1.3467295688447942 -1.3393455191937595 -1.3428115016830207 -1.3608948885835135 -1.3951026288036126 -1.4238853529535638 -1.4702993793314956 -1.5283169123039102 -1.567949668594157 -1.6104456278103152 -1.6699701096911044 -1.7305494558077554 -1.8092121888248995 -1.8755179407933733 -1.9317271350757388 -1.98582660088638 -2.034199660845198 -2.064489333903524 -2.0889019062191894 -2.1133144785348548 -2.1411930333397815 -2.1826341283200774 -2.232062052514758 -2.2602419971013594 -2.276969129984315 -2.283750400072 -2.293545567976434 -2.3037928205533795 -2.314492157802838 -2.327150528633183 -2.3408637636993905 -2.3535221345297352
-1.8530644020585947 -1.8872721422786938 -1.895560361274753 -1.870243619614063 -1.8046913420997763 -1.7270834733184945 -1.6387762672877542 -1.5616204831789846 -1.4820535808168158 -1.4389548420373077 -1.4365437237839087 -1.429762453696224 -1.4375985880197708 -1.4707514640040078 -1.5054112888966191 -1.5557433824363245 -1.6089386789019409 -1.647968655628838 -1.6793131929230256 -1.7222612368116963 -1.7793746004390862 -1.8462831319709099 -1.9204250182629308 -1.9864293804497297 -2.04354274407712 -2.107437377792195 -2.1451111005015546 -2.1747979939965307 -2.207649480199093 -2.236432204349044 -2.293545567976434 -2.365728420687568 -2.4151563448822486 -2.4472543566306233 -2.460515507024318 -2.4770919450164364 -2.4892982311742693 -2.4999975684237277 -2.5161219217433337 -2.532698359735452 -2.5479185437100336 -2.556206762706093
-1.844324098390023 -1.8384469976473632 -1.8447761830625355 -1.8297066939787916 -1.7915808865969192 -1.7139730178156372 -1.6612298060225328 -1.5899511226564234 -1.5411259780250925 -1.5435370962784916 -1.540523198461743 -1.5366051312999693 -1.557702416017211 -1.5879920890755366 -1.6289810993833205 -1.6793131929230256 -1.7275355579910068 -1.7525509098700218 -1.7841968369458843 -1.8266927961620427 -1.8838061597894327 -1.9570438767364289 -2.026966306085001 -2.092819973380963 -2.152344455261752 -2.2114168524700286 -2.2499947445244137 -2.293545567976434 -2.326698443960671 -2.3892368236582087 -2.4653377435311166 -2.550329661963433 -2.62115626065703 -2.6534049672962423 -2.686105758607967 -2.7066002637618585 -2.7144363980854056 -2.717299601011317 -2.732971869658411 -2.740808003981958 -2.7530142901397907 -2.7617545938083623
-1.7964031231037172 -1.7900739376885446 -1.7979100720120915 -1.7763607026223376 -1.7495370120532732 -1.7353716923145537 -1.6832312600847992 -1.6573117388607592 -1.6538457563714983 -1.6562568746248973 -1.6680110761102176 -1.6651478731843063 -1.6939305973342575 -1.7163841360690362 -1.7578252310493323 -1.79504686908618 -1.835433099830614 -1.8657227728889398 -1.9003825977815512 -1.9428785569977094 -2.001498869533474 -2.0742845018079574 -2.143152066920668 -2.207046700635743 -2.2667218774073694 -2.323835241034759 -2.373564555011115 -2.4214855302974208 -2.485380164012496 -2.5488227130550585 -2.649938984806981 -2.7427670375628446 -2.8144978056014662 -2.867693102067083 -2.905366824776443 -2.923902296349448 -2.930683566437133 -2.933697464253882 -2.942889852594966 -2.9478627839926013 -2.95615100298866 -2.9507259869185125
-1.78856698878017 -1.7671683142812538 -1.7798266851115985 -1.767620398953766 -1.7774155668581995 -1.765209280700367 -1.7841968369458843 -1.7857037858542588 -1.781333634019973 -1.783744752273372 -1.7954989537586925 -1.8125274764233232 -1.833624761140565 -1.8560782998753436 -1.895560361274753 -1.9321792197482512 -1.9600577745531775 -2.0058690213677597 -2.0400767615878586 -2.0810657718956427 -2.1411930333397815 -2.2031286334739697 -2.2715441139141674 -2.3345345782842175 -2.4053611769778147 -2.467296777112003 -2.5269719538836295 -2.5821262839301324 -2.6470757818810697 -2.7314649207500366 -2.834992310755358 -2.9248064656944726 -2.998646962204819 -3.0522943433429477 -3.0884611171439333 -3.1079007580619633 -3.1196549595472836 -3.134272363958515 -3.1436154471904363 -3.1543147844398947 -3.148437683697235 -3.136231397539402
