static/ASC_sea/1979/09/ERA5U/00.asc
ncols         201
nrows         201
xllcorner     105.0
yllcorner     0.0
cellsize      0.25
NODATA_value  -32767
[rows 171 to 189 of 201, columns 0 to 41 of 201]
0.8568818198711006 0.9072139134108059 0.9676425646366196 1.0351538757317933 1.0829241561272618 1.1190909299282474 1.1380784861737652 1.1615868891444057 1.1805744453899234 1.1879584950409579 1.1757522088831254 1.1655049563061792 1.1483257387507109 1.1312972160860804 1.12542011534342 1.1322013854311048 1.106884643770415 1.0853352743806608 1.0609227020649954 1.0170704888313 0.9662863106190829 0.9032958462490324 0.838798432970608 0.7895212036667647 0.7382849407820349 0.6855417289889307 0.633702686540851 0.565889985664003 0.49943353880469155 0.3993721312886309 0.33442263333769406 0.24656751197946614 0.1463554095725681 0.0301696487369012 -0.0796869266835929 -0.1627198115350228 -0.25841106721679763 -0.352595373990198 -0.4434643931651747 -0.5249903291082302 -0.6021461132169997 -0.6793018973257694
0.7871100854133657 0.836387314717209 0.9048027951574069 0.9632724128023338 1.0288246903166207 1.0556483808856851 1.0824720714547496 1.1077888131154394 1.1258722000159322 1.1225569124175088 1.1136659138580998 1.109295762023814 1.095582526957607 1.0726769035503156 1.0609227020649954 1.0609227020649954 1.0428393151645026 1.0218927253380985 0.9955211194415463 0.9501619572994764 0.9139951834984907 0.8494977702200661 0.7978094226628241 0.7411481437079463 0.6991042691643004 0.6698694603418369 0.6190852821296193 0.5615198338297172 0.4876793373193711 0.4081124349572025 0.35099907132981256 0.26902105071424476 0.16549366070892302 0.05066415389079326 -0.018052716331079743 -0.09912656760162286 -0.16754204804182093 -0.24952006865738863 -0.3168806848617246 -0.3691718119823165 -0.4155858383602482 -0.4629040340832046
0.7010633027451871 0.7646565466785871 0.8320171628829232 0.8876235776019386 0.9573953120596739 0.9818078843753393 1.0249066231548472 1.0493191954705126 1.0550456013223355 1.052634483068936 1.045401128308739 1.046305297653764 1.0345510961684432 1.0166184041587878 0.9998912712758321 0.9940141705331718 0.9774377325410535 0.9569432273871612 0.9296674521455845 0.8861166286935644 0.8540186169451893 0.8089608445847947 0.7723419861112966 0.7104063859771084 0.6801167129187828 0.6502791245329695 0.6214964003830186 0.5654379009914905 0.5009404877130659 0.43945697225139013 0.37978179547976354 0.3104621456945409 0.21868895717453962 0.14454707088251872 0.076583675114833 0.034087715898674764 -0.033724984978173556 -0.06597369161738587 -0.11916898808300247 -0.0997293471649725 -0.0952085004398493 -0.1250460888256626
0.6117012324785849 0.6805687975912953 0.7518474809574047 0.8085087599122824 0.8719513089548447 0.8939527630171111 0.9394626200500185 0.9604092098764225 0.9662863106190829 0.9741224449426296 0.9628203281298215 0.9809037150303144 0.970204377780856 0.9593543456405607 0.9355445528882449 0.9325306550714958 0.9203243689136633 0.8998298637597715 0.8739103425357315 0.8314143833195733 0.8051934723138587 0.7777670021814445 0.7479294137956312 0.6938299479849901 0.6635402749266643 0.6321957376324767 0.6034130134825255 0.5698080528257763 0.5081738424732631 0.4769800000699129 0.41745551818912374 0.3681782888852807 0.3241753807607479 0.2626918652990722 0.22803204040646086 0.18493330162695276 0.18794719944370164 0.16443879647306092 0.1752888286133567 0.24264944481769257 0.26796618647838266 0.29870794420922064
0.5116398249625242 0.5937685404689295 0.6727326632677484 0.730448806458488 0.786507305850016 0.8070018110039079 0.8403053818789823 0.8662249031030222 0.8876235776019386 0.8993777790872592 0.8867194082569141 0.914447268171003 0.9076659980833182 0.9130910141534663 0.8867194082569141 0.8784311892608547 0.8607998870328741 0.8564297351985886 0.836387314717209 0.8026316591696221 0.7729447656746464 0.75094331161238 0.7265307392967146 0.6868979830064676 0.6722805785952359 0.64259368510026 0.6092901142251859 0.5711643068433132 0.5447927009467612 0.5185717899410465 0.4813501519041987 0.47260984823562713 0.4457861576665627 0.42529165251267065 0.3861109808949361 0.3773706772263645 0.3945498947818329 0.45106047884587297 0.5038036906389773 0.5643830367556284 0.5765893229134611 0.6410867361918857
0.4227298393684342 0.5120919096350365 0.6123040120419345 0.6654993085075511 0.7230647568074535 0.7479294137956312 0.7825892386882425 0.8124268270740558 0.8300581293020364 0.838798432970608 0.8348803658088344 0.838798432970608 0.8348803658088344 0.8455797030582928 0.8183039278167159 0.8202629613976027 0.8211671307426274 0.8261400621402628 0.8183039278167159 0.7753558839280454 0.7568204123550402 0.7367779918736606 0.7202015538815421 0.7269828239692269 0.7055841494703103 0.6810208822638075 0.648320090952083 0.6284283653615408 0.6239075186364176 0.6190852821296193 0.6044678777183876 0.6034130134825255 0.6000977258841018 0.5927136762330674 0.5624240031747416 0.5615198338297172 0.6059748266267622 0.6727326632677484 0.7265307392967146 0.7313529758035127 0.7548613787741534 0.8490456855475539
0.35642408739996023 0.45738966426104555 0.5541357841786825 0.6053720470634123 0.6683625114334626 0.6888570165873544 0.7269828239692269 0.7675197496044985 0.7963024737544497 0.8051934723138587 0.7958503890819373 0.7934392708285383 0.8222219949784895 0.8231261643235142 0.803234438732972 0.8017274898245974 0.795398304409425 0.7934392708285383 0.7910281525751393 0.7729447656746464 0.7562176327916905 0.7313529758035127 0.730448806458488 0.7411481437079463 0.7352710429652862 0.7235168414799658 0.7055841494703103 0.6899118808232165 0.6977480151467634 0.716735571392281 0.7504912269398676 0.7513953962848923 0.7729447656746464 0.7577245817000648 0.7195987743181924 0.7143244531388819 0.7592315306084392 0.8017274898245974 0.80805667523977 0.7450662108697199 0.7801781204348435 0.8021795744971099
0.3124211792754277 0.41745551818912374 0.5209829081944455 0.5903025579796684 0.6454568880261715 0.6796646282462706 0.7084473523962218 0.7357231276377985 0.7616426488618382 0.7806302051073557 0.7871100854133657 0.7890691189942525 0.7773149175089322 0.7616426488618382 0.7699308678578975 0.7640537671152374 0.7694787831853851 0.7768628328364198 0.7718899014387843 0.7607384795168137 0.7431071772888331 0.7596836152809516 0.7709857320937596 0.761190564189326 0.763601682442725 0.761190564189326 0.7596836152809516 0.7651086313510995 0.7851510518324791 0.8134816913099179 0.854922786290214 0.8603478023603619 0.8891305265103131 0.8773763250249929 0.8564297351985886 0.8344282811363222 0.8211671307426274 0.7958503890819373 0.7474773291231189 0.7372300765461728 0.8183039278167159 0.7387370254545473
0.2871044376147376 0.39198808163759624 0.4979265898963172 0.5809594747477469 0.6278255857981909 0.6611291566732653 0.6844868647530686 0.7132695889030198 0.7459703802147444 0.7812329846707056 0.7997684562437108 0.8006726255887353 0.7856031365049914 0.7699308678578975 0.7670676649319861 0.7562176327916905 0.7640537671152374 0.7703829525304098 0.7651086313510995 0.7640537671152374 0.7718899014387843 0.7982615073353363 0.7884663394309028 0.792987186156026 0.805645556986371 0.8256879774677506 0.828551180393662 0.8226740796510017 0.8300581293020364 0.8494977702200661 0.8847603746760273 0.9066111338474563 0.9227354871670623 0.9081180827558308 0.8856645440210518 0.8534158373818397 0.7997684562437108 0.7587794459359269 0.7416002283804586 0.8612519717053864 0.8671290724480467 0.6679104267609501
0.24897863023286515 0.3651643910685318 0.4677876117288289 0.5643830367556284 0.6273735011256787 0.664444444271689 0.6816236618271574 0.7138723684663697 0.7459703802147444 0.7753558839280454 0.8026316591696221 0.8021795744971099 0.7825892386882425 0.753354429865779 0.7518474809574047 0.7581766663725771 0.7651086313510995 0.7890691189942525 0.796754558426962 0.792987186156026 0.7860552211775036 0.8076045905672578 0.8006726255887353 0.8148379453274548 0.8178518431442037 0.8461824826216424 0.8647179541946477 0.8573339045436132 0.8588408534519874 0.8784311892608547 0.8930485936720867 0.8867194082569141 0.8906374754186877 0.870595054937308 0.8383463482980955 0.7997684562437108 0.7568204123550402 0.7328599247118872 0.704077200561936 0.8241810285593762 0.5628760878472541 0.3324635997568073
0.21974382141040172 0.3226684318523736 0.42619582185769533 0.5218870775394702 0.582014338983609 0.6478680062795705 0.6777055946653838 0.7309008911310004 0.7626975130977003 0.774903799255533 0.8026316591696221 0.8089608445847947 0.8051934723138587 0.7592315306084392 0.7293939422226259 0.7352710429652862 0.7651086313510995 0.7910281525751393 0.8119747424015435 0.8026316591696221 0.7993163715711984 0.8060976416588832 0.7987135920078487 0.8192080971617406 0.8226740796510017 0.8300581293020364 0.8461824826216424 0.8348803658088344 0.843620669477406 0.8461824826216424 0.8514568038009529 0.8265921468127753 0.8119747424015435 0.7856031365049914 0.7581766663725771 0.7202015538815421 0.6478680062795705 0.5922615915605549 0.45106047884587297 0.48285710081257305 0.19864653669316001 0.10295528101138518
0.18794719944370164 0.2703773047317817 0.3758637283179902 0.47502096648902614 0.5478065987635099 0.6219484850555308 0.6805687975912953 0.7328599247118872 0.7553134634466658 0.7684239189495232 0.7845482722691293 0.7938913555010505 0.8403053818789823 0.6942820326575023 0.6454568880261715 0.6971452355834136 0.7284897728776014 0.792987186156026 0.8143858606549426 0.810467793493169 0.8089608445847947 0.7871100854133657 0.8017274898245974 0.8139337759824301 0.8017274898245974 0.8070018110039079 0.7934392708285383 0.7831920182515923 0.7884663394309028 0.7831920182515923 0.7806302051073557 0.7352710429652862 0.7265307392967146 0.6903639654957288 0.66203332601829 0.5282162629546427 0.4471424116840996 0.29780377486419596 0.15132834097020353 0.1088323817540453 -0.055726439040439946 -0.06115145511058784
0.1395741394848833 0.22110007542793864 0.32658649901414716 0.424688872949321 0.5155578921242976 0.5931657609055796 0.6532930223497184 0.6966931509109013 0.71914668964568 0.7372300765461728 0.7474773291231189 0.7914802372476515 0.8695401907014457 0.568301103917402 0.4735140175806518 0.5585059360129683 0.7171876560647932 0.7816850693432178 0.8134816913099179 0.812878911746568 0.7987135920078487 0.7679718342770108 0.803234438732972 0.7963024737544497 0.7797260357623312 0.7518474809574047 0.7382849407820349 0.7245717057158279 0.7250237903883403 0.708899437068734 0.6982000998192757 0.6406346515193735 0.6371686690301124 0.5981386923032153 0.4998856234772038 0.3662192553043939 0.1674526942898098 0.010127228255521592 -0.031765951397286774 -0.08496124786290338 -0.18411848603393932 -0.12263497057226358
0.0887899612726657 0.18207009870104152 0.2884606916322745 0.3699866275753301 0.46869178107385356 0.5414774133483375 0.6097421988976981 0.6502791245329695 0.6816236618271574 0.7036251158894236 0.7152286224839066 0.7812329846707056 0.8403053818789823 0.40178324954202993 0.3461768348230143 0.5942206251414417 0.7494363627040055 0.7895212036667647 0.8231261643235142 0.8051934723138587 0.7875621700858781 0.7666155802594738 0.7856031365049914 0.7690266985128729 0.7446141261972075 0.7132695889030198 0.6933778633124776 0.6810208822638075 0.6493749551879451 0.6308394836149398 0.601453979901639 0.5532316148336578 0.5429843622567119 0.4368951591071537 0.3182982800180878 0.1498213920618292 -0.05617852371295218 -0.10168838074585929 -0.07230287703255844 -0.1407183574727564 -0.22706652992261 -0.18848863786822512
0.03212868231778798 0.12586090441867603 0.25093766381375193 0.3280934479225215 0.4292097196744442 0.49310435338951897 0.5541357841786825 0.5981386923032153 0.6332506018683388 0.6650472238350389 0.6801167129187828 0.7025702516535615 0.7119133348854829 0.4100714685380893 0.51600997679681 0.7293939422226259 0.7831920182515923 0.8100157088206568 0.8178518431442037 0.784096187596617 0.7899732883392772 0.7607384795168137 0.7416002283804586 0.7104063859771084 0.6849389494255811 0.6513339887688316 0.6317436529599645 0.5961796587223285 0.5615198338297172 0.5365044819507019 0.4922001840444943 0.4789390336507995 0.4022353342145424 0.2548557309755253 0.08833787660015346 -0.05617852371295218 -0.06356257336398685 -0.03764305213994712 -0.1084696508335441 -0.1904476714491119 -0.2159151080006394 -0.228121394158472
0.00048275524192553654 0.11470948249670543 0.2152229746852785 0.2660071528974959 0.3568761720724727 0.42664790653020757 0.46386954456705554 0.5199280439585834 0.5790004411668601 0.6162220792037081 0.6347575507767131 0.6508819040963194 0.6624854106908022 0.664444444271689 0.7367779918736606 0.7703829525304098 0.7825892386882425 0.795398304409425 0.7860552211775036 0.7518474809574047 0.7581766663725771 0.7324078400393748 0.7337640940569117 0.6810208822638075 0.617578333221245 0.5737261199875499 0.5190238746135587 0.4525674277542475 0.4057013167038035 0.40178324954202993 0.377822761898877 0.3500949019847879 0.19578333376724855 0.05413013638005437 -0.06687786096241055 -0.09716753402073608 -0.03477984921403565 0.017511277906556266 -0.07576885952181955 -0.1928587897025109 -0.19873589044517115 -0.24319088324221616
-0.040656949956695776 0.08155660651246843 0.19864653669316001 0.26208908573572254 0.2973516901916835 0.3714935764837044 0.4100714685380893 0.4569375795885333 0.5013925723855783 0.5268600089371058 0.5419294980208498 0.5663420703365152 0.5883435243987816 0.6406346515193735 0.6722805785952359 0.7021181669810492 0.739641194799572 0.7592315306084392 0.7474773291231189 0.7376821612186852 0.7382849407820349 0.71914668964568 0.6737875275036103 0.6136602660594714 0.5907546426521806 0.5340933636973029 0.4545264613351343 0.391535996965084 0.3339705486651816 0.24747168132449082 0.16504157603641056 0.13369703874222294 -0.011271446243394934 -0.09234529751393805 -0.1670899633693086 -0.191502535684974 -0.10937382017856878 0.04041690131384734 0.023840463321728844 -0.1548836772114759 -0.16015799839078626 -0.2403276803163047
-0.06054867554723797 0.046294002056507466 0.13279286939719825 0.17815203153926795 0.21823687250202717 0.29343362302991016 0.32764136325000925 0.3627532728151328 0.4091672991930646 0.45934869784193233 0.49596755631543044 0.5214349928669579 0.542381582693362 0.5746302893325743 0.6186331974571071 0.6561562252756299 0.6982000998192757 0.7245717057158279 0.7235168414799658 0.701666082308537 0.6635402749266643 0.6502791245329695 0.6005498105566143 0.5576017666679436 0.542381582693362 0.4379500233430158 0.3315594304117826 0.2640481193166091 0.1997014009290221 0.034087715898674764 -0.13438917205758405 -0.1040994989992583 -0.12459400415315036 -0.14554059397955454 -0.1572947954648749 -0.19346156926586067 -0.20220187293443226 -0.12986832533246062 -0.04638335580851849 -0.05858964196635119 -0.1294162406599484 -0.30527717826724166
-0.11042868441443088 -0.033272900305661324 0.03514258013453686 0.11561365184173011 0.18207009870104152 0.22351119368133765 0.23722442874754468 0.280775252199565 0.3329156844293195 0.37646650788133984 0.4144416203723751 0.45060839417336074 0.4998856234772038 0.5072696731282385 0.5482586834360224 0.6092901142251859 0.6611291566732653 0.6875007625698175 0.675746561084497 0.6347575507767131 0.6068789959717866 0.5390662950949383 0.47260984823562713 0.4457861576665627 0.40856451962971474 0.26660993246084574 0.06543225319286239 -0.012778395151769262 -0.03809513681245935 -0.14795171223295356 -0.20220187293443226 -0.13484125673009628 -0.10214046541837174 -0.151869779394727 -0.15337672830310145 -0.13680029031098306 -0.13243013847669727 -0.1782413852912792 -0.149458661141328 -0.0918932128414256 -0.19873589044517115 -0.34822522215591223
