static/ASC_sea/1979/09/ERA5U/00.asc
ncols         201
nrows         201
xllcorner     105.0
yllcorner     0.0
cellsize      0.25
NODATA_value  -32767
[rows 133 to 151 of 201, columns 126 to 167 of 201]
-1.8262407114895303 -1.861352621054654 -1.8979714795281521 -1.9415223029801725 -1.9892925833756412 -2.0400767615878586 -2.1030672259579086 -2.1651535209829342 -2.2198557663569254 -2.271092029241655 -2.3286574775415576 -2.369194403176829 -2.408224379903726 -2.418471632480672 -2.459460642788456 -2.5161219217433337 -2.590866587598704 -2.668474456379986 -2.7301086667324994 -2.7822490989622537 -2.8262520070867865 -2.853075697655851 -2.8779403546440285 -2.9082300277023543 -2.9321905153455075 -2.954644054080286 -2.987344845392011 -3.03858110827674 -3.092831268978219 -3.155369648675757 -3.2031399290712255 -3.242772685361473 -3.2872276781585175 -3.3408750592966463 -3.394522440434775 -3.436566314978421 -3.4664039033642347 -3.486898408518127 -3.4975977457675844 -3.509351947252905 -3.5165853020131026 -3.5200512845023635
-1.7641544164645047 -1.7970059026670668 -1.8262407114895303 -1.8715998736316 -1.918465984682044 -1.982059228615444 -2.0420357951687453 -2.105478344211308 -2.1616875384936733 -2.2100605984524915 -2.257378794175448 -2.290079585487173 -2.3286574775415576 -2.35502908343811 -2.3955660090733812 -2.4472543566306233 -2.5161219217433337 -2.5932777058521035 -2.662597355637326 -2.7212176681730904 -2.7730567106211703 -2.8144978056014662 -2.854130561891713 -2.894064707963635 -2.922395347441074 -2.940478734341567 -2.9677545095831435 -3.0006059957857056 -3.045965157927775 -3.093735438323244 -3.1381904311202886 -3.188974609332506 -3.2364434999463 -3.292954084010341 -3.349163278292706 -3.3951252199981248 -3.436566314978421 -3.4605268026215743 -3.456156650787289 -3.4566087354598007 -3.4664039033642347 -3.4697191909626586
-1.6889576659366219 -1.7270834733184945 -1.7602363493027313 -1.8116233070782988 -1.8515574531502204 -1.9140958328477584 -1.9790453307986953 -2.043994828749632 -2.10065610770451 -2.1460152698465795 -2.1754007735598804 -2.2061425312907184 -2.247131541598502 -2.273503147495054 -2.3037928205533795 -2.356536032346484 -2.4278147157125938 -2.506477448729737 -2.5751943189516107 -2.649938984806981 -2.711422500268657 -2.765220576297623 -2.810579738439693 -2.854130561891713 -2.898434859797921 -2.9180251956067877 -2.9341495489263942 -2.962480188403833 -3.0030171140391047 -3.0522943433429477 -3.095242387231618 -3.153862699767383 -3.19876977723694 -3.253924107283443 -3.3047082854956606 -3.3369569921348727 -3.3740279352808837 -3.3872890856745785 -3.3887960345829526 -3.3892481192554653 -3.3970842535790116 -3.4023585747583223
-1.631844302309232 -1.6734360921803655 -1.697848664496031 -1.7451668602189874 -1.7866079551992835 -1.8447761830625355 -1.9097256810134726 -1.9746751789644095 -2.031336457919287 -2.062530300322637 -2.092819973380963 -2.121602697530914 -2.1675646392363337 -2.194388329805398 -2.21488283495929 -2.262803810245596 -2.324287325707272 -2.4029500587244157 -2.4755849961080623 -2.5474664590375213 -2.6226632095654043 -2.6841467250270803 -2.7423149528903323 -2.809072789531318 -2.8550347312367377 -2.891653589710236 -2.907777943029842 -2.9273682788387094 -2.9653433913297444 -3.0073872658733904 -3.0468693272728 -3.1074486733894506 -3.155369648675757 -3.2109760633947726 -3.255431056191818 -3.2872276781585175 -3.302297167242262 -3.3101333015658083 -3.309078437329947 -3.3081742679849215 -3.308626352657434 -3.321887503051129
-1.5718677357559305 -1.6133088307362267 -1.6396804366327788 -1.673888176852878 -1.708548001745489 -1.765209280700367 -1.8316657275596784 -1.8970673101831275 -1.9467966241594827 -1.9781411614536706 -2.0121982067829323 -2.0420357951687453 -2.087997736874165 -2.108944326700569 -2.1259728493652 -2.1529472348251018 -2.2144307502867777 -2.2920386190680597 -2.3652763360150555 -2.4365550193811654 -2.5156698370708215 -2.590866587598704 -2.6632001352006758 -2.7353829879118097 -2.797921367609348 -2.8340881414103336 -2.8648298991411716 -2.8842695400592016 -2.917573110934276 -2.956603087661173 -2.9927698614621585 -3.0562124105047213 -3.106544504044426 -3.1592877158375305 -3.203742708634575 -3.2173052488099456 -3.2319226532211767 -3.219716367063344 -3.2144420458840335 -3.215346215229059 -3.213387181648172 -3.2255934678060045
-1.5045071195515944 -1.5430850116059793 -1.578196921171103 -1.602157408814256 -1.6259672015665716 -1.6747923461979024 -1.7432078266381006 -1.812075391750811 -1.8618047057271663 -1.8857651933703194 -1.9214798824987929 -1.955084843155542 -1.9999919206250993 -2.0147600199271687 -2.026966306085001 -2.0503240141648047 -2.0958338711977116 -2.1734417399789936 -2.243213474436729 -2.3149442424753506 -2.3979771273267803 -2.4814620968507226 -2.5625359481212655 -2.640746596465897 -2.707052348434371 -2.7608504244633374 -2.791140097521663 -2.8247450581784124 -2.859404883071024 -2.8955716568720096 -2.9302314817646207 -2.9912629125537844 -3.0468693272728 -3.0967493361399927 -3.1329161099409784 -3.1464786501163484 -3.1445196165354616 -3.130354296796742 -3.1124216047870865 -3.1128736894595987 -3.1172438412938845 -3.129450127451717
-1.434584690203022 -1.479039683000067 -1.5136995078926785 -1.533741928374058 -1.5533322641829252 -1.5977872569799703 -1.6514346381180993 -1.7187952543224352 -1.7617432982111056 -1.7841968369458843 -1.8129795610958355 -1.8502011991326834 -1.900985377344901 -1.9234389160796797 -1.938960489835936 -1.9600577745531775 -2.0010467848609617 -2.047460811238893 -2.1109033602814558 -2.177359807140767 -2.2558718452670736 -2.342822797280277 -2.4409251712154507 -2.5269719538836295 -2.6060867715732856 -2.6606383220564394 -2.7061481790893467 -2.7423149528903323 -2.7783310318004806 -2.814045720928954 -2.851116664074964 -2.902955706523044 -2.9629322730763454 -3.011305333035164 -3.0474721068361497 -3.051842258670435 -3.047924191508662 -3.03858110827674 -3.0141685359610753 -3.0025650293665924 -3.0185386877953606 -3.03858110827674
-1.3550177878408534 -1.4018838988912974 -1.44000970627317 -1.4770806494191804 -1.4932050027387864 -1.513247423220166 -1.5605656189431225 -1.609993543137803 -1.6518867227906116 -1.6753951257612523 -1.7022188163303167 -1.7519481303066722 -1.8061982910081507 -1.8345289304855896 -1.8569824692203682 -1.8735589072124867 -1.902341631362438 -1.9409195234168228 -1.9781411614536706 -2.0376656433344595 -2.1148214274432293 -2.2100605984524915 -2.306656023479291 -2.381852774007174 -2.4620224559326926 -2.532698359735452 -2.5854415715285564 -2.6274854460722024 -2.6606383220564394 -2.7050933148534844 -2.762206678480874 -2.8227860245975256 -2.8759813210631417 -2.909284891938216 -2.9195321445151627 -2.9199842291876745 -2.916066162025901 -2.902955706523044 -2.8901466408018615 -2.8901466408018615 -2.9082300277023543 -2.9350537182714187
-1.2881092563090297 -1.3218649118566164 -1.362401837491888 -1.4088158638698198 -1.4155971339575046 -1.4356395544388842 -1.47180632823987 -1.5088772713858802 -1.53479679260992 -1.5503183663661764 -1.5738267693368173 -1.6362144541435177 -1.7080959170729768 -1.7436599113106128 -1.7744016690414508 -1.8046913420997763 -1.8277476603979048 -1.8408581159007622 -1.8560782998753436 -1.8940534123663788 -1.9687980782217491 -2.0694622653011594 -2.152344455261752 -2.229048154698009 -2.3081629723876658 -2.381852774007174 -2.4415279507788004 -2.4897503158467815 -2.537671291133088 -2.5806193350217583 -2.6250743278188033 -2.686105758607967 -2.740808003981958 -2.7827011836347664 -2.7905373179583135 -2.7837560478706287 -2.776371998219594 -2.763713627389249 -2.756932357301564 -2.769590728131909 -2.7935512157750617 -2.8257999224142742
-1.1978430166974028 -1.218789606523807 -1.2558605496698174 -1.3081516767904093 -1.3345232826869615 -1.343263586355533 -1.3545657031683411 -1.3892255280609525 -1.4214742347001648 -1.44000970627317 -1.466381312169722 -1.5200286933078508 -1.5806080394245021 -1.6362144541435177 -1.6753951257612523 -1.708548001745489 -1.7275355579910068 -1.7403446237121891 -1.7584280106126822 -1.7935399201778057 -1.854119266294457 -1.9370014562550493 -2.008430834511996 -2.0688594857378098 -2.129890916526973 -2.2037314130373193 -2.273955232167567 -2.3325755447033307 -2.3896889083307213 -2.4385140529620517 -2.4917093494276683 -2.553795644452694 -2.597195773013877 -2.6353215803957495 -2.644513968736833 -2.629444479653089 -2.6128680416609704 -2.6065388562457983 -2.6113610927525963 -2.6259784971638283 -2.6616931862923012 -2.692434944023139
-1.102151761015628 -1.1265643333312934 -1.1631831918047915 -1.2120083364361223 -1.2340097904983884 -1.2412431452585857 -1.2539015160889306 -1.2793689526404581 -1.3027266607202614 -1.3081516767904093 -1.3321121644335623 -1.3755122929947454 -1.4365437237839087 -1.5025480859707079 -1.5629767371965215 -1.5971844774166204 -1.6211449650597736 -1.635310284798493 -1.6470644862838135 -1.673888176852878 -1.7139730178156372 -1.7822378033649977 -1.8413102005732744 -1.8857651933703194 -1.9507146913212563 -2.027870475430026 -2.1035193106304213 -2.179770925394166 -2.242309305091704 -2.288120551906286 -2.3286574775415576 -2.3707013520852036 -2.4073202105587015 -2.445295323049737 -2.4829690457590967 -2.4868871129208703 -2.4864350282483576 -2.4814620968507226 -2.4877912822658947 -2.491257264755156 -2.5137108034899347 -2.5411372736223488
-1.0064605053338531 -1.0347911448112919 -1.0694509697039032 -1.1054670486140517 -1.1202351479161208 -1.1313865698380914 -1.1396747888341507 -1.1625804122414416 -1.188047848792969 -1.200706219623314 -1.2080902692743487 -1.2373250780968121 -1.2911231541257786 -1.3495927717707055 -1.419515201119278 -1.462915329680461 -1.4883827662319884 -1.512192558984304 -1.5274127429588855 -1.5483593327852898 -1.5797038700794774 -1.6143636949720888 -1.66258606004007 -1.70613688349209 -1.7647571960278545 -1.8393511669923877 -1.9258500343330787 -2.008430834511996 -2.083627585039879 -2.1279318829460867 -2.1714827063981073 -2.199210566312196 -2.229048154698009 -2.2558718452670736 -2.2885726365787984 -2.3081629723876658 -2.312533124221951 -2.3476450337870753 -2.361358268853282 -2.3502068469313118 -2.3447818308611637 -2.366331200250918
-0.9155914861588763 -0.9443742103088275 -0.972252765113754 -0.9936514396126707 -1.0049535564254788 -1.019118876164198 -1.0322293316670554 -1.0596558017994697 -1.0845204587876474 -1.0864794923685341 -1.0923565931111943 -1.1050149639415392 -1.146003974249323 -1.1954318984440038 -1.2641487686658766 -1.3105627950438083 -1.3495927717707055 -1.3735532594138586 -1.38877344338844 -1.4073089149614453 -1.4247895222985885 -1.4467909763608549 -1.4888348509045006 -1.523494675797112 -1.578196921171103 -1.647968655628838 -1.734467522969529 -1.8297066939787916 -1.9062596985242113 -1.950262606648744 -1.9903474476115033 -2.0058690213677597 -2.0206371206698286 -2.0546941659990905 -2.0889019062191894 -2.108944326700569 -2.1577694713319 -2.2007175152205702 -2.224225918191211 -2.217293953212689 -2.1983063969671717 -2.1919772115519986
-0.8281884494731608 -0.8428058538843926 -0.8652593926191712 -0.8726434422702058 -0.883342779519664 -0.8985629634942456 -0.9306609752426205 -0.9580874453750347 -0.9770750016205522 -0.9785819505289266 -0.9746638833671531 -0.9820479330181877 -1.0001313199186805 -1.0405175506631148 -1.1026038456881402 -1.1499220414110967 -1.1889520181379938 -1.2172826576154325 -1.232502841590014 -1.250586228490507 -1.268669615391 -1.288561340981542 -1.3149329468780941 -1.3482365177531686 -1.3901296974059771 -1.4600521267545497 -1.5289196918672598 -1.6235560833131726 -1.7090000864180015 -1.7608391288660812 -1.7939920048503182 -1.8061982910081507 -1.8164455435850968 -1.842817149481649 -1.8770248897017479 -1.9175618153370193 -1.9672911293133748 -2.0328434068276615 -2.0629823849951494 -2.069914349973672 -2.045953862330519 -2.039172592242834
-0.7329492784638982 -0.7436486157133566 -0.746210428857593 -0.748621547110992 -0.7588687996879381 -0.7778563559334556 -0.8144752144069537 -0.8535051911338508 -0.8726434422702058 -0.8628482743657722 -0.856971173623112 -0.8530531064613385 -0.8628482743657722 -0.8979601839308958 -0.9371408555486304 -0.9864180848524735 -1.0225848586534592 -1.0507648032400607 -1.061162750707844 -1.080602391625874 -1.1035080150331649 -1.1285233669121801 -1.1431407713234119 -1.1753894779626242 -1.2148715393620335 -1.270025869408537 -1.3388934345212473 -1.4077609996339575 -1.4936570874112989 -1.56011353427061 -1.593266410254847 -1.6093907635744533 -1.6093907635744533 -1.6285290147108082 -1.6542978410440106 -1.694834766679282 -1.7661134500453914 -1.8325698969047028 -1.8794360079551469 -1.8975193948556397 -1.8833540751169204 -1.8990263437640142
-0.6494643089399561 -0.6401212257080349 -0.6348469045287244 -0.6294218884585765 -0.6279149395502022 -0.6529302914292172 -0.6954262506453756 -0.7334013631364107 -0.756457681434539 -0.7495257164560167 -0.7275242623937503 -0.7231541105594647 -0.7403333281149329 -0.7632389515222239 -0.7939807092530617 -0.8271335852372987 -0.8604371561123731 -0.8726434422702058 -0.880931661266265 -0.8966039299133588 -0.9184546890847878 -0.9541693782132612 -0.9678826132794682 -0.9981722863377939 -1.0337362805754298 -1.0893426952944454 -1.1407296530700128 -1.2085423539468612 -1.2793689526404581 -1.3438663659188828 -1.380937309064893 -1.3975137470570116 -1.3901296974059771 -1.4009797295462727 -1.4341326055305097 -1.491698053830412 -1.5664427196857826 -1.6259672015665716 -1.6767513797787892 -1.7076438324004646 -1.7261793039734696 -1.7490849273807607
-0.5572390357474425 -0.5474438678430088 -0.5225792108548312 -0.5029888750459638 -0.48791938596221973 -0.5123319582778851 -0.5625133569267529 -0.6016940285444875 -0.6241475672792661 -0.6270107702051775 -0.6093794679771969 -0.6065162650512855 -0.6182704665366059 -0.6279149395502022 -0.6407240052713846 -0.6664928316045869 -0.6934672170644889 -0.7037144696414348 -0.7002484871521737 -0.7129068579825186 -0.7407854127874451 -0.7763494070250812 -0.7939807092530617 -0.8203523151496139 -0.8589302072039987 -0.8960011503500092 -0.9345790424043939 -0.9849111359440991 -1.0586009375636076 -1.1167691654268597 -1.1542921932453825 -1.1806637991419344 -1.195883983116516 -1.2100493028552355 -1.2514903978355316 -1.3033294402836113 -1.3574289060942524 -1.4151450492849922 -1.47180632823987 -1.5088772713858802 -1.549414197021152 -1.5952254438357338
-0.4711922530792638 -0.45069774792537187 -0.41362680477936153 -0.38183018281266157 -0.37067876089069096 -0.3887621477911838 -0.4234219726837951 -0.4565748486680321 -0.4809874209836975 -0.4942485713773923 -0.4916867582331558 -0.47465823556852493 -0.4809874209836975 -0.49033050421561886 -0.4956048253949292 -0.5069069422077372 -0.5274014473616292 -0.5367445305935505 -0.5356896663576884 -0.5463890036071467 -0.5674862883243884 -0.588884962823305 -0.6202295001174927 -0.6455462417781828 -0.675383830163996 -0.7061255878948338 -0.739730548551583 -0.7856924902570025 -0.8408468203035058 -0.8774656787770039 -0.9127282832329651 -0.9576353607025223 -0.9916924060317839 -1.0254480615793706 -1.0771364091366127 -1.129879620929717 -1.17975962979691 -1.2407910605860732 -1.3033294402836113 -1.3676761586711983 -1.4042950171446964 -1.4576410085011504
-0.3765558616333511 -0.34129325717739 -0.29985216219709376 -0.2514791022382753 -0.24273879856970382 -0.2710694380471427 -0.303318144686355 -0.33300503818133076 -0.35500649224359704 -0.37067876089069096 -0.3809260134676369 -0.3643495754755184 -0.3608835929862573 -0.34129325717739 -0.3443071549941388 -0.36525374482054307 -0.385748249974435 -0.39705036678724304 -0.40051634927650415 -0.40292746752990327 -0.4068455346916767 -0.4140788894518739 -0.4365324281866525 -0.47028808373423925 -0.4966596896307913 -0.5186611436930576 -0.54442997002626 -0.587528708805768 -0.6420802592889215 -0.6915081834836021 -0.7466625135301054 -0.7885556931829139 -0.8242703823113873 -0.8613413254573977 -0.9112213343245906 -0.9604985636284337 -1.0103785724956267 -1.0694509697039032 -1.1265643333312934 -1.2163784882704078 -1.281327986221345 -1.3506476360065676
