static/ASC_sea/1979/09/ERA5U/00.asc
ncols         201
nrows         201
xllcorner     105.0
yllcorner     0.0
cellsize      0.25
NODATA_value  -32767
[rows 0 to 18 of 201, columns 42 to 83 of 201]
2.128897393429938 1.9628316237270778 1.8715105198795887 1.7363372027984048 1.7289531531473699 1.7470365400478627 1.7923957021899326 1.8128902073438244 1.7987248876051052 1.7001704289974187 1.6386869135357431 1.489197581825002 1.3847660224746556 1.3416672836951473 1.2997741040423387 1.2821428018143586 1.2260843024228303 1.2001647811987908 1.182081394298298 1.2226183199335694 1.2343725214188896 1.2703886003290379 1.2655663638222399 1.2777726499800728 1.422289050293178 1.5536949951034262 1.6869092786037239 1.6522494537111128 1.6474272172043147 1.587299955760176 1.5683123995146582 1.5737374155848058 1.5258164402985 1.4589079087666763 1.3739159903343598 1.308966492383423 1.2836497507227327 1.228947505348742 1.1195430146007597 1.000946135511694 0.9091729469916927 0.9355445528882449
2.168831539501859 2.0389325435999854 1.947159355079984 1.8617153519751553 1.8802508235481603 1.897882125776141 1.9876962807152554 1.954995489403531 1.9271169345986043 1.8128902073438244 1.6386869135357431 1.491608700078401 1.3871771407280546 1.3461881304202705 1.3475443844378077 1.3294609975373148 1.2777726499800728 1.2152342702825345 1.1914244775302192 1.2343725214188896 1.286512953648644 1.333981844262438 1.3290089128648026 1.3455853508569209 1.4671961277627357 1.5990541572454962 1.7123767151552516 1.7054447501767294 1.69715653118067 1.640495252225792 1.6083972404774174 1.5800666009999784 1.5316935410411603 1.4325363028701241 1.4124938823887445 1.3470922997652954 1.289526851465393 1.221563455697707 1.1166798116748484 1.0018503048567189 0.9052548798299191 0.8651700388671599
2.225492818456737 2.138541866443534 2.0643999801515127 1.9715719273956493 1.9935733814579157 2.0341103070931874 2.146378000767081 2.113677209455356 2.0018616004539753 1.8012867007493416 1.6258778478145606 1.5493248432691409 1.5922728871578113 1.5576130622651998 1.5619832140994856 1.539529675364707 1.476539210994657 1.4135487466246068 1.3612576195040147 1.3612576195040147 1.414000831297119 1.4477564868447057 1.4521266386789915 1.4804572781564305 1.5995062419180084 1.729405237819882 1.8104790890904254 1.8041499036752529 1.7021294625783054 1.6718397895199801 1.6395910828807676 1.5931770565028358 1.4521266386789915 1.3427221479310096 1.3372971318608615 1.3470922997652954 1.2914858850462798 1.2226183199335694 1.1469694847331742 1.0942262729400698 0.9974801530224331 0.8954597119254857
2.246590103173979 2.191285078236638 2.1175952766171298 2.1068959393676714 2.1341717146092476 2.1762155891528936 2.2034913643944707 2.204546228630333 2.09755285613575 1.9022522776104267 1.7420636086502272 1.7352823385625424 1.7845595678663855 1.8475500322364355 1.8501118453806724 1.8266034424100315 1.7954096000066813 1.7523108612271734 1.7040884961591922 1.6718397895199801 1.6347688463739696 1.6014652754988952 1.6053833426606687 1.6249736784695357 1.7631608933674692 1.8969779564311164 1.942337118573186 1.8706063505345643 1.738296236379291 1.7074037837576161 1.645468183623428 1.5731346360214562 1.4272619816908139 1.2416058761790867 1.2465788075767226 1.2581823141712054 1.2504968747384957 1.2025758994521898 1.1195430146007597 1.0936234933767202 1.109295762023814 1.0116454727611524
2.0018616004539753 2.0502346604127935 2.13522657884511 2.2167525147881655 2.225492818456737 2.2006281614685594 2.1454738314220556 2.228958800945998 2.279290894485703 2.0585228794088524 1.9066224294447125 1.8475500322364355 1.8793466542031358 1.927719714161954 1.95740660765693 1.9828740442084574 2.0101498194500342 1.9510774222417575 1.8510160147256969 1.8163561898330853 1.8109311737629377 1.7826005342854987 1.7899845839365336 1.8061089372561396 1.8852237549457957 1.9076772936805744 1.8891418221075693 1.8172603591781102 1.7431184728860896 1.727898288911508 1.6620446216155462 1.5273233892068745 1.356887467669729 1.1757522088831254 1.1435035022439128 1.1406402993180016 1.1430514175714006 1.0942262729400698 1.0380170786577045 1.1142686934214494 1.1733410906297264 1.1337083343394794
1.8222332905757457 1.9168696820216586 2.0467686779235326 2.1328154605917113 2.1600912358332875 2.1097591422935826 2.2006281614685594 2.2568373557509247 2.0277811216780144 1.861263267302643 1.736789287470917 1.78606651677476 1.8344395767335786 1.8852237549457957 1.9042113111913135 1.9174724615850083 1.9222946980918063 1.861263267302643 1.7489955736287495 1.7572837926248088 1.8153013255972235 1.9432412879182104 2.0014095157814626 2.0419464414167345 2.0859493495412673 2.0243151391887535 1.8867307038541703 1.7631608933674692 1.6977593107440196 1.7182538158979115 1.6225625602161367 1.4857315993357407 1.3100213566192849 1.1713820570488396 1.0438941794003644 1.0726769035503156 1.067251887480168 1.0120975574336646 1.0229475895739604 1.0634845152092318 1.167463989887066 1.221563455697707
1.8861279242908207 1.950173252896733 2.0454124239059954 2.077058350981858 2.0663590137323995 2.0033685493623494 2.014067886611808 2.004272718707374 1.9174724615850083 1.7841074831938732 1.6474272172043147 1.7494476583012617 1.827507611755056 1.8924571097059932 1.8651813344644161 1.8348916614060908 1.851468099398209 1.8344395767335786 1.78606651677476 1.7684352145467794 1.8324805431526918 2.025370003424616 2.1522551015097404 2.2455352389381167 2.169434319065209 2.0229588851712164 1.781244280267962 1.6361251003915067 1.5672575352787963 1.6136715616567276 1.5179803059749528 1.3847660224746556 1.2938970032996788 1.221563455697707 1.152846585475834 1.1347631985753412 1.1151728627664743 1.1040214408445033 1.1186388452557352 1.1552577037292335 1.2260843024228303 1.281690717141846
2.024917918752103 2.0537006429020543 2.049330491067769 2.0116567683584083 1.9848330777893441 1.9467072704074717 1.9735309609765361 1.9804629259550584 1.9238016470001809 1.8241923241566325 1.6912794304380097 1.7880255503556468 1.8871827885266825 1.9887511449511177 1.9497211682242204 1.895471007522742 1.925308595908555 1.9111432761698357 1.8758806717138745 1.8745244176963378 1.9521322864776194 2.219163633041564 2.282606182084127 2.314402804050827 2.219163633041564 2.029740155258901 1.781244280267962 1.6424542858066788 1.55173596152254 1.5345567439670715 1.4540856722598783 1.3656277713383005 1.3276526588472655 1.2627031608963286 1.2113162031207614 1.1454625358247996 1.1151728627664743 1.1225569124175088 1.18841057971347 1.250948959411008 1.3392561654417483 1.3978764779775126
2.1810378256596916 2.127390444521563 2.1049369057867846 2.0659069290598877 2.0482756268319067 2.0497825757402808 2.0698249962216604 2.0907715860480653 2.0971007714632375 1.9979435332922015 1.8769355359497368 1.9545434047310188 2.0521936939936802 2.0580707947363406 1.9340488995771266 1.8544819972149582 1.8871827885266825 1.9174724615850083 1.9155134280041215 2.0179859537735814 2.214341396534766 2.4290816159781192 2.400298891828168 2.1713933526460956 2.1166911072721044 1.9438440674815605 1.8373027796594898 1.6718397895199801 1.5766006185107175 1.5502290126141653 1.4979378854935732 1.4227411349656907 1.352517315835443 1.287115733211994 1.23376974185554 1.1947397651286427 1.1927807315477559 1.2064939666139634 1.2729504134732743 1.3573395523422411 1.4491127408622428 1.5101441716514061
2.3529806961052113 2.298730535403733 2.2411650871038304 2.1927920271450123 2.175311419807869 2.2182594636965396 2.199723992123535 2.211327498718018 2.190380908891613 2.1581322022524008 2.0707291655666857 2.1328154605917113 2.108854972948558 2.0502346604127935 1.921842613419294 1.7655720116208682 1.7324191356366312 1.7631608933674692 1.8344395767335786 2.2411650871038304 2.4384246992100405 2.5389381913986133 2.2167525147881655 1.9656948266529894 1.9174724615850083 1.9066224294447125 1.8407687621487507 1.6820870420969258 1.605835427333181 1.6077944609140677 1.5609283498636237 1.5214462884642141 1.4168640342230303 1.3510103669270686 1.310473441291797 1.2993220193698265 1.2973629857889397 1.3065553741300235 1.3470922997652954 1.4266592021274638 1.5238574067176132 1.612315307639191
2.4999082146717164 2.4580150350189083 2.384174538508562 2.3281160391170337 2.3056625003822555 2.368050185188956 2.3495147136159504 2.304607636146393 2.244631069593092 2.2119302782813675 2.1893260446557514 2.220670581949939 2.196710094306786 2.1064438546951587 1.9628316237270778 1.8056568525836274 1.6977593107440196 1.7045405808317045 1.7904366686090458 2.2343838170161456 2.543911122796249 2.563953543277629 2.240110222867969 1.8320284584801791 1.7719011970360403 1.7612018597865824 1.781244280267962 1.689923176420473 1.6132194769842154 1.6674696376856943 1.621959780652787 1.5824777192533774 1.4804572781564305 1.447153707281356 1.4144529159696313 1.4042056633926852 1.4135487466246068 1.4290703203808632 1.4696072460161347 1.450619689770617 1.5258164402985 1.61472642589259
2.6487947668191074 2.6069015871662993 2.4266704977247207 2.3300750726979205 2.3076215339631423 2.4013537560640303 2.437369834974178 2.392010672832109 2.329472293134571 2.2817020127391023 2.2587963893318115 2.2899902317351613 2.262563761602747 2.18058574098718 2.0375762895824483 1.9257606805810676 1.7664761809658927 1.773860230616927 1.9497211682242204 2.3329382756238317 2.6439725303123094 2.552199341792308 2.215697650552303 1.803095039439391 1.7333233049816557 1.6879641428395862 1.7104176815743648 1.6347688463739696 1.6410980317891422 1.7089107326659903 1.661592536943034 1.5663533659337714 1.4774433803396814 1.4442905043554444 1.4549898416049027 1.4828683964098295 1.4920607847509133 1.5277754738793867 1.4848274299907163 1.463278060600962 1.5199393395558396 1.621959780652787
2.6450273945481717 2.5561174089540817 2.3529806961052113 2.253371373261664 2.279290894485703 2.3930655370679714 2.4452059692977253 2.4867977591688595 2.4540969678571347 2.4057239078983157 2.35192583186935 2.34363761287329 2.316361837631714 2.2123823629538792 2.1405009000244206 2.0404394925083595 1.944748236826585 2.091223670720577 2.2899902317351613 2.552651426464821 2.453494188293785 2.3168139223042257 2.0101498194500342 1.8577972848133817 1.8076158861645142 1.7616539444590946 1.7396524903968282 1.7498997429737744 1.7568317079522966 1.7612018597865824 1.6297959149763341 1.5292824227877613 1.4355502006868728 1.4589079087666763 1.476539210994657 1.5258164402985 1.5530922155400766 1.598602072572984 1.5493248432691409 1.5146650183765293 1.570271433095545 1.6727439588650046
2.4837838613521104 2.4412879021359517 2.3089777879806794 2.269043641908757 2.2860721645733877 2.4257663283796953 2.532609005983441 2.6064495024937866 2.587763336029944 2.542404173887875 2.4901130467672825 2.444301799952701 2.3529806961052113 2.2137386169714164 2.178626707406293 2.2099712447004807 2.3285681237895464 2.4774546759369374 2.5903251491741806 2.422752430562947 2.2782360302498414 2.0487277115044193 1.9809150106275706 1.9222946980918063 1.9257606805810676 1.9467072704074717 1.9477621346433336 1.9955324150388025 1.972174706958999 1.8734695534604755 1.6958002771631329 1.5478178943607663 1.483772565754854 1.5223504578092386 1.617137544145989 1.6258778478145606 1.6483313865493392 1.684950245022837 1.6737988231008665 1.6742509077733791 1.7104176815743648 1.7518587765546607
2.471577575194278 2.526279820568268 2.490715826330632 2.374530065494966 2.347103595362552 2.4316434291223556 2.6210669069050185 2.7328825159063994 2.752924936387779 2.6860164048559554 2.6225738558133935 2.537581937381076 2.4281774466330948 2.329020208462059 2.327513259553684 2.411601008640976 2.579475117033885 2.649397546382458 2.624984974066792 2.3490626289434386 2.1649134723400856 2.0711812502391975 2.065304149496537 2.0116567683584083 1.90029324402954 2.0018616004539753 2.0951417378823507 2.191887857799988 2.113677209455356 1.960872590146191 1.7376934568159415 1.635673015718994 1.5820256345808652 1.5785596520916043 1.5859437017426388 1.602520139734757 1.6293438303038215 1.684950245022837 1.745077506466976 1.8095749197454005 1.828110391318406 1.8388097285678644
2.5824890148506343 2.6986747756863005 2.623478025158418 2.3656390669355565 2.2812499280665897 2.3885446903428473 2.6825504223666945 2.791502828442164 2.7954208956039377 2.697770606341276 2.6450273945481717 2.5722417622736877 2.4759477270285632 2.4702213211767408 2.5107582468120118 2.5868591666849197 2.7631721889647256 2.813956367176943 2.74463671739172 2.4726324394301393 2.2943603835694475 2.208012211119594 2.2137386169714164 2.1958059249617614 2.144418967186194 2.189928824219101 2.24357620535723 2.316361837631714 2.183599638803928 2.0101498194500342 1.8017387854218538 1.694745412927271 1.6347688463739696 1.6225625602161367 1.596190954319585 1.604931257988156 1.6517973690386005 1.7143357487361384 1.7749150948527894 1.833987492061066 1.9046633958638257 1.9408301696648114
2.8022021656916225 2.71871719616768 2.573145931618712 2.197764958542648 2.203039279721958 2.324197971955261 2.5936404367726045 2.593188352100092 2.593188352100092 2.5853522177765456 2.485742894932997 2.4155190758027496 2.3813113355826507 2.459974068599795 2.52145758406147 2.6176009244157576 2.7889410152979277 2.8392731088376326 2.767090256126499 2.5775160834529984 2.4207933969820603 2.348610544270926 2.2924013499885607 2.2714547601621566 2.28064714850324 2.2025871950494462 2.2054503979753575 2.1664204212484606 2.101018838625011 1.9545434047310188 1.7948068204433316 1.7119246304827394 1.6624967062880585 1.6713877048474675 1.664003655196433 1.681032177861064 1.7411594393052028 1.76014699555072 1.8115339533262873 1.871962604552101 1.9741337405398858 2.0127116325942707
2.92773100975921 2.7616652400563506 2.4495761211320115 2.0633451159156504 2.0892646371396904 2.204546228630333 2.4286295313056065 2.439328868555065 2.481372743098711 2.513621449737924 2.408587110824227 2.3525286114326995 2.335952173440581 2.422752430562947 2.5062374000868886 2.589722369610831 2.772364577305809 2.8442460402352685 2.785625727699504 2.6034356046770384 2.4735366087751647 2.39547665532137 2.3525286114326995 2.315909752959201 2.2963194171503343 2.2147934812072787 2.101018838625011 2.003820634034862 1.9545434047310188 1.918828715602545 1.8290145606634305 1.7703942481276662 1.7352823385625424 1.7215691034963354 1.7206649341513105 1.7518587765546607 1.8115339533262873 1.8085200555095386 1.814397156252199 1.8593042337217562 1.947159355079984 1.9726267916315117
2.896989252028372 2.6629600865578276 2.349966798288463 1.9647906573079645 2.010752599013384 2.1263355802857014 2.3285681237895464 2.3880926056703355 2.4301364802139815 2.558528527207481 2.5194985504805834 2.4628372715257063 2.447165002878612 2.4818248277712236 2.565309797295166 2.68692057420098 2.854493292812214 2.9266761455233485 2.799791047438223 2.5595833914433426 2.429684395541469 2.345596646454177 2.3442403924366406 2.3076215339631423 2.3329382756238317 2.209368465137131 2.0951417378823507 1.9521322864776194 1.9072252090080621 1.8715105198795887 1.869551486298702 1.8641264702285543 1.8290145606634305 1.8211784263398838 1.8231374599207706 1.8549340818874704 1.8666882833727907 1.8241923241566325 1.8300694248992928 1.8348916614060908 1.8817577724565349 1.9072252090080621
