static/ASC_sea/1979/04/ERA5U/00.asc
ncols         201
nrows         201
xllcorner     105.0
yllcorner     0.0
cellsize      0.25
NODATA_value  -32767
[rows 0 to 18 of 201, columns 0 to 41 of 201]
-0.11594245881772203 -0.18080281394176234 -0.19696861673863575 -0.09346805005133696 -0.05344783093224814 -0.07335936852351921 -0.029001982800390902 0.10623875767101287 0.2874140353579224 0.2645453387184431 0.2341851724901689 0.1210245529120555 0.24975954347740048 0.34162861790841204 0.5744556069706976 0.724482142683144 0.7576023240230798 0.7053591808380624 0.7347336273836005 0.9671663285727914 1.3176882477537766 1.2601222182819836 1.2088647947797022 1.1473558865769649 1.3226168461674574 1.5388837445597754 1.539869464242511 1.366579944017491 1.2849623542869355 1.2820051952387268 1.2766823089519512 1.2029504766832853 1.1146299931101238 1.1365129700668666 1.2782594604443291 1.372494262113908 1.415274496344658 1.4012772768498043 1.4505632609866135 1.520746502397429 1.6214870539730666 1.6141927283208193
-0.25847752494137355 -0.2931748577736868 -0.1926314501345967 -0.16463701114488938 -0.12422250415270586 -0.22673735115726856 -0.06113644445759059 0.07509001569654972 0.3469515041951876 0.38362027639297347 0.34754293600482944 0.24404236931753065 0.35523154953017144 0.5496154709657461 0.7840196115204092 0.86169432252002 0.6742104388635988 0.62137586386894 0.6864333629295274 0.9208375034841909 1.2654451045687591 1.205907635731494 1.1790960603610698 1.1897418329346205 1.3659885122078492 1.500243532996517 1.3099996342284341 1.1361186821937723 1.008566555247711 0.945086207679501 0.9364118744714225 0.8719458072204764 0.9318775639308359 1.0663297286560507 1.2082733629700608 1.3001424374010724 1.2938338314315607 1.279048036190518 1.302113876766545 1.3494284215378816 1.446226094382574 1.4489861094942356
-0.21116298017003698 -0.15734268549264163 -0.05640498998045684 -0.13979687513993744 -0.23166594957094944 -0.3653295385499753 -0.1739027761626093 0.08435578071426963 0.3469515041951876 0.3842117082026153 0.2180193696932955 0.4407920179916718 0.5525726300139544 0.8441485121673162 0.7668680890407997 0.7883567781244483 0.5701184403666586 0.5989014551025549 0.784611043330051 1.020395191440545 1.1605645303256296 1.1262614853664106 1.1000413418056283 1.1361186821937723 1.111672834061915 1.210244802335533 1.0207894793136396 0.9500148060931819 0.8597228831545478 0.795651103776696 0.8236455427664038 0.8382341940708993 0.8987573825909005 1.0393210093490794 1.0442496077627603 1.1169957203486907 1.1160100006659541 1.1814617875996367 1.2425764079292798 1.2902852405737106 1.3543570199515624 1.413500200915733
-0.029987702483126988 -0.0567992778535511 -0.12363107234306403 -0.26872900964182955 -0.3556694856591607 -0.4138269469405951 -0.21017726048730045 0.05557276597837335 0.28603402780209164 0.3280256862866531 0.10781590916339079 0.46070355558294285 0.7136392261730462 1.0052151083264076 0.9096002991009984 0.6395131060312855 0.7185678245867271 0.7552365967845129 1.0257180777273205 1.014480873344128 1.0637668574809367 1.0476010546840633 1.0355752745546822 1.0560782439555947 1.0217751989963757 0.9255689579613247 0.81536549743142 0.7499137104977374 0.7601651951981938 0.8699743678550043 0.9373975941541586 0.9612520104763744 0.947649078854615 0.9730806466692083 0.9724892148595665 0.9651948892073188 0.9734749345423026 1.041292448714552 1.1652959848027633 1.2303534838633512 1.300536725274167 1.3537655881419206
-0.043590634104886394 -0.23994599490593327 -0.27937478221538026 -0.21254298772586733 -0.19539146524625783 -0.2906119865985728 -0.2310745177613076 -0.12915110256638673 0.2347766042998103 0.3601601479438523 0.3518801026088685 0.5882556825290042 0.7899339296168262 0.992992184260479 0.8670172088067956 0.6511445982875723 0.9446919198064063 1.2406049685638072 1.3738742696697388 1.2782594604443291 1.1205443112065407 1.08919842529553 1.059823978749992 1.0690897437677123 0.9886550176564399 0.8441485121673162 0.7156106655385184 0.6531160376530449 0.7181735367136324 0.8768744056341573 1.0408981608414574 1.0525296530977442 1.0134951536613919 0.9506062379028233 0.9301032685019108 0.9285261170095329 0.8904773372559167 0.8713543754108346 0.9301032685019108 0.9949636236259516 1.0554868121459529 1.0842698268818491
-0.21589443464717029 -0.3292521981618308 -0.10174809538632079 0.10722447735374896 0.3075227168857406 0.08534150039700572 -0.12126534510449716 -0.2829233730732308 0.010623948445603215 0.40609468515935854 0.6458217120007972 0.8303484366090097 0.9582948514281657 0.9328632836135724 0.8620886103931147 0.7357193470663366 1.111672834061915 1.5032006920447252 1.477966268166679 1.379197155956514 1.2323249232288234 1.1913189844269985 1.141441568480548 1.0872269859300578 1.0115237142959193 0.9202460716745491 0.7694309602159137 0.7313821804622975 0.7552365967845129 1.0056093961995023 1.1668731362951412 1.213793393193383 1.115024280983218 1.0028493810878412 0.9695320558113583 0.9066431400527901 0.8269969896877067 0.7694309602159137 0.7591794755154577 0.824039830639498 0.8392199137536354 0.855780004423603
-0.1926314501345967 -0.25690037344899563 -0.18612570022853792 0.021269721019154364 0.305551277520268 0.3627230191189663 0.21269648340651992 -0.24724032055818101 -0.08656801227218391 0.24404236931753065 0.6746047267366935 0.9533662530144849 1.1248814778105798 1.1447930154018509 1.0545010924632168 0.7893424978071848 1.1268529171760524 1.4807262832783405 1.410937329740619 1.306451043370584 1.1721960225819164 1.2323249232288234 1.2191162794801587 1.115024280983218 1.0091579870573524 0.9046717006873175 0.8471056712155245 0.8709600875377403 0.9427204804409341 1.084861258691491 1.1652959848027633 1.1765331891859558 1.1083213871406121 1.0330124033795682 1.0008779417223685 0.9715034951768304 0.9592805711109018 0.9383833138368947 0.9338490032963085 0.9525776772682959 0.9358204426617807 0.926160389770966
-0.2456631690658031 -0.27838906253264417 -0.38583250795088775 -0.3048063500299736 -0.06468503531544068 0.13600749208964524 0.18056202174932068 -0.12067391329485577 -0.029001982800390902 0.19377066549798538 0.5935785688157798 0.8845630191594993 1.110687114379179 1.07993266027781 0.9744606542250391 0.7288193092871831 1.1053642280924034 1.4955120785193832 1.4192173750756027 1.2869337936524077 1.1282329247318827 1.1834332269651089 1.2362678019597682 1.2733308620306483 1.1863903860133176 1.1126585537446512 1.0158608808999583 1.0018636614051046 0.9646034573976774 0.9539576848241267 0.9925978963873847 0.9945693357528569 0.9983150705472545 0.9681520482555275 0.9886550176564399 1.0306466761410014 1.0633725696078424 1.0657382968464093 1.0838755390087549 1.109701394696443 1.1077299553309703 1.1028013569172894
-0.12619394351817803 -0.1841542608630653 -0.3057920697127101 -0.23797455554046065 -0.12560251170853665 -0.050490671884039884 -0.029001982800390902 -0.03570487664299682 0.09362154573198955 0.3098884441243075 0.660016075432198 0.9393690335196312 1.1761389013128611 1.0022579492781993 0.7893424978071848 0.6663246814017096 1.0637668574809367 1.511480737379709 1.38018287563925 1.2439564154851102 1.049572494049536 1.0793412284681683 1.1302043640973554 1.2557850516779445 1.2356763701501263 1.1652959848027633 1.053121084907386 1.0038351007705772 0.9843178510524009 0.9833321313696648 0.9758406617808695 0.9543519726972209 0.9774178132732474 1.0408981608414574 1.1014213493614586 1.142427288163284 1.1848132345209397 1.2025561888101906 1.2210877188456308 1.238633529198335 1.244547847294752 1.2390278170714293
0.22551083928209037 0.13995037082059003 0.017326842288209576 0.019298281653681748 0.12240456046788628 0.17169054460469502 0.24147949814241665 0.34360005727388465 0.4681950251717377 0.6292616213308291 0.9582948514281657 1.2390278170714293 1.244547847294752 0.7112734989344793 0.4973723277807287 0.6259101744095261 0.9935836160701208 1.4162602160273945 1.2782594604443291 1.181067499726542 1.0290695246486234 1.021380911123281 0.9925978963873847 1.0793412284681683 1.0720469028159205 1.0878184177396997 1.0306466761410014 0.9807692601945504 1.0345895548719457 1.0535153727804807 1.046221047128233 1.0296609564582648 1.1136442734273873 1.1840246587747507 1.2165534083050447 1.241984976119638 1.2825966270483686 1.3127596493400957 1.3454855428069368 1.3527798684591845 1.3582998986825072 1.3567227471901293
0.9027002613218453 0.5419268574404037 0.3069312850760988 0.30890272444157096 0.2347766042998103 0.3534572541012464 0.42324620763896803 0.7341421955739587 0.8396142016267296 1.0012722295954632 1.240999256436902 1.2650508166956644 1.2551936198683027 0.7284250214140888 0.5344353878516088 0.7126535064903101 1.0819040996432827 1.1867846738864118 1.0769755012296014 0.97938925263872 0.9860921464813259 0.9050659885604122 0.8762829738245155 0.9153174732608682 0.9959493433086877 1.012115146105561 1.0056093961995023 1.0365609942374183 1.0878184177396997 1.0974784706305143 1.0842698268818491 1.085846978374227 1.1702245832164442 1.2952138389873915 1.279048036190518 1.3044796040051119 1.332276899058272 1.3630313531596405 1.3957572466264816 1.3616513456038102 1.414485920598469 1.4129087691060915
1.3655942243347545 0.9989065023568964 0.691756249216303 0.40313752611114984 0.2801197097056747 0.43546913170489665 0.6302473410135652 1.0267037974100566 1.1288243565415246 1.0951127433919474 1.1238957581278437 1.1477501744500591 1.177518908868692 1.012115146105561 0.8167455049872503 0.8944202159868615 0.884168731286405 0.9813606920041922 0.9021088295122035 0.8699743678550043 0.8997431022736366 0.8177312246699864 0.7850053312031453 0.827391277560801 0.9105860187837345 1.0022579492781993 1.0481924864937051 1.0793412284681683 1.1315843716531857 1.0608096984327284 1.047206766810969 1.0320266836968317 1.1633245454372907 1.2908766723833525 1.2766823089519512 1.3265597248984022 1.3519912927129956 1.375845709035211 1.3230111340405517 1.2528278926297358 1.3084224827360562 1.4221745341238115
1.603349811810721 1.3870829134184035 1.174167461947389 0.8825915797940271 0.6389216742216437 0.6893905219777361 0.8845630191594993 1.1311900837800914 1.0945213115823056 1.0458267592551382 0.9856978586082312 0.9724892148595665 1.0345895548719457 1.0442496077627603 1.1345415307013944 1.1126585537446512 1.0604154105596337 1.014480873344128 0.9661806088900553 0.9334547154232138 0.8845630191594993 0.7810624524722005 0.7479422711322652 0.8250255503222341 0.883183011603669 0.9774178132732474 1.022366630806017 1.0604154105596337 1.1341472428283002 1.041292448714552 0.9529719651413902 0.8739172465859486 1.0105379946131832 1.1668731362951412 1.240999256436902 1.2912709602564467 1.3513998609033537 1.3782114362737778 1.3249825734060243 1.243562127612016 1.277273740761593 1.3943772390706513
1.6327242583562591 1.4803319954052458 1.4158659281542998 1.3167025280710405 1.205907635731494 1.169238863533708 1.1443987275287562 1.1512987653079096 1.0736240543082984 1.0393210093490794 0.9973293508645185 0.9925978963873847 0.9354261547886864 0.9866835782909678 1.1110814022522733 1.2141876810664778 1.2605165061550783 1.2277906126882367 1.1629302575641964 1.0809183799605462 0.9963436311817824 0.9007288219563727 0.8577514437890756 0.9011231098294674 0.9543519726972209 0.9602662907936379 0.9168946247532461 0.9397633213927254 1.0373495699836073 0.9973293508645185 0.9129517460223013 0.7850053312031453 0.8958002235426918 1.0389267214759852 1.1278386368587885 1.219510567353253 1.3265597248984022 1.434988889999382 1.4964977982021193 1.532969426463358 1.4998492451234222 1.467714783466223
1.5530781079911757 1.4671233516565811 1.4069944510096741 1.3655942243347545 1.4353831778724762 1.470474798577884 1.4383403369206849 1.2557850516779445 1.1633245454372907 1.177518908868692 1.2400135367541654 1.1887561132518845 0.9979207826741598 0.8293627169262736 0.8055083006040578 0.9730806466692083 1.170816015026086 1.2439564154851102 1.187770393569148 1.078946940595074 0.9549434045068628 0.827391277560801 0.7909196492995627 0.8567657241063391 1.0140865854710333 0.9939779039432155 0.957900563555071 0.8821972919209329 0.9569148438723349 0.945086207679501 0.8577514437890756 0.8283769972435375 0.8885058978904441 1.0316323958237374 1.120938599079635 1.2528278926297358 1.408571602502052 1.5994069330797767 1.694233166558997 1.7161161435157397 1.6175441752421222 1.550120948942967
1.2591364985992475 1.237056377705957 1.205907635731494 1.1585930909601574 1.371508542431172 1.5355322976384715 1.6185298949248579 1.3845200422432895 1.2313392035460873 1.1735760301377471 1.3586941865556015 1.404234435898013 1.285553786096577 0.9119660263395652 0.7053591808380624 0.7108792110613846 0.9866835782909678 1.07993266027781 0.9856978586082312 0.8216741034009312 0.6501588786048362 0.4837693961589693 0.42324620763896803 0.5344353878516088 0.8055083006040578 0.947649078854615 1.0018636614051046 0.9456776394891424 0.9651948892073188 0.9090088672913565 0.7869767705686179 0.730396460779561 0.813788345939042 1.0310409640140956 1.2492793017718857 1.4525347003520857 1.6234584933385388 1.7312962266298775 1.7346476735511804 1.656578674678475 1.536518017321208 1.5140436085548235
1.018818039948167 1.1453844472114922 1.1530730607368347 1.1365129700668666 1.2204962870359894 1.3602713380479794 1.4964977982021193 1.3655942243347545 1.244547847294752 1.213793393193383 1.3001424374010724 1.3368112095988582 1.3044796040051119 1.0418838805241935 0.8723400950935707 0.8885058978904441 1.1179814400314267 1.177518908868692 0.9847121389254951 0.7043734611553258 0.5007237747020317 0.29667980037564234 0.22886228620339333 0.34754293600482944 0.6688875525768236 0.8758886859514212 0.9354261547886864 0.8611028907103786 0.9446919198064063 0.9198517838014548 0.8626800422027565 0.7229049911907661 0.7830338918376731 0.9856978586082312 1.2766823089519512 1.4915691997884384 1.6575643943612106 1.7293247872644044 1.7346476735511804 1.6780673637621235 1.6374557128333929 1.6555929549957384
0.9651948892073188 1.0915641525340969 1.1976275903965097 1.238633529198335 1.2567707713606806 1.267022256061137 1.3567227471901293 1.3084224827360562 1.2879195133351438 1.241984976119638 1.2277906126882367 1.1633245454372907 1.1288243565415246 0.9935836160701208 1.0233523504887536 1.0828898193260188 1.1980218782696044 1.1361186821937723 0.9671663285727914 0.7566166043403433 0.5886499704020984 0.3968289201416382 0.33039141352521995 0.3972232080147329 0.6507503104144781 0.7810624524722005 0.7786967252336341 0.7033877414725898 0.8431627924845801 0.9573091317454296 0.9582948514281657 0.8581457316621699 0.883183011603669 1.0383352896663434 1.2297620520537094 1.369931390938794 1.5375037370039446 1.6711673259829705 1.823165301060889 1.866142679228186 1.8821113380885124 1.9511117158800446
1.0105379946131832 1.1615502500083656 1.2680079757438731 1.350019853347523 1.2273963248151425 1.237056377705957 1.3299111718197052 1.4515489806693496 1.4310460112684371 1.310788209974623 1.0750040618641292 1.0101437067400885 0.9738692224153973 1.0974784706305143 1.1272472050491467 1.2869337936524077 1.2425764079292798 1.180081780043806 1.015466593026864 0.9403547532023673 0.7714023995813863 0.6580446360667258 0.5935785688157798 0.6604103633052922 0.7264535820486162 0.7274393017313527 0.724482142683144 0.7321707562084865 0.9245832382785886 1.0399124411587213 1.051543933415008 1.0895927131686247 1.1146299931101238 1.2141876810664778 1.1487358941327952 1.2898909527006164 1.4852605938189267 1.7586992338099425 1.9114857846340505 2.1052782742599834 2.1673786142723626 2.2361818481273477
