static/ASC_sea/1979/04/ERA5U/00.asc
ncols         201
nrows         201
xllcorner     105.0
yllcorner     0.0
cellsize      0.25
NODATA_value  -32767
[rows 0 to 18 of 201, columns 126 to 167 of 201]
-0.08794801982801426 0.0037239106664501698 -0.0006132559375888746 -0.038267747818111264 0.035464084450555156 0.10880162884612687 0.20402215019844183 0.3402486103525817 0.4490720633266556 0.4989494792731062 0.6371473787927187 0.717582104903991 0.7942710962208657 0.7321707562084865 0.5628241147144109 0.5082152442908265 0.458337828344376 0.46957503272756806 0.4378348589434631 0.3822402688371427 0.4246262151947984 0.34655721632209335 0.0066810697146588716 0.1610447720311443 0.6130958185339557 0.631627348569396 0.6355702273003407 0.26789678563974606 0.4348776998952548 0.7043734611553258 0.4666178736793598 0.5178752971816412 0.43349769233942403 0.5472497437271793 0.48416368403206356 0.4999351989558427 0.47746079018945764 0.47194075996613494 0.46326642675805685 0.4494663511997503 0.47194075996613494 0.4788407977452884
-0.2456631690658031 -0.15339980676169684 -0.0704022094753105 0.02481831187700445 0.103873030432446 0.18154774143205676 0.305551277520268 0.4569578207885452 0.5661755616357138 0.7000362945512868 0.6702675601326544 0.7512937180535681 0.7684452405331776 0.6501588786048362 0.4808122371107606 0.4271890863699124 0.454986381423073 0.5559240769352574 0.5241839031511524 0.48022080530111877 0.5882556825290042 0.5095952518466569 0.09362154573198955 0.2367480436652829 0.6911648174066611 0.7098934913786485 0.436849139260727 -0.24191743427140544 -0.07335936852351921 0.4636607146311511 0.9168946247532461 0.9685463361286217 0.8236455427664038 0.7546451649748711 0.6887990901680943 0.6970791355030781 0.656664628510895 0.6379359545389076 0.6292616213308291 0.6361616591099826 0.6286701895211877 0.6361616591099826
-0.15142836739622423 -0.12717966320091456 -0.07533080788899138 0.020875433146059663 0.14152752231296795 0.24207092995205803 0.366468753913364 0.5168895774989046 0.7020077339167594 0.8471056712155245 0.7850053312031453 0.6878133704853582 0.6468074316835333 0.528718213691739 0.3524715344185103 0.1917992261325132 0.2195965211856734 0.41772617741564533 0.5876642507193623 0.5506011906484822 0.6673104010844457 0.6156586897090701 0.17799915057420668 0.3217170803171414 0.7605594830712881 0.784611043330051 0.5101866836562987 -0.3331950768927756 -0.41816411354463456 0.12831887856430324 0.6590303557494619 0.9549434045068628 0.9271461094537026 0.8577514437890756 0.8749029662686851 0.8425713606749383 0.8015654218731134 0.7995939825076408 0.8031425733654913 0.8133940580659473 0.8011711340000187 0.7986082628249047
-0.08893373951075079 -0.06941648979257442 -0.06409360350579885 0.11511023481563853 0.2444366571906249 0.34261433759114857 0.4064889730324528 0.5194524486740191 0.7098934913786485 0.8689886481722677 0.7522794377363042 0.6511445982875723 0.6081672201202748 0.5300982212475698 0.34261433759114857 0.10623875767101287 -0.050490671884039884 0.21072504404104775 0.3928860414106934 0.5549383572525213 0.6404988257140216 0.5886499704020984 0.20678216531010296 0.41634616985981454 0.8567657241063391 0.8802258525554603 0.6746047267366935 -0.07138792915804659 -0.1754799276549872 0.026789751242476623 0.26986822500521823 0.5555297890621631 0.7341421955739587 0.8733258147763072 0.9358204426617807 0.9163031929436043 0.9441004879967645 0.9833321313696648 0.9851064267985898 0.9691377679382636 0.9661806088900553 0.9632234498418466
-0.13348826917042578 -0.10667669380000167 0.012595387811075831 0.245422376873361 0.4851494037148001 0.5511926224581241 0.6160529775821644 0.6604103633052922 0.7298050289699196 0.7733738389468585 0.6659303935286149 0.62137586386894 0.7459708317667926 0.6702675601326544 0.5036809337502399 0.09657870478019825 -0.1050995423076242 0.13403605272417307 0.3152113304110826 0.4973723277807287 0.48909228244574443 0.48672655520717756 0.327039966603917 0.5736670312245087 0.9172889126263408 0.7648966496753276 0.5115666912121295 0.08869294731830868 0.09756442446293434 0.25074526316013657 0.3518801026088685 0.4808122371107606 0.7211306957618411 0.8693829360453624 0.9730806466692083 1.0355752745546822 1.0852555465645857 1.1093071068233482 1.1057585159654981 1.0960984630746835 1.1156157127928599 1.1238957581278437
-0.15793411730228302 -0.10904242103856854 0.10683018948065426 0.34162861790841204 0.500329486828937 0.623938735044054 0.7225107033176719 0.813788345939042 0.8474999590886192 0.7952568159036018 0.6570589163839893 0.5608526753489382 0.6712532798153905 0.6371473787927187 0.4993437671462009 0.1448789692342709 0.026198319432835238 0.24502808900026674 0.3514858147357742 0.3757345189310839 0.20106499115023313 0.1287131664373975 0.12536171951609454 0.6199958563131092 0.8890973297000859 0.8157597853045142 0.5389696983921954 0.2893854747233946 0.44217202554750257 0.5291125015648332 0.5902271218944763 0.6742104388635988 0.7859910508858818 0.9470576470449732 1.049572494049536 1.1298100762242607 1.179490348234164 1.1999933176350766 1.2025561888101906 1.2191162794801587 1.2277906126882367 1.2254248854496703
-0.08262513354123913 0.07745574293511615 0.25823673274893144 0.44710062396118344 0.6203901441862034 0.7420279530358482 0.8289684290531789 0.9216260792303799 0.9377918820272533 0.8177312246699864 0.5856928113538902 0.40609468515935854 0.4041232457938859 0.436849139260727 0.4676035933620959 0.29825695186802026 0.26986822500521823 0.41338901081160584 0.45873211621747023 0.42324620763896803 0.260996747860593 0.18785634740156842 0.17464770365290372 0.6180244169476365 0.9245832382785886 1.0819040996432827 0.9178803444359822 0.7274393017313527 0.7162020973481602 0.7254678623658801 0.753659445292135 0.8191112322258172 0.9066431400527901 1.0310409640140956 1.1361186821937723 1.2201019991628947 1.2591364985992475 1.2885109451447856 1.3147310887055679 1.3285311642638744 1.3358254899161222 1.3342483384237442
0.143301817741893 0.2659253462742739 0.3323628528906921 0.4514377905652225 0.6556789088281589 0.7327621880181279 0.75188514986321 0.7156106655385184 0.7102877792517432 0.8108311868908333 0.5813556447498511 0.34261433759114857 0.16538193863518336 0.2312280134419602 0.45636638897890336 0.48968371425538626 0.5036809337502399 0.5429125771231398 0.5241839031511524 0.47391219933160755 0.55789551630073 0.632613068252132 0.6623818026707649 0.8729315269032125 0.9437062001236702 0.9711092073037362 0.8534142771850362 0.7386765061145448 0.7704166798986498 0.7810624524722005 0.795651103776696 0.884168731286405 0.9797835405118143 1.1083213871406121 1.2025561888101906 1.281610907365632 1.3636227849692824 1.414485920598469 1.4416917838419878 1.4621947532429003 1.4803319954052458 1.4895977604229662
0.36370873880170285 0.5101866836562987 0.5598669556662021 0.5770184781458116 0.6761818782290714 0.7416336651627535 0.632613068252132 0.4520292223748643 0.4358634195779909 0.6081672201202748 0.5062438049253539 0.2933283534543394 0.0735128642041718 0.12831887856430324 0.366468753913364 0.4388205786261996 0.5135381305776017 0.5419268574404037 0.5310839409303059 0.55789551630073 0.720144976079105 0.7995939825076408 0.8890973297000859 1.0174380323923362 1.0905784328513608 0.9519862454586541 0.7191592563963689 0.5711041600493947 0.7215249836349353 0.8226598230836677 0.8494713984540914 0.9437062001236702 1.069681175577354 1.2240448778938395 1.309013914545698 1.3772257165910418 1.4959063663924774 1.5491352292602314 1.5917183195544342 1.6057155390492883 1.6234584933385388 1.61557273587665
0.4484806315170142 0.6229530153613179 0.7806681645991063 0.8206883837181951 0.8650457694413229 0.7869767705686179 0.6692818404499179 0.47194075996613494 0.35720298889564406 0.4666178736793598 0.3889431626797486 0.3469515041951876 0.1346274845338149 0.1898277867670406 0.358780140388022 0.4319205408470461 0.5072295246080905 0.5017094943847678 0.5614441071585801 0.600872894468027 0.6649446738458789 0.628275901648093 0.6706618480057487 0.9245832382785886 1.1745617498204832 1.0458267592551382 0.7806681645991063 0.462674994948415 0.7181735367136324 0.819702664035459 0.9661806088900553 1.0458267592551382 1.171801734708822 1.3362197777892164 1.4188230872025085 1.4882177528671354 1.5887611605062255 1.6433700309298103 1.683981681858541 1.7074418103076616 1.7332676659953496 1.730310506947141
0.5521783421408601 0.7449851120840565 0.9030945491949396 0.9925978963873847 0.9681520482555275 0.8898859054462749 0.7380850743049034 0.46030926770984815 0.34498006482971544 0.3363057316216369 0.4358634195779909 0.3938717610934299 0.24108521026932195 0.23615661185564107 0.3792831097889344 0.4427634573571444 0.44572061640535265 0.42561193487753446 0.48574083552444147 0.5925928491330432 0.5750470387803395 0.5379839787094589 0.44177773767440787 0.9076288597355262 1.1589873788332516 1.107335667457876 0.7863853387589761 0.46720930548900164 0.7132449382999515 0.914923185387774 1.0775669330392432 1.1585930909601574 1.2502650214546218 1.3884629209742343 1.471066230387526 1.5511066686257036 1.630752818990787 1.6853616894143708 1.7204533101197792 1.7537706353962617 1.7792022032108554 1.7845250894976306
0.62137586386894 0.8646514815682287 0.9506062379028233 1.0399124411587213 0.9989065023568964 0.9506062379028233 0.7928910886650349 0.4989494792731062 0.17898487025694276 0.09204439423961164 0.1965306806096465 0.40077179887258296 0.3944631929030713 0.38953459448939043 0.35976586007075806 0.35917442826111623 0.36213158730932493 0.3548372616570772 0.458337828344376 0.5671612813184499 0.5711041600493947 0.5677527131280917 0.45636638897890336 0.9168946247532461 1.0813126678336409 1.1102928265060843 0.7903282174899209 0.6864333629295274 0.8187169443527229 1.021380911123281 1.1420330002901893 1.2323249232288234 1.3245882855329296 1.400685845040163 1.470474798577884 1.551698100435345 1.6208956221634252 1.6638730003307223 1.6991617649726778 1.7293247872644044 1.7742736047971746 1.790439407594048
0.6087586519299166 0.8977716629081645 0.9598720029205436 0.9490290864104458 0.9764320935905113 0.9285261170095329 0.9172889126263408 0.4999351989558427 0.17760486270111198 -0.030973422165863518 0.13403605272417307 0.36370873880170285 0.44670633608808874 0.41141757144613367 0.3363057316216369 0.3201399288247635 0.3104798759339489 0.3337428604465229 0.43349769233942403 0.5042723655598818 0.5730755994148669 0.5701184403666586 0.5789899175112843 0.7386765061145448 0.9017145416391088 1.0270980852831508 1.0637668574809367 1.0330124033795682 1.0700754634504483 1.1609588181987238 1.2214820067187255 1.310788209974623 1.3210396946750795 1.3705228227484358 1.4383403369206849 1.4964977982021193 1.5266608204938463 1.5702296304707857 1.6254299327040118 1.6575643943612106 1.7025132118939807 1.7567277944444704
0.7566166043403433 0.9113745945299234 0.7991996946345465 0.7195535442694632 0.8855487388422358 1.0105379946131832 1.05213536522465 0.6259101744095261 0.3221113681902361 0.145864688917007 0.29175120196196147 0.45932354802711206 0.48968371425538626 0.4534092299306951 0.3777059582965565 0.3469515041951876 0.3217170803171414 0.337291451304373 0.3782973901061979 0.42561193487753446 0.4514377905652225 0.5036809337502399 0.6399073939043798 0.8250255503222341 0.8954059356695976 0.8147740656217781 0.8958002235426918 1.0673154483387872 1.2498707335815276 1.3622427774134516 1.374268557542833 1.3563284593170346 1.3435141034414642 1.3411483762028973 1.3914200800224426 1.4407060641592517 1.4499718291769716 1.4899920482960605 1.5530781079911757 1.577523956123033 1.6185298949248579 1.682404530366163
1.174167461947389 1.0267037974100566 0.8689886481722677 0.682490484198583 0.9017145416391088 0.9427204804409341 0.8646514815682287 0.5429125771231398 0.40175751855531905 0.3905203141721265 0.5360125393439867 0.5764270463361698 0.5267467743262668 0.47391219933160755 0.4388205786261996 0.41437473049434237 0.35582298133981327 0.34064289822567595 0.3680459054057419 0.41772617741564533 0.42896338179883786 0.3938717610934299 0.7156106655385184 0.92517467008823 1.024732358044584 0.8177312246699864 0.7928910886650349 0.9582948514281657 1.2620936576474562 1.407585882819316 1.4079801706924102 1.371508542431172 1.3460769746165786 1.3236025658501935 1.3679599515733214 1.3845200422432895 1.373282837860097 1.413500200915733 1.4554918594002944 1.499454957250328 1.5609638654530653 1.6208956221634252
1.2098505144624383 1.1428215760363782 1.0550925242728586 0.9291175488191747 0.8338970274668598 0.6464131438104386 0.4236404955120623 0.34498006482971544 0.39919464738020505 0.5373925468998175 0.5979157354198188 0.5793842053843785 0.4959923202248979 0.4798265174280245 0.4662235858062651 0.4500577830093917 0.4173318895425506 0.4041232457938859 0.4104318517633976 0.4904722900015752 0.5281267818820972 0.5174810093085465 0.7463651196398873 0.945086207679501 1.116601432475596 0.957900563555071 0.9056574203700536 0.9665748967631496 1.182053219409278 1.2820051952387268 1.2782594604443291 1.3001424374010724 1.3070424751802259 1.2908766723833525 1.3103939221015288 1.3275454445811383 1.342528383758728 1.3831400346874587 1.4217802462507168 1.4592375941946916 1.5189722069685043 1.5722010698362578
1.0921555843437387 0.9843178510524009 0.8914630569386528 0.8035368612385856 0.6990505748685507 0.5159038578161685 0.2665167780839153 0.3654830342306279 0.4543949496134312 0.6164472654552591 0.5642041222702412 0.5306896530572112 0.4808122371107606 0.4954008884152561 0.49106372181121705 0.48909228244574443 0.4817979567934967 0.4622807070753203 0.41634616985981454 0.46425214644079293 0.5194524486740191 0.62137586386894 0.7723881192641224 0.9602662907936379 1.156030219785043 1.1325700913359222 1.1000413418056283 1.1063499477751395 1.151693053181004 1.2204962870359894 1.2380420973886932 1.2498707335815276 1.2473078624064131 1.2088647947797022 1.2342963625942955 1.2528278926297358 1.267022256061137 1.3236025658501935 1.3669742318905853 1.408571602502052 1.4621947532429003 1.5173950554761264
1.119952879396899 0.9050659885604122 0.7152163776654241 0.6306416288866599 0.6081672201202748 0.55789551630073 0.3670601857230058 0.4543949496134312 0.5324639484861367 0.6473988634931751 0.5876642507193623 0.5618383950316748 0.5472497437271793 0.5521783421408601 0.55789551630073 0.5651898419529777 0.5429125771231398 0.5056523731157125 0.4622807070753203 0.48968371425538626 0.4999351989558427 0.5511926224581241 0.7033877414725898 0.8333055956572184 0.9797835405118143 1.0018636614051046 1.0785526527219793 1.1351329625110362 1.1380901215592445 1.1258671974933159 1.1365129700668666 1.148341606259701 1.141441568480548 1.1110814022522733 1.145778735084587 1.1745617498204832 1.1897418329346205 1.2459278548505828 1.2971852783528641 1.3417398080125391 1.3811685953219865 1.4237516856161894
1.1000413418056283 0.7552365967845129 0.564795554079883 0.48574083552444147 0.592198561259949 0.5413354256307619 0.5437011528693287 0.6101386594857474 0.6878133704853582 0.6726332873712209 0.6203901441862034 0.5945642884985158 0.6385273863485494 0.6156586897090701 0.62137586386894 0.6473988634931751 0.6004786065949328 0.5628241147144109 0.5429125771231398 0.55789551630073 0.5687384328108278 0.5135381305776017 0.5657812737626191 0.696093415820342 0.7995939825076408 0.7952568159036018 0.8723400950935707 0.9480433667277093 0.9573091317454296 0.945086207679501 0.9413404728851034 0.9969350629914238 0.9906264570219125 1.022366630806017 1.0316323958237374 1.0608096984327284 1.1262614853664106 1.170816015026086 1.2224677264014616 1.2313392035460873 1.2697822711727982 1.3127596493400957
