static/ASC_sea/1979/04/ERA5U/00.asc
ncols         201
nrows         201
xllcorner     105.0
yllcorner     0.0
cellsize      0.25
NODATA_value  -32767
[rows 114 to 132 of 201, columns 42 to 83 of 201]
-5.277959293370543 -5.1638129541096935 -5.074309606917248 -4.984609115788256 -4.851142670745777 -4.775636543048186 -4.676473142964927 -4.635467204163102 -4.6246242876530035 -4.612401363587075 -4.598207000155674 -4.609444204538867 -4.607669909109941 -4.738376339040759 -4.8580427085249305 -5.060706675295489 -5.334145315286506 -5.610935402198824 -5.931885730897724 -6.155446954942289 -6.126663940206393 -5.821879414304366 -5.341045353065658 -4.8546912616036275 -4.530980917793066 -4.310771140669805 -4.131567302348367 -4.003620887529211 -3.9127375327809353 -3.881588790806472 -3.9186518508773522 -3.8644372683268626 -3.8350628217813245 -3.756008103225883 -3.690162028419106 -3.602630120592133 -3.4839494707906975 -3.46167220596086 -3.472712266407505 -3.4531950166893286 -3.3869546540094575 -3.311251382375319
-5.188653090114645 -5.126552750102266 -5.055778076881808 -4.968443312991383 -4.844834064776266 -4.750204975233593 -4.723787687736263 -4.724773407418999 -4.764793626538088 -4.792590921591248 -4.856071269159458 -4.948926063273206 -4.991903441440504 -5.124187022863699 -5.323893830586049 -5.568943743714263 -5.818922255256158 -6.036766305140853 -6.216955863145026 -6.282801937951803 -6.196452893744114 -5.921634246197268 -5.5431178880265755 -5.131481348515947 -4.750204975233593 -4.477752054925313 -4.2847481410455694 -4.155027430797488 -4.093912810467845 -4.087012772688691 -4.070058394145629 -3.978189319714618 -3.889277404331814 -3.793662595106405 -3.695879202578976 -3.601250113036303 -3.5206182429884834 -3.52160396267122 -3.4689665316131078 -3.4362406381462662 -3.3893203812480244 -3.35896021501975
-5.053806637516336 -5.048089463356466 -5.026009342463176 -4.94301174517679 -4.855085549476723 -4.739953490533137 -4.731673445198153 -4.779382277842584 -4.836554019441282 -4.9370974270803725 -5.035866539290538 -5.189047377987739 -5.35661972405289 -5.502506237097844 -5.655489931858499 -5.862885353106192 -6.054312115493557 -6.267227566964571 -6.402074019562882 -6.345887997646919 -6.21104154504861 -5.9533744199813725 -5.613892561247033 -5.321528103347482 -5.003140645823697 -4.776030830921281 -4.5577924931634906 -4.418608873961142 -4.301505375652084 -4.242362194687914 -4.124667264569213 -4.031418182582371 -3.9273261840854308 -3.8106169736494673 -3.7077078387718103 -3.632990286820408 -3.587055749604902 -3.5586670227420996 -3.5040581523185157 -3.4811894556790364 -3.4419578123061365 -3.4147519490626177
-4.9439974648595255 -4.965880441816269 -4.951291790511773 -4.917185889489101 -4.86592846598682 -4.778002270286753 -4.786873747431379 -4.868885625035029 -4.964500434260438 -5.087518250665913 -5.233996195520509 -5.397625662854715 -5.581166667780192 -5.743416127558566 -5.877671148347234 -6.036766305140853 -6.187581416599489 -6.303304907352716 -6.369742413969135 -6.339973679550502 -6.220898741875971 -6.017249055422677 -5.778507748263975 -5.495211911445597 -5.1979188551323645 -4.951291790511773 -4.728124854340303 -4.5680439778639474 -4.434183244948374 -4.3174740345124105 -4.1954419377896714 -4.075775568305499 -3.9411262596437373 -3.8346685339082303 -3.752065224494938 -3.678333392226272 -3.637327453424447 -3.6032215524017754 -3.557287015186269 -3.5225896823539555 -3.46738938012073 -3.4746837057729776
-4.83813117093366 -4.878545677925843 -4.888797162626299 -4.927831662062652 -4.884854283895354 -4.859619860017309 -4.877165670370013 -4.977709078009102 -5.108612651876467 -5.231630468281942 -5.371208375357385 -5.545089327392047 -5.703790196312572 -5.862885353106192 -6.019220494788149 -6.153081227703723 -6.270579013885875 -6.352196603616431 -6.37861389111376 -6.316513551101381 -6.235487393180467 -6.047609221650951 -5.8195136870657995 -5.58274381927257 -5.3268509896342575 -5.092841136952689 -4.879137109735485 -4.699341839604406 -4.50653506966121 -4.37957437452479 -4.248670800657425 -4.114021491995663 -4.003620887529211 -3.8740973212176772 -3.7715824742131145 -3.7163821719798884 -3.6769533846704414 -3.656844703142623 -3.6154444764677036 -3.591392916208941 -3.567144212013631 -3.557681303059364
-4.7671593537766555 -4.8081652925784795 -4.846805504141738 -4.885445715704996 -4.927437374189558 -4.9386745785727495 -4.98362339610552 -5.066029561582265 -5.197327423322724 -5.311670906520121 -5.451248813595563 -5.593389591846121 -5.752681892576287 -5.914734208418114 -6.080137971181245 -6.220898741875971 -6.331693634215518 -6.41429694362881 -6.435194200902817 -6.373291004826985 -6.29305342265226 -6.104583819313103 -5.911777049369906 -5.686244385959868 -5.445531639435693 -5.210141779198294 -4.991903441440504 -4.772679383999978 -4.57928118224714 -4.438126123679319 -4.307222549811954 -4.156407438353319 -4.046992553569603 -3.904851775319046 -3.810222685776373 -3.763893860687772 -3.7404337322386514 -3.720325050710833 -3.7027792403581294 -3.678333392226272 -3.6734047938125913 -3.6548732637771506
-4.684161756490269 -4.734433460309814 -4.772679383999978 -4.852719822238155 -4.909891563836854 -4.972780479595421 -5.037246546846368 -5.0967840156836335 -5.182738772018228 -5.3027994293754945 -5.454797404453414 -5.596741038767423 -5.7647076727056685 -5.923408541626193 -6.077377956069584 -6.240415991594148 -6.363828095872718 -6.4513600036996905 -6.468905814052394 -6.458260041478843 -6.377628171431024 -6.213012984414082 -6.028880547678964 -5.823456565796745 -5.57485806181068 -5.319950951855104 -5.085546811300441 -4.869871344717765 -4.631918613305251 -4.490960698673978 -4.330682678261075 -4.168630362419247 -4.039698227917356 -3.9289033355778087 -3.880603071123736 -3.851228624578198 -3.822839897715396 -3.8116026933322034 -3.7940568829794996 -3.788733996692724 -3.780848239230835 -3.7696110348476424
-4.586181220026292 -4.643155817688443 -4.7105790439875985 -4.79889952756076 -4.877559958243108 -4.934140268032164 -4.987960562709559 -5.058735235930017 -5.12122986381549 -5.233601907647415 -5.39230277656794 -5.574463773937586 -5.750119021401172 -5.913748488735378 -6.060620721463069 -6.196847181617208 -6.308824937576039 -6.422576988963794 -6.487437344087834 -6.4787630108797565 -6.410354064897865 -6.230164506893692 -6.047609221650951 -5.870179678758439 -5.670078583162995 -5.440997328895107 -5.20186173386331 -4.92586022269718 -4.659321620485317 -4.449954759872153 -4.277059527520227 -4.146155953652863 -4.024123856930124 -3.978189319714618 -3.9553206230751385 -3.924960456846864 -3.922003297798655 -3.913328964590577 -3.9078089343672544 -3.9034717677632154 -3.897557449666798 -3.9054432071286875
-4.485440668450655 -4.563706811259908 -4.629552886066684 -4.685738907982646 -4.746262096502647 -4.8272882544235625 -4.891360033801414 -4.985989123344087 -5.053412349643241 -5.152970037599595 -5.309699467154648 -5.501717661351655 -5.680724355736546 -5.836665209545409 -5.979594563542155 -6.098275213343591 -6.208084386000401 -6.331299346342424 -6.3825567698447045 -6.402074019562882 -6.371713853334606 -6.279844778903595 -6.139872583955057 -5.934251458136291 -5.67402146189394 -5.395259935616148 -5.130101340960116 -4.852719822238155 -4.5954469850440125 -4.401063063608438 -4.246305073418858 -4.108107173899246 -4.047583985379244 -4.036346780996052 -4.020575266072274 -3.9947494103845855 -3.984497925684129 -3.9805550469531843 -3.981540766635921 -3.9982980012424356 -3.9982980012424356 -3.9963265618769634
-4.349214208296515 -4.430831798027071 -4.5148151149961935 -4.572972576277628 -4.601755591013524 -4.663658787089356 -4.722407680180432 -4.822951087819523 -4.9284230938722935 -5.052426629960506 -5.190033097670476 -5.344791087860056 -5.510983426369375 -5.672050022528467 -5.8331166186875585 -5.9977318057045 -6.111089569219161 -6.220898741875971 -6.3155278314186445 -6.383936777400535 -6.366785254920925 -6.234107385624636 -6.026514820440397 -5.8141908007790235 -5.6359726821403235 -5.396639943171978 -5.148041439185914 -4.818416777278936 -4.505549349978473 -4.303871102890652 -4.192484778741463 -4.1027842876124705 -4.055864030714228 -4.021166697881915 -4.023532425120482 -3.995340842194227 -3.99869228911553 -4.034769629503674 -4.076761287988235 -4.0958842498333174 -4.0943070983409395 -4.114021491995663
-4.220282073794623 -4.285733860728305 -4.3379770039133225 -4.378588654842053 -4.419594593643879 -4.464543411176648 -4.5422181221762585 -4.6691788173126785 -4.757893588758935 -4.8546912616036275 -4.9800748052476695 -5.11984985625966 -5.271059255591389 -5.418522920128722 -5.572886622445207 -5.725673173269316 -5.8829940346340095 -6.04839779739714 -6.222278749431802 -6.371713853334606 -6.486451624405099 -6.436179920585553 -6.2057186587618345 -5.835679489862673 -5.501717661351655 -5.219801832089108 -4.966866161499005 -4.694018953317631 -4.404020222656647 -4.2023419755688245 -4.092927090785109 -4.029446743216899 -4.010915213181459 -4.002043736036833 -4.032798190138202 -4.031812470455465 -4.065524083605043 -4.0943070983409395 -4.124272976696119 -4.153055991432016 -4.171587521467456 -4.1818390061679125
-4.07143840170146 -4.130975870538725 -4.165673203371039 -4.187161892454688 -4.23546215690876 -4.273116648789282 -4.334231269118925 -4.409737396816516 -4.486426388133392 -4.595841272917108 -4.72043624081496 -4.841876905728057 -4.924480215141349 -5.040203705894577 -5.153561469409237 -5.271059255591389 -5.362534042149306 -5.428380116956084 -5.574463773937586 -5.643661295665665 -5.67047287103609 -5.533260691199214 -5.335131034969241 -4.904371533613531 -4.791605201908512 -5.089095402158291 -5.040203705894577 -4.626595727018476 -4.187556180327782 -3.995340842194227 -3.976809312158787 -3.9279176158950726 -3.9186518508773522 -3.955714910948233 -4.040683947600091 -4.103178575485565 -4.139847347683351 -4.163307476132472 -4.194456218106935 -4.250247952149802 -4.285733860728305 -4.314122587591108
-3.9156946918291435 -3.9547291912654963 -3.954334903392402 -3.987060796859243 -3.9957351300673216 -4.037332500678788 -4.095292818023676 -4.132947309904198 -4.208256293665242 -4.258922285357881 -4.367351450458861 -4.440097563044791 -4.523095160331177 -4.529403766300689 -4.567058258181211 -4.55148388719398 -4.473809176194369 -4.417228866405312 -4.0840556136404835 -3.889277404331814 -2.917160653217395 -2.5762987869272242 -2.596407468455042 -2.3385431994512578 -2.792171397446447 -4.067101235097421 -4.363014283854822 -4.275088088154755 -3.838019980829533 -3.7629081410050365 -3.798591193520086 -3.889277404331814 -3.9186518508773522 -3.982132198445562 -4.06217263668374 -4.133933029586934 -4.182233294041007 -4.222253513160095 -4.28041097444153 -4.333245549436189 -4.376222927603487 -4.394754457638927
-3.733139406586403 -3.7453623306523323 -3.7453623306523323 -3.7461509063985208 -3.7453623306523323 -3.786368269454157 -3.8078569585378057 -3.8399914201950054 -3.864831556199957 -3.9011060405246485 -3.9156946918291435 -3.9874550847323373 -3.9160889797022382 -3.889277404331814 -3.788733996692724 -3.684641998195784 -3.473303698217147 -3.1377647182137514 -2.706610928984947 -1.7853573134997143 -0.8156062896238616 -0.9025467656411925 -1.0987049825056923 -0.7686860327256195 -1.0176788245847783 -2.105124778579331 -2.776005594649574 -2.946929387636027 -3.3784774647379265 -3.308688511200205 -3.700807800992657 -3.799971201075916 -3.894206002745495 -3.9913979634632826 -4.0446268263310365 -4.176910407754232 -4.234476437226024 -4.3379770039133225 -4.396134465194757 -4.446011881141208 -4.494312145595281 -4.450743335618341
-3.528504000450373 -3.541121212389396 -3.5298840080062037 -3.5308697276889394 -3.5103667582880274 -3.5401354927066597 -3.5020867129530435 -3.54368408356451 -3.532841167054412 -3.4782322966308277 -3.492426660062229 -3.3552144802253525 -3.282862655512517 -3.1265275138305593 -2.972360955450621 -2.7403225421345243 -2.3951235092403147 -2.0045813709402402 -1.3496692137303232 -0.42880988611818527 -0.23166594957094944 -0.3229435921923196 -0.9449327119988482 -0.5739078234169506 -0.33950368286228727 -0.6959399201396894 -1.4444954472095437 -2.225776867746239 -2.6569306569750437 -3.0914358931251513 -3.4855266222830754 -3.69844207375409 -3.8317113748600216 -4.024123856930124 -4.046992553569603 -4.2125934602692805 -4.327331231339772 -4.430831798027071 -4.49864931219932 -4.547935296336129 -4.549906735701601 -4.494312145595281
-3.361917374067959 -3.3634945255603363 -3.3522573211771443 -3.335697230507176 -3.320517147393039 -3.2858198145607256 -3.229239504771669 -3.2477710348071094 -3.1622105663456086 -3.0943930521733596 -2.9479151073187637 -2.8107029274818873 -2.61296755912501 -2.4493380917908043 -2.158747929320179 -1.8482462292582826 -1.4527754925445275 -1.065190513292662 -0.4221069922755789 0.02816975879830741 0.22551083928209037 -0.19736290461173045 -0.8804666447479021 -0.6827312763910247 -0.2961320168218955 -0.3371379556237204 -1.126107989685758 -1.923949500892421 -2.25850276121308 -2.693993717045924 -3.295085579578446 -3.536192613975715 -3.7916911557409323 -4.0615812048740985 -4.09923569675462 -4.310771140669805 -4.428860358661598 -4.536303804079842 -4.604121318252091 -4.594461265361277 -4.5749440156431 -4.5475410084630346
-3.1939507401297136 -3.195922179495186 -3.178376369142482 -3.1695048919978563 -3.1227817790361616 -3.051415674006062 -2.9997639626306865 -2.910852047247883 -2.7990714352256005 -2.6602821038963467 -2.495666916879405 -2.29418581372813 -2.091916134830666 -1.8220260856975001 -1.4868813935671994 -1.1627767618835438 -0.774994638695131 -0.4053497576690641 -0.13348826917042578 0.22787656652065724 0.305551277520268 -0.07138792915804659 -0.6393596103506329 -0.622799519680665 -0.14038830694957927 -0.12461679202580012 -0.9591270754302492 -1.499104317633128 -1.851203388306491 -2.489358310909893 -3.1125302943357056 -3.457729327229915 -3.755022383543147 -4.047978273252339 -4.177896127436967 -4.408751677133781 -4.533346645031633 -4.6281728785108545 -4.646704408546293 -4.635467204163102 -4.642170098005708 -4.629552886066684
-3.0861130068383757 -3.050429954323326 -3.010015447331143 -2.9605323192577866 -2.908289176072769 -2.839485942217784 -2.770091276553157 -2.6182904454117852 -2.4830497049403815 -2.2999029878879997 -2.1037447710235 -1.8839292817733322 -1.6061534751782771 -1.315169024834557 -1.047447559003411 -0.6856884354392332 -0.33654652381407857 -0.09918522421120679 0.03152120571961037 0.1452732571073656 0.19317923368834355 -0.07631652757172747 -0.5474905359196209 -0.5772592703382535 -0.06369931563270459 -0.10273381506905732 -0.8053548049234054 -1.097719262822956 -1.4620412575622477 -2.2174968224112552 -2.975712402371924 -3.4102176385220315 -3.8175170114286203 -4.064144076049212 -4.253007967261464 -4.431817517709807 -4.570015417229419 -4.649070135784861 -4.650055855467597 -4.632510045114893 -4.64769012822903 -4.67982458988623
-2.987541038564758 -2.9230749713138118 -2.853680305649185 -2.790199958080975 -2.720805292416348 -2.6344562482086586 -2.5274070906635098 -2.3771834110145162 -2.2092167770762714 -1.9781640834429108 -1.775105828799258 -1.5168472719223791 -1.2061484279239356 -0.9382298181562423 -0.6509911026069197 -0.410278356082745 -0.2561117977028067 -0.1050995423076242 -0.04161919473941422 0.19219351400560747 0.2205822408684095 -0.23008879807857152 -0.7286658136065307 -0.5534048540160381 -0.16463701114488938 -0.5778507021478954 -1.1247279821299272 -1.1945169356676488 -1.46401269692772 -2.1236563086147706 -2.8708318281287943 -3.4230319943976015 -3.78971971637546 -3.987060796859243 -4.299533936286612 -4.465923418732479 -4.590518386630332 -4.662673067406621 -4.683767468617175 -4.699933271414048 -4.737390619358022 -4.754147853964538
