static/ASC_sea/1979/04/ERA5U/00.asc
ncols         201
nrows         201
xllcorner     105.0
yllcorner     0.0
cellsize      0.25
NODATA_value  -32767
[rows 0 to 18 of 201, columns 84 to 125 of 201]
0.29037119440613113 0.5222124637856802 0.7615452027540246 0.9833321313696648 1.0941270237092109 0.97938925263872 0.8015654218731134 0.6854476432467913 0.592198561259949 0.6054072050086137 0.5849042356077012 0.5624298268413161 0.5506011906484822 0.5168895774989046 0.4827836764762332 0.4480863436439195 0.3816488370275013 0.4705607524103046 0.47292647964887147 0.4597178359002063 0.43251197265668795 0.39820892769746896 0.43349769233942403 0.47450363114124894 0.3382771709871091 0.17504199152599798 0.00963822876286713 0.000766751618241468 -0.029001982800390902 -0.08262513354123913 -0.18612570022853792 -0.23698883585772457 -0.10273381506905732 -0.08617372439908921 -0.1461054811094491 -0.24034028277902753 -0.32590075124052786 -0.26774328995909347 -0.2310745177613076 -0.2736576080555104 -0.26715185814945164 -0.10904242103856854
0.24009949058658586 0.3611458676265884 0.6911648174066611 0.9139374657050374 1.051543933415008 1.088212705612794 0.9301032685019108 0.8220683912740259 0.7830338918376731 0.782048172154937 0.7611509148809299 0.7317764683353918 0.696093415820342 0.6623818026707649 0.593184280942685 0.454986381423073 0.3757345189310839 0.46070355558294285 0.4886979945726502 0.4847551158417054 0.4569578207885452 0.4559721011058091 0.5506011906484822 0.592198561259949 0.5423211453134984 0.5149181381334325 0.36173729943623023 0.3508943829261324 0.26789678563974606 0.14685040859974352 0.0427584101028029 -0.16266557177941676 -0.061727876267231974 -0.04516778559726431 -0.176859935210818 -0.2886405472331006 -0.37420101569460096 -0.3160435544131661 -0.3345750844486064 -0.47336441577786026 -0.46685866587180147 -0.35803521289772755
0.12378456802371662 0.22156796055114558 0.5697241524935639 0.826602701814612 0.9813606920041922 1.017832320265431 1.0393210093490794 1.008566555247711 0.9685463361286217 0.9632234498418466 1.0008779417223685 0.9734749345423026 0.9354261547886864 0.9129517460223013 0.8260112700049707 0.6868276508026221 0.4808122371107606 0.3641030266747971 0.3919003217279573 0.3826345567102374 0.43389198021251874 0.4427634573571444 0.5300982212475698 0.5036809337502399 0.5198467365471133 0.49204944149395313 0.5214238880394912 0.5056523731157125 0.4226547758293262 0.22551083928209037 0.05852992502658161 -0.16917132168547555 -0.06369931563270459 0.0066810697146588716 -0.129545390439481 -0.24191743427140544 -0.33023791784456735 -0.2915977062813089 -0.31012923631674916 -0.44398996923232215 -0.3878039473163599 -0.26971472932456564
0.28149971726150547 0.24147949814241665 0.44769205577082527 0.7024020217898537 0.8719458072204764 0.9655891770804135 1.0134951536613919 0.9953579114990458 1.024732358044584 1.0545010924632168 1.0964927509477778 1.1682531438509716 1.1771246209955972 1.1570159394677795 1.1077299553309703 0.976826381463606 0.7390707939876395 0.5204381683567552 0.30357983815479583 0.25074526316013657 0.3085084365684767 0.41674045773290924 0.38657743544118217 0.35286582229160457 0.3059455653933627 0.2767682627843717 0.3641030266747971 0.35680870102254936 0.3065369972030041 0.10485875011518209 -0.057784997536287186 -0.15734268549264163 -0.027424831308012987 0.047292720643389075 -0.06369931563270459 -0.08893373951075079 -0.1735084882895146 -0.14038830694957927 -0.15399123857133823 -0.24093171458866935 -0.18375997298997104 -0.09484805760716775
0.4676035933620959 0.41536045017707846 0.49007800212848096 0.5492211830926514 0.6438502726353246 0.7410422333531117 0.8611028907103786 0.8699743678550043 0.9099945869740931 1.0075808355649745 1.116601432475596 1.210244802335533 1.2327192111019176 1.2786537483174238 1.3342483384237442 1.2122162417010052 1.0140865854710333 0.7410422333531117 0.5119609790852238 0.3796773976620287 0.4110232835730394 0.5168895774989046 0.49441516873252 0.43921486649929387 0.34655721632209335 0.26986822500521823 0.22393368778971245 0.19810783210202443 0.13955608294749577 0.025212599750098708 -0.050490671884039884 -0.09287661824169557 -0.02269337683087924 -0.011456172447687152 -0.14038830694957927 -0.12560251170853665 -0.051870679439870226 -0.06113644445759059 -0.07631652757172747 -0.1344739888531623 -0.11140814827713541 -0.09839664846501783
0.5803699250671146 0.5310839409303059 0.4847551158417054 0.44177773767440787 0.4559721011058091 0.5076238124811847 0.6243330229171482 0.6976705673127199 0.7453793999571512 0.8865344585249719 0.9959493433086877 1.0657382968464093 1.1473558865769649 1.2293677641806147 1.2942281193046554 1.2425764079292798 1.1179814400314267 0.883183011603669 0.6911648174066611 0.568147001001186 0.62492445472679 0.7063449005207985 0.7205392639521992 0.6679018328940876 0.5720898797321308 0.4520292223748643 0.37001734477121406 0.3392628906698456 0.25035097528704187 0.15020185552104648 0.05202417512052282 0.017326842288209576 0.023241160384626536 -0.019144785973029155 -0.051870679439870226 -0.07197936096768842 -0.11101386040404115 -0.14413404174397648 -0.13782543577446527 -0.09149661068586479 -0.021116225338501327 -0.12027962542176107
0.6706618480057487 0.6150672578994283 0.5472497437271793 0.4398062983089357 0.40175751855531905 0.41496616230398375 0.5214238880394912 0.5849042356077012 0.6203901441862034 0.7171878170308963 0.7903282174899209 0.8372484743881627 0.9172889126263408 1.0056093961995023 1.1087156750137064 1.1063499477751395 1.0588382590672558 0.8967859432254279 0.7430136727185843 0.6276844698384512 0.7079220520131764 0.8128026262563055 0.8601171710276421 0.7889482099340901 0.6464131438104386 0.5531640618235962 0.4940208808594253 0.4798265174280245 0.41141757144613367 0.3353200119389008 0.25271670252560874 0.20934503648521696 0.1898277867670406 0.11254736364052409 0.06385281131335718 0.047687008516483775 0.00037246374514721126 -0.031959141848599604 0.10485875011518209 0.13502177240690916 0.10919591671922113 -0.04753351283583118
0.7020077339167594 0.6795333251503743 0.6276844698384512 0.5125524108948656 0.44217202554750257 0.3909146020452212 0.4784465098721937 0.554544069379427 0.6375416666658129 0.6702675601326544 0.7195535442694632 0.7004305824243815 0.7351279152566947 0.8055083006040578 0.955337692379957 1.0349838427450404 1.041292448714552 0.881605860111291 0.749322278688096 0.6527217497799502 0.7211306957618411 0.8161540731776089 0.8723400950935707 0.8035368612385856 0.6584389239398201 0.5565155087448992 0.4963866080979922 0.5119609790852238 0.5271410621993611 0.4959923202248979 0.44414346491297474 0.3851974278853514 0.33196856501759786 0.2166393621374647 0.1448789692342709 0.16045334022150248 0.19850211997511913 0.29963695942385105 0.34320576940078995 0.32743425447701124 0.16439621895244727 0.13995037082059003
0.724482142683144 0.7483365590053594 0.7004305824243815 0.5969300157370827 0.4451291845957108 0.36844019327883615 0.4226547758293262 0.5145238502603382 0.6190101366303731 0.7079220520131764 0.7605594830712881 0.6990505748685507 0.6649446738458789 0.5886499704020984 0.8620886103931147 0.955337692379957 1.0951127433919474 0.8626800422027565 0.720144976079105 0.7059506126477038 0.7508994301804734 0.8309398684186515 0.855780004423603 0.794862528030507 0.6673104010844457 0.6077729322471805 0.6058014928817084 0.6286701895211877 0.6546931891454224 0.6844619235640552 0.6418788332698524 0.5856928113538902 0.5496154709657461 0.436849139260727 0.36745447359610006 0.30357983815479583 0.3059455653933627 0.3763259507407257 0.29273692164469756 0.2337908846170742 0.15020185552104648 0.21466792277199254
0.7952568159036018 0.823054110956762 0.7903282174899209 0.6702675601326544 0.5178752971816412 0.3796773976620287 0.3644973145478918 0.45636638897890336 0.46326642675805685 0.63419021974451 0.6868276508026221 0.7288193092871831 0.6190101366303731 0.5437011528693287 0.8005797021903769 1.0042293886436715 1.1589873788332516 0.947649078854615 0.8465142394058831 0.8441485121673162 0.8812115722381964 0.8768744056341573 0.8508514060099222 0.7893424978071848 0.7499137104977374 0.7400565136703756 0.7380850743049034 0.7585880437058159 0.8084654596522665 0.8396142016267296 0.784611043330051 0.7386765061145448 0.7033877414725898 0.6121100988512196 0.5691327206839225 0.5188610168643772 0.5082152442908265 0.4196976167811175 0.2552795737007232 0.195742104863458 0.22984800588612941 0.29865123974111496
0.8958002235426918 0.9265546776440607 0.8938287841772197 0.7796824449163702 0.6692818404499179 0.5306896530572112 0.458337828344376 0.3020026866624179 0.27321967192652163 0.43921486649929387 0.654101757335781 0.8333055956572184 0.7229049911907661 0.6736190070539574 0.7986082628249047 1.0032436689609354 1.1428215760363782 1.0911698646610026 0.989640737339176 1.0091579870573524 0.9920064645777429 0.9876692979737038 0.9397633213927254 0.8758886859514212 0.8358684668323324 0.8236455427664038 0.8236455427664038 0.8504571181368279 0.9003345340832785 0.9096002991009984 0.8636657618854926 0.8167455049872503 0.717582104903991 0.5754413266534337 0.5324639484861367 0.5975214475467241 0.6785476054676383 0.589635690084835 0.42896338179883786 0.3660744660402693 0.3934774732203352 0.4514377905652225
0.9906264570219125 1.019803759630903 0.9953579114990458 0.9070374279258844 0.7982139749518105 0.7238907108735022 0.5882556825290042 0.43152625297395186 0.21466792277199254 0.28209114907114685 0.4979637595903701 0.8362627547054267 0.9354261547886864 0.8885058978904441 0.9301032685019108 0.9803749723214561 1.107335667457876 1.0905784328513608 1.1258671974933159 1.1619445378814603 1.1438072957191143 1.0868326980569636 1.008566555247711 0.9446919198064063 0.8676086406164374 0.8411913531191075 0.8411913531191075 0.8626800422027565 0.8216741034009312 0.829954148735915 0.8210826715912898 0.8088597475253612 0.6893905219777361 0.5188610168643772 0.3997860791898469 0.5521783421408601 0.6375416666658129 0.7288193092871831 0.6101386594857474 0.5466583119175374 0.4504520708824864 0.5204381683567552
1.0633725696078424 1.0458267592551382 1.0207894793136396 0.9758406617808695 0.9364118744714225 0.8762829738245155 0.7430136727185843 0.5624298268413161 0.3122541713628739 0.3363057316216369 0.41437473049434237 0.7430136727185843 0.8743115344590433 1.0071865476918802 1.0485867743667998 1.0984641903132504 1.1238957581278437 1.1325700913359222 1.1682531438509716 1.238633529198335 1.2684022636169674 1.2063019236045882 1.1053642280924034 0.992992184260479 0.9066431400527901 0.880620140428555 0.8005797021903769 0.7899339296168262 0.7298050289699196 0.6996420066781925 0.8068883081598885 0.794862528030507 0.7357193470663366 0.4305405332912158 0.3094941562512128 0.4768693583798158 0.5594726677931079 0.6692818404499179 0.5789899175112843 0.522803895595322 0.37100306445395015 0.47095504028339885
1.1156157127928599 1.0915641525340969 1.0594296908768976 1.0081722673746163 0.9622377301591105 0.9007288219563727 0.826602701814612 0.6473988634931751 0.40609468515935854 0.34162861790841204 0.3972232080147329 0.6477931513662694 0.8768744056341573 1.0706668952600902 1.1238957581278437 1.1298100762242607 1.0935355918995695 1.0667240165291454 1.107335667457876 1.2620936576474562 1.3269540127714965 1.3685513833829632 1.2829909149214629 1.1790960603610698 1.0511496455419138 0.9833321313696648 0.8607086028372839 0.7469565514495291 0.6481874392393636 0.6361616591099826 0.8128026262563055 0.8567657241063391 0.8187169443527229 0.5823413644325872 0.4451291845957108 0.47095504028339885 0.46030926770984815 0.5017094943847678 0.5754413266534337 0.5614441071585801 0.4553806692961673 0.5892414022117403
1.1609588181987238 1.1428215760363782 1.115024280983218 1.07993266027781 1.0018636614051046 0.8885058978904441 0.7317764683353918 0.5373925468998175 0.405108965476622 0.3323628528906921 0.43093482116431003 0.6018586141507636 0.8508514060099222 1.028083804965887 1.1213328869527297 1.1288243565415246 0.9953579114990458 0.919260351991813 0.9003345340832785 1.022366630806017 1.1345415307013944 1.2640650970129284 1.2684022636169674 1.2498707335815276 1.2005847494447184 1.149327325942437 1.0012722295954632 0.7390707939876395 0.6292616213308291 0.6941219764548698 0.9310889881846474 0.9222175110400217 0.8553857165505088 0.7426193848454896 0.685841931119886 0.5687384328108278 0.3905203141721265 0.42994910148157395 0.5297039333744751 0.6941219764548698 0.7704166798986498 0.9318775639308359
1.2356763701501263 1.1956561510310375 1.1580016591505156 1.1252757656836745 1.0935355918995695 1.0164523127096001 0.8851544509691411 0.6878133704853582 0.5624298268413161 0.5072295246080905 0.6259101744095261 0.7737681268199532 0.9573091317454296 1.1156157127928599 1.2185248476705168 1.2640650970129284 1.20689335541423 1.1331615231455636 1.04286960020693 0.9979207826741598 1.0075808355649745 1.0974784706305143 1.146764454767323 1.1605645303256296 1.1311900837800914 1.1477501744500591 1.0683011680215233 0.8758886859514212 0.855780004423603 0.9291175488191747 1.0935355918995695 0.9989065023568964 0.8861401706518772 0.7668680890407997 0.6868276508026221 0.5707098721763 0.4187118970983814 0.4597178359002063 0.5423211453134984 0.6706618480057487 0.794862528030507 0.9764320935905113
1.2244391657669338 1.1946704313483014 1.1589873788332516 1.1223186066354658 1.1668731362951412 1.1473558865769649 1.203541908492927 1.1213328869527297 1.024732358044584 0.983726419242759 1.0184237520750727 1.0921555843437387 1.0253237898542258 1.1077299553309703 1.1867846738864118 1.203541908492927 1.2268048930055007 1.1995990297619823 1.2342963625942955 1.2005847494447184 1.1966418707137736 1.1903332647442624 1.0915641525340969 1.0491782061764412 0.9255689579613247 1.05213536522465 1.0637668574809367 1.1804760679169002 1.2005847494447184 1.2333106429115595 1.1804760679169002 1.1067442356482342 0.9973293508645185 0.859131451344906 0.6623818026707649 0.5379839787094589 0.468589313044832 0.5119609790852238 0.5876642507193623 0.6791390372772796 0.8094511793350025 0.9665748967631496
1.177518908868692 1.1546502122292126 1.1087156750137064 1.0501639258591777 1.0422781683972882 1.0633725696078424 1.139075841241981 1.1473558865769649 1.1999933176350766 1.1956561510310375 1.0935355918995695 0.9310889881846474 0.8368541865150685 1.0233523504887536 1.0935355918995695 1.0290695246486234 1.0032436689609354 1.07993266027781 1.217144840114686 1.2439564154851102 1.279048036190518 1.274710869586479 1.2045276281756632 1.1093071068233482 0.9748549420981334 1.0706668952600902 1.1976275903965097 1.3519912927129956 1.332276899058272 1.2459278548505828 1.1536644925464765 1.0980699024401557 0.9998922220396325 0.8524285575023001 0.6428645529525885 0.5667669934453556 0.5726813115417726 0.622361583551676 0.6580446360667258 0.7069363323304403 0.8749029662686851 1.0158608808999583
1.1814617875996367 1.1410472806074532 1.0945213115823056 0.9778121011463421 0.8508514060099222 0.8719458072204764 0.989640737339176 1.1698302953433495 1.222073438528367 1.2063019236045882 0.7966368234594325 0.6332045000617739 0.6976705673127199 1.1223186066354658 1.1932904237924706 0.9734749345423026 0.8646514815682287 0.9413404728851034 1.2165534083050447 1.3464712624896729 1.3821543150047226 1.3929972315148205 1.3444998231242007 1.2492793017718857 1.0921555843437387 1.0750040618641292 1.2025561888101906 1.4182316553928667 1.3192653992461545 1.2327192111019176 1.0217751989963757 0.9813606920041922 0.8825915797940271 0.791313937172657 0.63419021974451 0.5575012284276353 0.7899339296168262 0.8547942847408669 0.8904773372559167 0.782048172154937 0.9310889881846474 1.073032622498657
