static/ASC_sea/1979/12/ERA5V/00.asc
ncols         201
nrows         201
xllcorner     105.0
yllcorner     0.0
cellsize      0.25
NODATA_value  -32767
[rows 133 to 151 of 201, columns 0 to 42 of 201]
-1.9898685410907788 -2.176421737571941 -2.240947196119543 -1.9874543232539637 -1.8004621780751988 -1.8103385237712604 -1.736595142574001 -1.3838998640502038 -0.8292881846291489 -0.4621075990844612 -0.5123672249599744 -0.8512356195092856 -1.039325136432057 -1.4141873241847924 -2.005012271158073 -2.6559731897029284 -3.212560138263196 -3.687283154720553 -4.107576532675171 -4.444030709387667 -4.684794070022767 -4.953869621653244 -5.075458410889201 -5.243356287722247 -5.361433487377383 -5.433860022481834 -5.4749017257076895 -5.530428735954436 -5.637971166867105 -5.733003559898098 -5.84734969562361 -5.999225944994156 -6.113572080719669 -6.227259793398776 -6.340508557380282 -6.4190803742511715 -6.474826858846718 -6.540669163487129 -6.623630467334046 -6.684205387603223 -6.756631922707674 -6.830814252602536 -6.944501965281645
-2.2692593871149196 -2.4338651487159444 -2.3717539080051577 -2.195077057220057 -1.9060293398486565 -1.7638099618253704 -1.7741252562190348 -1.452814809573833 -0.8220455311187034 -0.27665177434730603 -0.34007986115090105 -0.6354923346375414 -0.8025123140753818 -1.3687561339829095 -2.108165215094716 -2.7628571975691942 -3.2628197641387087 -3.7160342944135323 -4.172101991222774 -4.544111012441091 -4.8215265893260195 -5.048463065986633 -5.2247009680741305 -5.411912587601697 -5.488948084030977 -5.537232440767278 -5.589028387084401 -5.652017525190393 -5.739368316013337 -5.843399157345186 -5.988910650600491 -6.117303144649291 -6.257547253533366 -6.358505453981994 -6.44300307827052 -6.515429613374971 -6.580174546271374 -6.659404786188668 -6.686619605440038 -6.760362986637297 -6.830155829556132 -6.9065329029390075 -7.021756936059726
-2.612078319942655 -2.752102954477927 -2.666288484096593 -2.404894534674164 -2.0579055892192026 -1.9323662617048205 -1.7574452057101309 -1.4387684512505454 -0.9453901151450719 -0.500296135775899 -0.34007986115090105 -0.4206269471610029 -0.5788679526467888 -1.4328426438329087 -2.2095623642409477 -2.840990065742481 -3.3683869259121666 -3.838500981044695 -4.283814434762669 -4.644630264192117 -4.969891249115744 -5.157322342992111 -5.346948180356492 -5.504969711493477 -5.614048462847756 -5.661893870886455 -5.708202958483543 -5.764827340474296 -5.864468694830116 -5.96937743355717 -6.145176386947066 -6.235599818653228 -6.378038671025315 -6.464072615755452 -6.548131291346375 -6.6040972502907245 -6.6637942731646955 -6.724808142131476 -6.769141960589352 -6.836520585671372 -6.909386069473426 -6.997175808993973 -7.090013458536951
-2.9351445613782676 -3.0593670427998414 -2.8175063104207347 -2.388433958514062 -1.9666042601178337 -1.7984869089359865 -1.6198347890116738 -1.4010188632567102 -0.9133468602200723 -0.644710257287199 -0.46693603475809153 -0.3648804625654556 -0.4078974349305238 -1.2355352042604797 -2.4206966877878626 -3.051904914940595 -3.4844888564280896 -3.95482238590942 -4.430423299761983 -4.795189667469855 -5.089504769212489 -5.274521645252041 -5.495751788843819 -5.5997826301756675 -5.705349791949125 -5.752097828243816 -5.798626390189706 -5.89717037280152 -6.007127021551005 -6.092063594537134 -6.260839368765385 -6.365528633143638 -6.486897948030794 -6.564591867506477 -6.631531543890895 -6.687716977184045 -6.726344462573086 -6.780993575424626 -6.8488111492042485 -6.903899210753392 -6.980276284136267 -7.07684499760887 -7.162220519292601
-3.1359635905315186 -3.1682263198053198 -2.8835680894099465 -2.291645770692659 -1.7190371946698915 -1.405408350232738 -1.0118908428318862 -0.8005370449361697 -1.0992416336548305 -0.8376282098836008 -0.5797458500419941 -0.44542754857555744 -0.33415405373326434 -1.0046481893214412 -2.3142516286192 -3.1603252432484705 -3.5972986717119926 -4.157836158550684 -4.633437072403248 -4.97581705653338 -5.2477457746982745 -5.414326805438512 -5.623266385497414 -5.718518252877207 -5.793578480167275 -5.84098493950837 -5.935139435144157 -6.034780789499978 -6.128496336438161 -6.2320882290724064 -6.3659675818412405 -6.491945858053225 -6.592465109804252 -6.658307414444662 -6.724369193433873 -6.75114506398764 -6.789333600679078 -6.838495854810584 -6.903460262055789 -6.975228374113836 -7.052044396194315 -7.137858866575649 -7.190093761590374
-3.0909713490272384 -3.114016155651382 -2.8078494390734745 -2.1568885205286192 -1.5362150621183526 -0.9875291901149343 -0.5650410686723024 -0.7120888823692186 -1.011012945436681 -1.303352778040102 -1.0417393542688722 -0.7243794459020951 -0.48449398266220056 -0.9230037315673325 -1.6964313367433508 -2.5837661289472784 -3.820504084442983 -4.38191946867688 -4.84742456248458 -5.185634533987487 -5.441980573387484 -5.591442604921215 -5.749683610407001 -5.831767016858713 -5.9011209110799445 -5.941504191259396 -6.036317109941587 -6.145615335644668 -6.216066601609906 -6.3800139401645275 -6.468462102731479 -6.6071698911739425 -6.653917927468634 -6.732050795641921 -6.783846741959044 -6.810842086861612 -6.840471123949797 -6.893144967662124 -6.948013554862467 -7.042168050498253 -7.103620868162636 -7.161342621897395 -7.209188029936094
-2.917586613474158 -2.8420874374864877 -2.5591850018815254 -1.7965116397967742 -1.2901843171120198 -0.8468461325332579 -0.8819620283414769 -1.0123297915294889 -1.2849169327407872 -1.6549506848198923 -1.8619149957395817 -1.4782738340347916 -0.9576806786779484 -0.8317024024659636 -1.0876094931683578 -1.6182984685700639 -3.172615806781347 -4.6716256090946855 -5.174002393501015 -5.407962049323272 -5.647189089516763 -5.777556852704775 -5.927457832936108 -5.992422240181313 -6.046193455637648 -6.07384722358662 -6.162295386153572 -6.280372585808707 -6.3484096339371305 -6.5334265099766835 -6.555812893554423 -6.7344650134787365 -6.742366090035585 -6.814134202093633 -6.865930148410755 -6.8894139037325015 -6.919042940820686 -6.941648798747227 -7.001126347272397 -7.079698164143287 -7.103620868162636 -7.1657321088734225 -7.178461621103902
-2.6388541904964216 -2.520776990841286 -2.0943383311202295 -1.2271951790060274 -0.7662990465231565 -0.8595756447637375 -1.0274735215967832 -1.0489820077793173 -1.183739257943357 -1.4883696540796545 -1.9815285158363267 -2.2110986846825567 -1.589108380179482 -1.231145717284452 -0.9640454347931882 -1.4381100282041412 -3.380019066398639 -5.048463065986633 -5.498166006680634 -5.724224585946043 -5.886855078407856 -5.91955675637926 -6.1192784137885035 -6.07384722358662 -6.171074360105626 -6.233185600816413 -6.323389558173775 -6.43817464259689 -6.499627460261273 -6.657429517049456 -6.684863810649627 -6.86351593057394 -6.839154277856988 -6.90214341596298 -6.92606611998233 -6.94691618311846 -6.971936258881815 -6.9756673228114385 -7.049410704008698 -7.09154977897856 -7.117447752137122 -7.147076789225307 -7.127104623484382
-2.2999857959471104 -1.9850401054171487 -1.483102269708422 -0.9743607291868526 -0.6749977174217876 -0.6203486045702471 -0.9058847323608257 -0.9934549975325715 -0.8376282098836008 -0.7101136132300061 -0.882620451387881 -1.4640080013627026 -1.7291330147147543 -2.0054512198556758 -1.6222490068484885 -1.730669335156364 -3.8088719439565106 -5.671989690931317 -5.983204317531656 -5.966524267022752 -6.263473060951002 -6.13639741299501 -6.330193262986618 -6.2571083048357625 -6.350823851773946 -6.406350862020692 -6.490409537611615 -6.603658301593121 -6.649089491795005 -6.795698356794317 -6.861101712737125 -6.90214341596298 -6.910263966868632 -6.984007348065891 -6.999590026830788 -7.007930052085239 -7.025049051291747 -7.011002692968459 -7.072016561935239 -7.076406048911267 -7.100328752930615 -7.081673433282499 -7.042606999195856
-2.016205462946943 -1.4431579382265731 -1.0369109185952423 -0.9210284624281204 -0.7169173180428485 -0.641198667706377 -0.8894241562007235 -1.035813546851235 -1.0173777015519203 -0.8878878357591136 -0.7105525619276092 -0.8584782730197307 -1.343955532568355 -2.2334850682602965 -2.448350455736835 -2.6070304099202235 -4.348339893310271 -6.189071256707338 -6.656332145305449 -6.3097821485480905 -6.522672266885417 -6.382428158001343 -6.4967742937268556 -6.439052539992096 -6.51191802379415 -6.575346110597745 -6.66269690142069 -6.7711172297285644 -6.822913176045687 -6.914653453844659 -6.953719887931301 -7.026146423035753 -7.04172910180065 -7.034925396987807 -7.043704370939863 -7.050069127055102 -7.046996486171883 -7.034925396987807 -7.058189677960753 -7.056872831867945 -7.047654909218288 -6.997834232040377 -6.942526696142432
-1.6534143643782828 -1.1477454647399328 -0.970410190908428 -0.7774922383120262 -0.561748953440282 -0.4621075990844612 -0.5387041468161384 -0.55823736385946 -0.588085875296446 -0.7423763425038072 -0.8101939162834295 -1.1490623108327407 -1.6130310841988313 -2.0284960264798193 -2.6032993459906004 -2.531531233932553 -3.2356049448873394 -5.17948925222105 -6.897095505940549 -6.841568495693803 -6.73358711608353 -6.681791169766408 -6.713614950342606 -6.659404786188668 -6.6993491176705176 -6.772214601472571 -6.851225367041064 -6.912678184705446 -6.97435047671863 -7.060164947099965 -7.071577613237636 -7.098792432489006 -7.0919887276761635 -7.08672134330493 -7.101206650325821 -7.092427676373767 -7.055336511426335 -7.065212857122397 -7.013855859502877 -7.008588475131644 -6.964474131022569 -6.909825018171029 -6.8257663425801045
-1.3566850447988341 -1.1617918230632203 -0.9385864103322294 -0.6442713085895959 -0.3679531034486745 -0.22331950758857388 -0.06266428426597281 -0.08461171914610954 0.02183334002255366 -0.03237682413138421 -0.4761539574077487 -1.1238227607205835 -1.9172225316375262 -2.1002641385378666 -2.6340257548227917 -2.1783970067111533 -2.7536392749195366 -5.080725795260434 -7.083209753724109 -7.167707378012635 -6.924090850843117 -6.957231477512124 -6.840032175252194 -6.863954879271542 -6.880634929780447 -6.948891452257672 -7.0182453464789045 -7.081673433282499 -7.12183723911315 -7.160245250153388 -7.1832900567775315 -7.162220519292601 -7.159806301455786 -7.121178816066745 -7.116789329090718 -7.080795535887294 -7.054458614031129 -7.053800190984726 -6.981593130229076 -6.978301014997055 -6.868783314945173 -6.828400034765721 -6.6964959511361
-1.3220080976882183 -1.132601734672638 -0.9146637063128806 -0.6646824230281232 -0.4234801136954207 -0.24197482723668973 -0.028426285852959587 0.13222893746964148 0.2380155735919005 0.24350243231193458 -0.18337517610672505 -0.6905803961866845 -1.4846385901500314 -1.8355780738834175 -2.411917713835808 -2.1189194581859825 -2.6974538416263867 -5.030027220687318 -7.4424892627119466 -7.500211016446706 -7.16375683973421 -7.232013362211436 -7.0513859731479105 -7.096378214652191 -7.10427929120904 -7.146198891830101 -7.214016465609724 -7.233988631350648 -7.28732089810938 -7.2554971175331815 -7.2785419241573255 -7.2219175421665724 -7.2047985429600665 -7.157392083618971 -7.128201995228389 -7.092427676373767 -7.0548975627287325 -7.036242243080617 -6.950866721396885 -6.930455606958358 -6.795039933747914 -6.748730846150825 -6.596415648082676
-1.2737237409519175 -1.1255785555109945 -0.9186142445913053 -0.8106328649810326 -0.6798261530954175 -0.5202683015168237 -0.2057615596844644 -0.04269211852504862 0.09052881119738165 0.09557672121981309 -0.17503515085227273 -0.5593347356034668 -1.2168798846123634 -1.4405242460409564 -1.8033153446096166 -1.9005424811286222 -2.4904895307066974 -5.220969904144507 -7.638918804889171 -7.779382388122046 -7.421639199575817 -7.445561903595166 -7.293246705527017 -7.329679447428044 -7.269324001507668 -7.3121214995239345 -7.322436793917599 -7.341092113565715 -7.396180175114859 -7.341531062263318 -7.363039548445852 -7.265812411926847 -7.248693412720339 -7.172535813686265 -7.142687302249279 -7.085185022863321 -7.046118588776677 -7.015831128642089 -6.92606611998233 -6.861540661434727 -6.7149317964354145 -6.654576350515038 -6.459244180081821
-1.2774548048815406 -1.1402833368806862 -0.9982834332062014 -0.9752386265820578 -0.9322216542169901 -0.8883267844567166 -0.5665773891139119 -0.3811215643767567 -0.24768116030552534 -0.1133628588390887 -0.38595000005038704 -0.7774922383120262 -1.4273557851128746 -1.3623913778676697 -1.0988026849572279 -1.3204717772466088 -2.166764866224681 -4.900098406196909 -7.793648220794134 -8.00653833913146 -7.664816778047732 -7.663280457606122 -7.529401104837288 -7.563639103250301 -7.482214119844994 -7.463119851499275 -7.473874094590542 -7.4424892627119466 -7.498235747307494 -7.404081251671707 -7.438758198782324 -7.31453571736075 -7.304878846013489 -7.220381221724963 -7.166171057571026 -7.108668778185067 -7.023732205198938 -7.004198988155617 -6.865930148410755 -6.791747818515892 -6.6324094412861 -6.515429613374971 -6.324925878615385
-1.2144656667755482 -1.1657423613416449 -1.0759773526818854 -1.1211890685349672 -1.1769355531305146 -1.1701318483176721 -1.1262369785573987 -0.9201505650329147 -0.6330781168007262 -0.44937808685398206 -0.32778929761802456 -0.6798261530954175 -1.4493032199930114 -1.4747622444539696 -1.1666202587368502 -1.1354549012070558 -1.8928608789205745 -4.850277729018998 -7.846761013204065 -8.145685076271526 -7.8581736793417365 -7.965057687208002 -7.738560159244991 -7.7844302981444775 -7.65011199667804 -7.6149961008698215 -7.5779049359223905 -7.552445911461431 -7.563200154552699 -7.439636096177529 -7.503064182981124 -7.339116844426503 -7.341531062263318 -7.219503324329757 -7.17165791629106 -7.0955003172569855 -7.00463793685322 -6.943624067886439 -6.762777204474112 -6.724369193433873 -6.527061753861444 -6.38352552974535 -6.2340634982116185
-1.2989632910640747 -1.2335599351212672 -1.1633281435048297 -1.3101564828529444 -1.4102367859063678 -1.4859554362428393 -1.5285334599103049 -1.5704530605313658 -1.2818442918575679 -0.8073407497490122 -0.4322590876474752 -0.37607365435432527 -1.220830422890788 -1.5162428963774284 -1.3878504023286284 -1.189226116663391 -1.717500874228282 -4.843474024206156 -8.461069715499093 -8.676374051673234 -8.048457939752522 -8.219428457468787 -7.951889226279921 -7.929941791399783 -7.798476656467765 -7.747778081894649 -7.688739482067081 -7.606656075615369 -7.613898729125815 -7.4846283376818095 -7.553982231903042 -7.36106427930664 -7.376646958071537 -7.235086003094654 -7.164634737129417 -7.071577613237636 -6.928919286516748 -6.862418558829933 -6.689692246323258 -6.631531543890895 -6.408984554206309 -6.294638418480796 -6.146712707388675
-1.365464018750889 -1.2941348553904444 -1.2258783329132195 -1.5142676272382158 -1.615445302035646 -1.734180924737186 -1.832285958651397 -2.048468192220744 -2.06229507619523 -1.700820823719378 -1.292598534948835 -1.1418196573222956 -1.4504005917370182 -1.250678934327774 -0.9341969233562022 -0.5646021199746998 -1.0544688664993513 -4.572423203436467 -8.629626015378541 -9.027533009755421 -8.37898630904738 -8.447023357175805 -8.178825702940534 -8.11386129569533 -7.901629600404407 -7.841932577530435 -7.77367605505321 -7.678863136371019 -7.689617379462287 -7.517768964350816 -7.566053321087116 -7.383889611581981 -7.367429035421879 -7.198433786844827 -7.116350380393115 -7.013855859502877 -6.865491199713152 -6.776165139750995 -6.585661404991409 -6.507528536818123 -6.335680121706652 -6.224406626864359 -6.067482467471381
-1.4297700029496894 -1.4400852973433538 -1.5162428963774284 -1.761834692686158 -1.6861160423496864 -1.7697357692430074 -1.7506415008972884 -1.8443570478354723 -1.9938190793692034 -2.1377942521829003 -2.480174236313033 -2.402041368139747 -2.0436397565471136 -1.3531734552180121 -1.1734239635496926 -0.9958692153693862 -1.4460111047609905 -4.917217405403415 -9.005146626177682 -9.365962455607129 -8.713026267923063 -8.695468320018954 -8.289221300387622 -8.236547456675293 -8.027607876616392 -7.9444270984206735 -7.842371526228038 -7.725391698316909 -7.719465890899272 -7.562102782808692 -7.578782833317597 -7.365453766282667 -7.301367256432668 -7.136322546134039 -7.03053591001178 -6.912678184705446 -6.769141960589352 -6.6637942731646955 -6.490409537611615 -6.46056102617463 -6.257986202230968 -6.164270655292784 -6.037195007336792
