static/ASC_sea/1979/12/ERA5V/00.asc
ncols         201
nrows         201
xllcorner     105.0
yllcorner     0.0
cellsize      0.25
NODATA_value  -32767
[rows 76 to 94 of 201, columns 129 to 171 of 201]
-3.3073730569453863 -3.2092680230311754 -3.1276235652770668 -3.041150671849328 -2.9777225850457327 -2.9195618826133707 -2.835722681371248 -2.7321307887370025 -2.603738294688203 -2.4523009940152596 -2.3702175875635483 -2.296035257668686 -2.238532978282728 -2.1891512498024204 -2.1970523263592696 -2.1623753792486533 -2.1290152782308454 -2.0822672419361545 -2.01576651424934 -1.9639705679322175 -1.9240262364503686 -1.8897882380373552 -1.879472943643691 -1.8913245584789649 -1.8897882380373552 -1.8990061606870128 -1.9097604037782796 -1.9005424811286222 -1.8805703153876978 -1.859061829205164 -1.8487465348114995 -1.848307586113897 -1.8450154708818765 -1.8331638560466026 -1.8248238307921505 -1.8303106895121848 -1.845454419579479 -1.8546723422291365 -1.848307586113897 -1.8463323169746846 -1.840625983905849 -1.8307496382097874 -1.8518191756947187
-3.2272649196328875 -3.1539604871332307 -3.0940439899104573 -3.0446622614301497 -2.98211207202176 -2.9035402551508707 -2.8210179000015563 -2.719840225204126 -2.609005679059436 -2.499268504658752 -2.4279393412983077 -2.352220690961836 -2.2940599885294737 -2.2677230666733097 -2.233046119562694 -2.1915654676392355 -2.1465732261349553 -2.0954357028642363 -2.0212533729693742 -1.9854790541147513 -1.957166863119375 -1.9371946973784506 -1.922489916008759 -1.914149890754307 -1.9275378260311904 -1.935658376936841 -1.9343415308440328 -1.9181004290327317 -1.9084435576854715 -1.8946166737109853 -1.8873740202005402 -1.8825455845269101 -1.8562086626707461 -1.8669629057620132 -1.8814482127829033 -1.8941777250133827 -1.8946166737109853 -1.882984533224513 -1.8649876366228009 -1.8507218039507118 -1.8439180991378694 -1.841942829998657 -1.8546723422291365
-3.149132051459601 -3.097775053840081 -3.0505880688477864 -3.0075710964827187 -2.964554124117651 -2.9254876900310074 -2.849769039694536 -2.7575898131979613 -2.6608016253765587 -2.558746053183923 -2.453837314456869 -2.38338604849163 -2.3405885504753634 -2.3111789877359805 -2.258505144023652 -2.2301929530282756 -2.1783970067111533 -2.1050925742114965 -2.044517653942319 -2.0045733224604705 -1.979772721045916 -1.9650679396762243 -1.957166863119375 -1.9582642348633819 -1.979772721045916 -1.9918438102299911 -1.9914048615323883 -1.9850401054171487 -1.9639705679322175 -1.9367557486808478 -1.914808313800711 -1.9029566989654374 -1.9029566989654374 -1.915247262498314 -1.9185393777303343 -1.9205146468695466 -1.933244159100026 -1.9244651851479713 -1.9005424811286222 -1.8849598023637253 -1.8840819049685198 -1.8821066358293075 -1.8726692388308486
-3.1072124508385395 -3.093385566864053 -3.045979107522958 -3.0025231864602873 -2.958189368002411 -2.905954472987686 -2.8258463356751866 -2.766368787150016 -2.6906501368135443 -2.612078319942655 -2.5328480800253614 -2.4630552371065266 -2.4000660990005342 -2.346953306590603 -2.296035257668686 -2.2525793366060154 -2.181250173245571 -2.1329658165092704 -2.099386241142661 -2.069537729705675 -2.044517653942319 -2.053516102243175 -2.0603198070560174 -2.0763414345185174 -2.0862177802145787 -2.075463537123312 -2.069537729705675 -2.0451760769887235 -2.011377027273313 -1.9791142979995118 -1.957166863119375 -1.9376336460760533 -1.9299520438680056 -1.9323662617048205 -1.9444373508888957 -1.9723105931866693 -1.9777974519067036 -1.9547526452825599 -1.9431205047960876 -1.9229288647063618 -1.9060293398486565 -1.8990061606870128 -1.9084435576854715
-3.099750322979293 -3.0630981067294645 -3.0020842377626846 -2.978600482440938 -2.942167740539911 -2.907929742126898 -2.8629375006226176 -2.816628413025529 -2.7433239805258727 -2.667166381491798 -2.587497192876902 -2.503657991634779 -2.4338651487159444 -2.3805328819572127 -2.3293953586864937 -2.2784773097645767 -2.2389719269803305 -2.216585543402591 -2.1827864936871806 -2.1564495718310166 -2.1549132513894067 -2.163253276643859 -2.162814327946256 -2.167203814922283 -2.165667494480674 -2.1360384573924893 -2.1145299712099552 -2.079194601052935 -2.0572471661727985 -2.028934975177422 -1.9986475150428333 -1.970335324047457 -1.95958108095619 -1.9606784527001968 -1.9777974519067036 -1.9973306689500252 -2.003695425065265 -1.9938190793692034 -1.9859180028123542 -1.9709937470938612 -1.9582642348633819 -1.9538747478873546 -1.9435594534936902
-3.097775053840081 -3.0319327491996706 -3.0167890191323763 -2.9889157768346024 -2.963017803676041 -2.9307550744022404 -2.894322332501213 -2.827382656116796 -2.761320877127585 -2.6978927903239898 -2.6208572938947094 -2.5475528613950527 -2.4850026719866634 -2.42991461043752 -2.38975080460687 -2.3482701526834115 -2.3346627430577267 -2.314690577316802 -2.2907678732974532 -2.2769409893229673 -2.2707957075565286 -2.2633335796972824 -2.273648874090947 -2.2633335796972824 -2.217463440797797 -2.181250173245571 -2.1540353539942014 -2.128576329533243 -2.103117305072284 -2.068440357961668 -2.034860782595059 -2.019717052527765 -2.016863885993347 -2.0245454882013947 -2.045615025686326 -2.06229507619523 -2.0690987810080723 -2.0627340248928325 -2.050443461359956 -2.0352997312926617 -2.0256428599454015 -2.0094017581341004 -1.9874543232539637
-3.093385566864053 -3.0451012101277524 -3.0378585566173073 -3.009985314319534 -2.98364839246337 -2.964115175420048 -2.9200008313109733 -2.8502079883921385 -2.7790982993804954 -2.715450738228099 -2.649169484890086 -2.589472462016114 -2.532409131327759 -2.503657991634779 -2.4630552371065266 -2.462177339711321 -2.4474725583416292 -2.422013533880671 -2.402041368139747 -2.388433958514062 -2.3673644210291305 -2.3601217675186854 -2.3625359853555006 -2.318641115595227 -2.272112553649337 -2.2486287983275908 -2.222950299517831 -2.19880812114968 -2.164350648387866 -2.12967370127725 -2.109482061187524 -2.0998251898402636 -2.0978499207010515 -2.1241868425572155 -2.145256380042147 -2.159302738365434 -2.159302738365434 -2.141744790461325 -2.1334047652068726 -2.1182610351395788 -2.106628894653106 -2.088631998051394 -2.0666845631712576
-3.1001892716768955 -3.0988724255840876 -3.0655123245662796 -3.037200133570903 -3.0128384808539517 -2.9937442125082327 -2.931852446146247 -2.871716474574672 -2.798631516423817 -2.7457381983626874 -2.6798958937222777 -2.64170735703084 -2.5997877564097784 -2.5743287319488197 -2.5635744888575527 -2.5651108092991626 -2.5392128361406012 -2.513753811679642 -2.4924647998459095 -2.482588454149848 -2.461518916664917 -2.4542762631544717 -2.42508617476389 -2.3805328819572127 -2.360560716216288 -2.3394911787313566 -2.315129526014405 -2.2868173350190286 -2.2517014392108097 -2.2282176838890635 -2.2106597359849545 -2.202319710730502 -2.213951851216975 -2.240947196119543 -2.2413861448171457 -2.2556519774892347 -2.2486287983275908 -2.2115376333801597 -2.20517287726492 -2.1887123011048173 -2.176860686269544 -2.1735685710375234 -2.1540353539942014
-3.1418893979491553 -3.1539604871332307 -3.1072124508385395 -3.0929466181664504 -3.0685849654494985 -3.0163500704347737 -2.9513856631895687 -2.8903717942227884 -2.816628413025529 -2.763954569313201 -2.7253270839241606 -2.69152803420875 -2.6623379458181677 -2.657509510144538 -2.646096844006867 -2.6291973191491618 -2.5973735385729633 -2.5743287319488197 -2.5611602710207375 -2.5515033996734777 -2.5490891818366626 -2.534384400466971 -2.494220594636321 -2.470956313663376 -2.4507646735736497 -2.43474304611115 -2.411917713835808 -2.3816302537012195 -2.3506843705202263 -2.3274200895472816 -2.3171047951536172 -2.307228449457556 -2.329834307384097 -2.32873693564009 -2.32873693564009 -2.32237217952485 -2.3166658464560146 -2.275624143230159 -2.2569688235820426 -2.24050824742194 -2.2418250935147483 -2.249287221373995 -2.232168222167488
-3.177444242454977 -3.185784267709429 -3.1662510506661072 -3.1423283466467584 -3.098433476886485 -3.03983382575652 -3.0025231864602873 -2.9171476647765555 -2.8502079883921385 -2.8023625803534404 -2.7564924414539544 -2.7169870586697087 -2.7082080847176537 -2.701843328602414 -2.692186457255154 -2.681432214163887 -2.6441215748676545 -2.6208572938947094 -2.6201988708483057 -2.6305141652419697 -2.628099947405155 -2.6046161920834083 -2.5817908598080663 -2.5572097327423133 -2.535262297862176 -2.517265401260464 -2.504535889029985 -2.4678836727801565 -2.43957148178478 -2.4187214186486505 -2.4127956112310134 -2.3972129324661164 -2.390409227653274 -2.3853613176308426 -2.3781186641203975 -2.3737291771443703 -2.353318062705843 -2.331151153476905 -2.314690577316802 -2.3155684747120078 -2.328297986942487 -2.333784845662521 -2.3254448204080695
-3.2121211895655932 -3.214535407402408 -3.209706971728778 -3.1770052937573743 -3.1359635905315186 -3.085045541609601 -3.019203236969191 -2.923512420891795 -2.8820317689683366 -2.839014796603269 -2.7946809781453927 -2.7843656837517283 -2.774708812404468 -2.7551755953611465 -2.7380565961546397 -2.723790763482551 -2.6965759442311814 -2.689113816371935 -2.6978927903239898 -2.7101833538568663 -2.7169870586697087 -2.710622302554469 -2.678798521978271 -2.645657895309264 -2.6252467808707367 -2.610541999501045 -2.5802545393664564 -2.5431633744190254 -2.51331486298204 -2.4850026719866634 -2.459104698828102 -2.4518620453176565 -2.4459362379000202 -2.4371572639479653 -2.423988803019883 -2.4123566625334107 -2.390409227653274 -2.402480316837349 -2.3972129324661164 -2.3967739837685134 -2.4088450729525888 -2.425525123461493 -2.4211356364854657
-3.2755492763691882 -3.2702818919979553 -3.2452618162345996 -3.206195382147956 -3.1587889228068606 -3.1037008612577175 -3.0367611848733005 -2.995280532949842 -2.950946714491966 -2.906832370382891 -2.86974120543546 -2.84889114229933 -2.8043378494926525 -2.801045734260632 -2.7911693885645708 -2.7687830049868314 -2.769221953684434 -2.7815125172173105 -2.7878772733325503 -2.7951199268429954 -2.7995094138190226 -2.7922667603085776 -2.769221953684434 -2.7461771470602905 -2.721376545645736 -2.6906501368135443 -2.649608433587689 -2.6193209734531 -2.5782792702272443 -2.5383349387453955 -2.5060722094715944 -2.4885142615674853 -2.485441620684266 -2.480613185010636 -2.477760018476218 -2.480174236313033 -2.485441620684266 -2.494220594636321 -2.501682722495567 -2.5100227477500194 -2.5192406703996766 -2.526044375212519 -2.5056332607739917
-3.3420500040560026 -3.3297594405231257 -3.2906930064364825 -3.2399944318633667 -3.179858460291792 -3.1227951296034364 -3.0797781572383687 -3.0347859157340884 -2.9937442125082327 -2.972894149372103 -2.9590672653976164 -2.934266663983062 -2.9035402551508707 -2.885982307246761 -2.8644738210642275 -2.845818501416111 -2.86974120543546 -2.8644738210642275 -2.8776422819923093 -2.885982307246761 -2.8848849355027544 -2.884007038107549 -2.8664490902034396 -2.838575847905666 -2.807410490375872 -2.774708812404468 -2.738934493549845 -2.6715558684678253 -2.616467806918682 -2.5782792702272443 -2.5598434249279296 -2.5411881052798133 -2.549528130534265 -2.5572097327423133 -2.56950029627519 -2.577401372832039 -2.5881556159233057 -2.591008782457724 -2.6096641021058398 -2.6193209734531 -2.6153704351746754 -2.5978124872705664 -2.587058244179299
-3.3995522834419605 -3.3815553868402484 -3.3433668501488105 -3.2863035194604553 -3.2209001635176477 -3.182272678128607 -3.144742564483573 -3.107651399536142 -3.079339208540766 -3.0762665676575467 -3.043564889686143 -3.014374801295561 -2.9865015589977872 -2.9625788549784384 -2.9279019078678226 -2.9518246118871714 -2.966529393256863 -2.9704799315352877 -2.9816731233241573 -2.984526289858575 -2.968504662396075 -2.9777225850457327 -2.940192471400699 -2.9230734721941922 -2.8991507681748434 -2.854158526670563 -2.789633068122961 -2.715450738228099 -2.6794569450246746 -2.631611536985977 -2.610980948198648 -2.6052746151298125 -2.621735191289915 -2.638415241798819 -2.661240574074161 -2.6823101115590924 -2.7066717642760443 -2.7253270839241606 -2.7409097626890575 -2.7316918400394004 -2.7189623278089208 -2.7110612512520715 -2.703379649044024
-3.467369857221583 -3.4366434483893915 -3.3975770143027484 -3.3488537088688446 -3.29025405773888 -3.2555771106282636 -3.2296791374697023 -3.198952728637511 -3.1695431658981277 -3.1579110254116554 -3.134866218787512 -3.114016155651382 -3.0846065929119986 -3.058708619753437 -3.0451012101277524 -3.0530022866846016 -3.05431913277741 -3.0690239141471016 -3.0773639394015535 -3.0729744524255262 -3.0709991832863137 -3.0694628628447043 -3.0275432622236433 -3.010863211714739 -2.9860626103001846 -2.92592663872861 -2.851744308833748 -2.772075120218852 -2.734106057876215 -2.697014892928784 -2.693503303347962 -2.6978927903239898 -2.719840225204126 -2.7380565961546397 -2.7815125172173105 -2.8122389260495018 -2.8394537453008715 -2.8449406040209055 -2.8438432322768987 -2.8366005787664537 -2.8214568486991594 -2.809166285166283 -2.7922667603085776
-3.556256968486137 -3.527066880095555 -3.473734613336823 -3.417768654392474 -3.3648753363313446 -3.3277841713839136 -3.302325146922955 -3.285864570762852 -3.262380815441106 -3.2476760340714144 -3.230557034864908 -3.2057564334503534 -3.174591075920559 -3.1486931027619978 -3.142767295344361 -3.142767295344361 -3.15549680757484 -3.164714730224498 -3.1730547554789497 -3.1686652685029224 -3.167128948061313 -3.1436451927395663 -3.11204088651217 -3.0940439899104573 -3.044223312732547 -2.9829899694169657 -2.923951369589398 -2.8477937705553233 -2.8122389260495018 -2.795558875540598 -2.7922667603085776 -2.8067520673294677 -2.8286995022096044 -2.867326987598645 -2.9107829086613157 -2.940192471400699 -2.9553362014679934 -2.960603585839226 -2.9441430096791237 -2.9347056126806645 -2.9107829086613157 -2.894761281198816 -2.8776422819923093
-3.6666525659332247 -3.6135397735232937 -3.5529648532541165 -3.4825135872888775 -3.4322539614133643 -3.395601745163536 -3.373654310283399 -3.357193734123297 -3.3433668501488105 -3.3288815431279204 -3.305836736503777 -3.2775245455084003 -3.2463591879786065 -3.2349465218409352 -3.2292401887720996 -3.231215457911312 -3.2511876236522363 -3.255138161930661 -3.254479738884257 -3.249651303210627 -3.2375802140265515 -3.214535407402408 -3.1886374342438466 -3.1651536789221004 -3.114894053046587 -3.0630981067294645 -3.003620558204294 -2.9445819583767263 -2.9250487413334048 -2.9127581778005283 -2.92592663872861 -2.9406314200983017 -2.9617009575832327 -3.0040595069018967 -3.032810646594876 -3.0466375305693623 -3.062220209334259 -3.054977555823814 -3.0378585566173073 -3.0295185313628554 -2.992866315113027 -2.9777225850457327 -2.960603585839226
-3.755978625895381 -3.699793192602231 -3.615953991360109 -3.5446248279996646 -3.4904146638457267 -3.4664919598263775 -3.4445445249462407 -3.420621820926892 -3.403941770417988 -3.3811164381426457 -3.353682144542475 -3.331734709662338 -3.311323595223811 -3.3014472495277496 -3.300569352132544 -3.3086899030381947 -3.319005197431859 -3.3126404413166193 -3.313737813060626 -3.310226223479804 -3.2906930064364825 -3.2917903781804894 -3.2663313537195307 -3.2399944318633667 -3.218924894378435 -3.171079486339737 -3.1173082708834023 -3.0749497215647383 -3.0630981067294645 -3.0593670427998414 -3.0738523498207315 -3.0837286955167933 -3.103261912560115 -3.1203809117666212 -3.1328909496482993 -3.1462788849251826 -3.147595731017991 -3.1388167570659364 -3.125648296137854 -3.116430373488197 -3.079339208540766 -3.062220209334259 -3.0451012101277524
-3.828844109697435 -3.7482970236873334 -3.6690667837700395 -3.602346581734424 -3.5485753662780892 -3.5275058287931578 -3.507972611749836 -3.4851472794744938 -3.454201396293501 -3.422597090066104 -3.3982354373491526 -3.3743127333298033 -3.3503900293104545 -3.3444642218928173 -3.3492926575664477 -3.3565353110768927 -3.3679479772145635 -3.3668506054705567 -3.369264823307372 -3.364436387633742 -3.3512679267056598 -3.3624611184945294 -3.3409526323119954 -3.3341489274991534 -3.315713082199838 -3.291131955134085 -3.2500902519082295 -3.2301180861673053 -3.212560138263196 -3.2105848691239833 -3.208170651287168 -3.2149743561000106 -3.208170651287168 -3.2101459204263807 -3.220461214820045 -3.222436483959257 -3.2257285991912776 -3.22287543265686 -3.21168224086799 -3.180955832035799 -3.159447345853265 -3.1436451927395663 -3.130476731811484
