static/ASC_sea/1979/12/ERA5V/00.asc
ncols         201
nrows         201
xllcorner     105.0
yllcorner     0.0
cellsize      0.25
NODATA_value  -32767
[rows 152 to 170 of 201, columns 86 to 128 of 201]
-5.576298874853921 -5.6228274367998115 -5.592978925362825 -5.584638900108374 -5.5997826301756675 -5.569056221343476 -5.597807361036455 -5.484558597054949 -5.537890863813682 -5.481705430520532 -5.429909484203409 -5.389306729675156 -5.322367053290739 -5.236113634211802 -5.153591279062487 -5.040123040732181 -4.953211198606839 -4.828330294138862 -4.69313409527722 -4.535332038489036 -4.373140494724826 -4.153007722877055 -3.9210233361940094 -3.722399050528772 -3.5178489574458975 -3.3635584902385363 -3.1945632416614838 -3.087679233795218 -2.964115175420048 -2.8526222062289532 -2.7461771470602905 -2.6423657800772435 -2.571475565414402 -2.4773210697786157 -2.4264030208566982 -2.351342793566631 -2.2999857959471104 -2.240947196119543 -2.1939796854760503 -2.1485484952741674 -2.0954357028642363 -2.0704156271008802 -2.0548329483359833
-5.559838298693819 -5.589028387084401 -5.569495170041079 -5.544036145580121 -5.54557246602173 -5.532842953791251 -5.516382377631148 -5.500141275819846 -5.4147657541361145 -5.417618920670533 -5.371309833073444 -5.328292860708376 -5.267717940439199 -5.182781367453069 -5.083140013097249 -4.967038082581325 -4.850277729018998 -4.715081530157356 -4.587127984806159 -4.428009081925167 -4.270207025136985 -4.100333879164726 -3.8874437608274 -3.6993542439046285 -3.5027052273786032 -3.3420500040560026 -3.1877595368486413 -3.076924990703951 -2.937778253563884 -2.8142141951887143 -2.6715558684678253 -2.56313554015995 -2.4913674281019027 -2.4068698038133762 -2.3566101779378634 -2.2644309514412893 -2.1963939033128654 -2.130112649974852 -2.0811698701921477 -2.0401281669662916 -1.9949164511132103 -1.9753832340698885 -1.963092670537012
-5.594954194502037 -5.5767378235515235 -5.608561604127722 -5.585077848805976 -5.541182979045702 -5.549961952997757 -5.425958945924984 -5.46546432870923 -5.356166103006149 -5.371748781771046 -5.323025476337143 -5.269693209578411 -5.209118289309234 -5.112110627139029 -5.011371901039202 -4.865860407783895 -4.744710567245541 -4.594809587014207 -4.461149708594174 -4.308395561828423 -4.159811427689897 -3.9908161791128443 -3.834111494068668 -3.6545814767491493 -3.4800993694520623 -3.3229557357102832 -3.1778831911525796 -3.073413401123129 -2.931852446146247 -2.7575898131979613 -2.6133951660354633 -2.4792963389178277 -2.3991882016053285 -2.336199063499336 -2.2633335796972824 -2.1509627131109825 -2.073927216681702 -2.0089628094364977 -1.9714326957914639 -1.930829941263211 -1.902078801570232 -1.8821066358293075 -1.8908856097813622
-5.5841999514107705 -5.504969711493477 -5.536354543372072 -5.500580224517449 -5.4553685086643675 -5.52164976200238 -5.384917242699129 -5.386892511838341 -5.309857015409062 -5.315124399780294 -5.254110530813514 -5.201436687101186 -5.12023117804468 -5.0221261441304685 -4.922484789774648 -4.765780104730472 -4.6485808024705415 -4.490339796984756 -4.347461995915066 -4.197999964381335 -4.050074253289213 -3.912683310939557 -3.755978625895381 -3.6135397735232937 -3.4498119093174737 -3.3062756852013795 -3.1813947807334015 -3.0690239141471016 -2.9083686908245006 -2.7321307887370025 -2.530872810886149 -2.3961155607221096 -2.296035257668686 -2.2334850682602965 -2.1364774060900924 -2.0212533729693742 -1.9420231330520807 -1.8781560975508829 -1.840625983905849 -1.8175811772817054 -1.7888300375887263 -1.7932195245647538 -1.8024374472144111
-5.501238647563854 -5.437591086411457 -5.449003752549128 -5.4132294336945055 -5.355727154308547 -5.432323702040224 -5.369773512631834 -5.332243398986801 -5.262450556067966 -5.2437952364198495 -5.183220316150672 -5.112988524534234 -5.031344066780126 -4.922045841077045 -4.828769242836464 -4.682818800883555 -4.567155819065235 -4.406939544440236 -4.2629643716265395 -4.112404968348802 -3.9660155776982897 -3.828844109697435 -3.680259975558909 -3.5430885075580547 -3.404380719115591 -3.2755492763691882 -3.1642757815268947 -3.0163500704347737 -2.8508664114385427 -2.6296362678467644 -2.4279393412983077 -2.286378386321426 -2.183225442384783 -2.0963136002594416 -1.9973306689500252 -1.8965919428501976 -1.8088022033296507 -1.743837796084446 -1.7052103106954055 -1.6823849784200633 -1.6931392215113301 -1.7076245285322205 -1.7146477076938642
-5.404011511044848 -5.415204702833718 -5.396768857534402 -5.411912587601697 -5.406425728881663 -5.332243398986801 -5.313149130641082 -5.294713285341767 -5.211093558448446 -5.183878739197077 -5.0993811149085495 -5.018834028898448 -4.9268742767506755 -4.821087640628416 -4.730664208922253 -4.605124881407871 -4.494729283960783 -4.323319817546915 -4.196024695242122 -4.030541036245891 -3.8815179534097632 -3.7335922423176418 -3.5845691594815134 -3.4489340119222684 -3.3205415178734685 -3.1930269212198743 -3.0617812606366566 -2.891688640315597 -2.6866995985351196 -2.466566826687348 -2.299546847249508 -2.157985892272626 -2.066026140124853 -1.9670432088154366 -1.8834234819221156 -1.7888300375887263 -1.695992388045748 -1.6071052767811942 -1.5700141118337632 -1.5807683549250302 -1.5954731362947219 -1.6369537882181802 -1.6485859287046525
-5.300858567108206 -5.3214891558955335 -5.347387129054095 -5.362969807818992 -5.36582297435341 -5.312271233245877 -5.275180068298445 -5.201436687101186 -5.1384475489951935 -5.084676333538859 -5.007421362760777 -4.9268742767506755 -4.839962434625334 -4.74624688768715 -4.639362879820884 -4.526114115839379 -4.424497492344345 -4.241455885444005 -4.099894930467124 -3.9420928736789405 -3.785827137332367 -3.635048259705828 -3.4796604207544597 -3.3449031705904204 -3.1890763829414492 -3.0347859157340884 -2.8526222062289532 -2.667166381491798 -2.45712942968889 -2.3028389624815286 -2.1612780075046465 -2.0500045126623534 -1.9606784527001968 -1.8713523927380404 -1.8120943185616714 -1.6916029010697207 -1.5684777913921537 -1.4752011931515727 -1.4675195909435246 -1.4947344101948943 -1.51975448595825 -1.550041946092839 -1.5895473288770847
-5.093894256188516 -5.188268226173104 -5.3410223729388555 -5.35462978256454 -5.2672789917415965 -5.267717940439199 -5.188707174870706 -5.103112178838173 -5.067996283029954 -4.956283839490059 -4.898123137057697 -4.827891345441259 -4.7262747219462256 -4.62421914975359 -4.538843628069858 -4.437665953272428 -4.31278504880445 -4.178905696035616 -4.014738883132193 -3.8516694419727773 -3.6853078855813406 -3.5064362913082263 -3.3326126070575435 -3.1658121019685046 -2.9698215084888835 -2.8098247082126866 -2.591447731155326 -2.4307925078327255 -2.2692593871149196 -2.1549132513894067 -2.0587834866144084 -1.9670432088154366 -1.896152994152595 -1.8024374472144111 -1.7374730399692064 -1.594375764550715 -1.490344923218867 -1.444474784319381 -1.4392073999481485 -1.4547900787130454 -1.4802491031740042 -1.5109755120061954 -1.5441161386752018
-4.973402838696565 -5.049121489033037 -5.167198688688172 -5.28242272180889 -5.291201695760945 -5.227773608957349 -5.071507872610777 -5.068654706076359 -4.9518943525140315 -4.869371997364717 -4.780484886100163 -4.699937800090062 -4.613903855359926 -4.516237770143317 -4.415279569694688 -4.335610381079792 -4.220825296656677 -4.090018584771062 -3.9348502201684954 -3.7687081381258603 -3.598834992153602 -3.406355988254803 -3.2160717278440174 -3.0431259409885403 -2.8420874374864877 -2.6798958937222777 -2.4830274028474513 -2.356171229240261 -2.24050824742194 -2.141305841763722 -2.036836051734271 -1.9328052104024234 -1.853136021787527 -1.7565673083149254 -1.6793123375368442 -1.5583819713472908 -1.4683974883387303 -1.4392073999481485 -1.4352568616697239 -1.447986373900203 -1.474323295756367 -1.5002212689149284 -1.5085612941693802
-4.756123233383212 -4.946407493793997 -5.108160088860605 -5.2106546097508435 -5.219872532400501 -5.148543369040056 -5.0416593611737905 -5.022565092828072 -4.863007241249478 -4.825916076302047 -4.686769339161979 -4.569131088204447 -4.4811218743350985 -4.3849921095601 -4.2961049982955455 -4.20677893833339 -4.1255734292768835 -3.970405064674317 -3.846841006299147 -3.6725783733508615 -3.505558393913021 -3.317468876990249 -3.1179666939298065 -2.9390950996566922 -2.7648324667084063 -2.6076888329666277 -2.458665750130499 -2.346953306590603 -2.2258034660522483 -2.1165052403491678 -2.016205462946943 -1.9156862111959165 -1.8164838055376986 -1.711575066810645 -1.623785327290098 -1.5524561639296537 -1.5250218703294829 -1.4855164875452367 -1.4683974883387303 -1.472348026617155 -1.4767375135931822 -1.4923201923580791 -1.5173402681214352
-4.613464906662323 -4.815600781908382 -4.999300811855127 -5.138886497692797 -5.154908125155296 -5.130107523740741 -5.005665567970366 -4.947065916840401 -4.850716677716601 -4.762487989498451 -4.610611740127905 -4.501752463122427 -4.374237866468833 -4.249795910698458 -4.190098887824486 -4.053805317218837 -3.999156204367296 -3.843987839764729 -3.7311780244808266 -3.564158045042986 -3.398674386046755 -3.233629675748127 -3.0451012101277524 -2.895200229896419 -2.7356423783178245 -2.592545102899333 -2.4630552371065266 -2.3399301274289597 -2.2334850682602965 -2.1154078686051605 -1.996672245903621 -1.8932998276181772 -1.7780757944974594 -1.6812876066760565 -1.6110558150596188 -1.565624624857736 -1.5368734851647567 -1.5070249737277708 -1.4866138592892435 -1.4719090779195518 -1.4732259240123602 -1.4679585396411272 -1.4767375135931822
-4.7247384015046165 -4.906024213614545 -4.894611547476874 -5.026515631106497 -5.10420955058218 -5.067557334332352 -4.963526493000503 -4.878150971316772 -4.790800180493828 -4.696865159206842 -4.55047576855633 -4.4284480306227705 -4.299397113527567 -4.149496133296233 -4.0724606368669525 -3.9146585800787697 -3.8703247616208936 -3.7120837561351077 -3.5948844538751774 -3.4373018714357957 -3.2882787885996674 -3.1241119756962448 -2.980136802882548 -2.839014796603269 -2.703379649044024 -2.5754261036928265 -2.4518620453176565 -2.3179826925488225 -2.2062702490089268 -2.0811698701921477 -1.963092670537012 -1.8689381749012255 -1.7638099618253704 -1.6812876066760565 -1.6174205711748586 -1.5796709831810234 -1.5417019208383866 -1.516681845075031 -1.490344923218867 -1.4747622444539696 -1.4488642712954083 -1.4387684512505454 -1.4236247211832511
-4.387406327396914 -4.985473927880641 -4.97581705653338 -4.99337500443749 -5.069093654773962 -4.987449197019853 -4.911730546683382 -4.810772346234752 -4.703888338368486 -4.626633367590405 -4.503508257912838 -4.379505250840065 -4.2418948341416085 -4.094847020444692 -3.9600897702806526 -3.8268688405582227 -3.7276664349000046 -3.5836912620863077 -3.46210247285035 -3.3170299282926465 -3.169104217200525 -3.0466375305693623 -2.9035402551508707 -2.790291491169365 -2.6608016253765587 -2.536798618303786 -2.398529778558925 -2.2707957075565286 -2.144817431344544 -2.0201560012253674 -1.909321455080677 -1.8147280107472876 -1.7398872578060214 -1.6657049279111593 -1.5967899823875298 -1.562113035276914 -1.5250218703294829 -1.5021965380541409 -1.4758596161979765 -1.4464500534585936 -1.4205520803000322 -1.3825830179573955 -1.3610745317748614
-4.478707656498283 -5.079847897865228 -5.0045681962263595 -5.0221261441304685 -5.010932952341599 -4.913705815822594 -4.837987165486122 -4.734175798503075 -4.637826559379275 -4.527430961932187 -4.406939544440236 -4.268670704695375 -4.131060287996918 -4.005082011784933 -3.8496941728335647 -3.751150190221751 -3.5845691594815134 -3.470881446802405 -3.3332710301039477 -3.1910516520806618 -3.077802888099156 -2.955775150165596 -2.8313331943952207 -2.719840225204126 -2.590130885062518 -2.465030506245739 -2.310301090340775 -2.1974912750568723 -2.06712351186886 -1.9591421322585874 -1.848307586113897 -1.7517388726412952 -1.6788733888392413 -1.608202648525201 -1.5406045490943798 -1.498684948473319 -1.4738843470587644 -1.4488642712954083 -1.432403695135306 -1.4029941323959227 -1.3801688001205803 -1.3380297251507178 -1.3064254189233213
-4.528967282373797 -5.0256377337112905 -4.966599133883722 -4.924021110216257 -4.868933048667115 -4.886490996571224 -4.778070668263348 -4.673600878233898 -4.60666120184948 -4.426911710181161 -4.338024598916607 -4.198438913078937 -4.059731124636473 -3.934191797122091 -3.77024445856747 -3.6778457577220944 -3.4836109590328843 -3.3995522834419605 -3.233629675748127 -3.1232340783010395 -3.009985314319534 -2.8791786024339188 -2.756053492756352 -2.6177846530114905 -2.480174236313033 -2.3590243957746786 -2.2126350051241666 -2.1037757281186886 -1.9874543232539637 -1.8814482127829033 -1.7824652814734867 -1.6887497345353029 -1.608202648525201 -1.5237050242366745 -1.4703727574779424 -1.4102367859063678 -1.3898256714678405 -1.3713898261685258 -1.3606355830772587 -1.354270826962019 -1.3323233920818827 -1.3215691489906156 -1.2853558814383899
-3.9396786558421253 -4.716398376250164 -4.954747519048449 -4.916778456705813 -4.809236025793142 -4.79277544963304 -4.76380483559126 -4.6696503399554725 -4.553328935090748 -4.39464898090736 -4.308834510526025 -4.160908799433904 -4.022639959689043 -3.9025874908946943 -3.7476386006409292 -3.604102376524835 -3.440593986667816 -3.3385384144751806 -3.170201588944532 -3.0782418367967592 -2.9434845866327195 -2.80389890079505 -2.6695805993286132 -2.523630157375704 -2.38975080460687 -2.250604067466803 -2.1314294960676605 -2.0118159759709155 -1.9084435576854715 -1.8103385237712604 -1.7106971694154396 -1.6251021733829063 -1.5533340613248594 -1.4556679761082507 -1.40255518369832 -1.3307870716402728 -1.314107021131369 -1.2936959066928417 -1.2956711758320543 -1.2945738040880475 -1.2945738040880475 -1.305328047179314 -1.2774548048815406
-3.5362848027452123 -4.850277729018998 -4.992277632693483 -4.888466265710436 -4.888466265710436 -4.746685836384753 -4.789263860052218 -4.674917724326706 -4.485511361311126 -4.395307403953764 -4.249795910698458 -4.111966019651199 -3.9763308720919537 -3.8297220070926405 -3.6833326164421285 -3.5450637766972672 -3.40262492432518 -3.259966597604291 -3.1359635905315186 -3.0080100451803213 -2.8712775258770695 -2.7457381983626874 -2.5993488077121754 -2.420038264741459 -2.313154256875193 -2.1604001101094408 -2.06712351186886 -1.9371946973784506 -1.835139125185815 -1.7403262065036242 -1.64178222389181 -1.5533340613248594 -1.4866138592892435 -1.4176989137656144 -1.3566850447988341 -1.2921595862512323 -1.284258509694383 -1.2570436904430133 -1.2614331774190406 -1.2774548048815406 -1.2893064197168145 -1.2969880219248622 -1.2721874205103076
-2.918683985218165 -4.742296349408726 -5.2266762372133435 -5.0978447944669405 -4.959137006024476 -4.795628616167457 -4.7984817827018755 -4.6150012271039325 -4.525016744095372 -4.413743249253079 -4.252649077232875 -4.105601263535959 -3.9357281175637007 -3.766732868986648 -3.6383403749378482 -3.4581519345719256 -3.3225167870126806 -3.1877595368486413 -3.071438131983917 -2.931413497448644 -2.8067520673294677 -2.6798958937222777 -2.5264833239101216 -2.373290228446767 -2.2501651187692002 -2.1178220864419757 -2.0221312703645795 -1.9064682885462592 -1.8092411520272536 -1.7043324133002 -1.613470032896434 -1.5401656003967772 -1.4626911552698947 -1.3926788380022583 -1.3228859950834235 -1.2781132279279448 -1.2566047417454107 -1.2438752295149316 -1.2339988838188698 -1.2267562303084247 -1.2267562303084247 -1.220391474193185 -1.2032724749866786
-1.9962332972060184 -4.263403320324143 -5.594515245804434 -5.4944349427510115 -5.0221261441304685 -4.929946917633894 -4.819112371489204 -4.6154401758015355 -4.520627257119345 -4.37709103300325 -4.242772731536814 -4.032955254082706 -3.8464020576015443 -3.708133217856683 -3.5613048785085684 -3.3409526323119954 -3.2213391122152504 -3.09448293860806 -2.9761862646041233 -2.8526222062289532 -2.740031865293852 -2.6070304099202235 -2.4634941858041293 -2.339052230033754 -2.171593301898311 -2.0846814597729697 -1.965506888373827 -1.8693771235988281 -1.7857573967055071 -1.6911639523721178 -1.597448405433934 -1.5193155372606473 -1.4460111047609905 -1.3970683249782856 -1.3228859950834235 -1.292598534948835 -1.245411549956541 -1.2370715247020891 -1.2140267180779456 -1.1980050906154456 -1.185714527082569 -1.1725460661544869 -1.153890746506371
