static/ASC_sea/1979/12/ERA5V/00.asc
ncols         201
nrows         201
xllcorner     105.0
yllcorner     0.0
cellsize      0.25
NODATA_value  -32767
[rows 95 to 113 of 201, columns 86 to 128 of 201]
-3.8479383780431538 -3.8560589289488045 -3.8775674151313386 -3.871202659016099 -3.801409816097264 -3.70286583348545 -3.6330729905666153 -3.6139787222208963 -3.6003713125952115 -3.585227582527917 -3.5997128895488077 -3.635048259705828 -3.676528911629286 -3.734470139712847 -3.7910945217035996 -3.834111494068668 -3.892711145198633 -3.915317003125174 -3.9504328989333923 -3.9756724490455495 -3.9875240638808234 -3.985987743439214 -3.95965082158305 -3.9807203590679814 -3.9695271672791113 -3.9401176045397284 -3.904562760033907 -3.8698858129232905 -3.8308193788366474 -3.8428904680207223 -3.8479383780431538 -3.8687884411792837 -3.895125363035448 -3.9074159265683246 -3.908952247009934 -3.8986369526162696 -3.900612221755482 -3.915317003125174 -3.94362919412055 -3.9767698207895563 -4.000692524808906 -3.9934498712984605 -3.963162411163872
-3.8674715950864758 -3.870763710318496 -3.8751531972945235 -3.839598352788702 -3.732055921876032 -3.6563372715395603 -3.6354872084034304 -3.6403156440770603 -3.644705131053088 -3.645802502797095 -3.6690667837700395 -3.7263495888071967 -3.7658549715914424 -3.818528815303771 -3.8703247616208936 -3.908952247009934 -3.9719413851159264 -3.9870851151832207 -4.022639959689043 -4.046562663708391 -4.0549026889628434 -4.053805317218837 -4.03822263845394 -4.0158362548762 -3.996741986530481 -3.975233500347947 -3.9473602580501734 -3.919706490101201 -3.917072797915585 -3.9254128231700367 -3.9102690931027424 -3.926949143611646 -3.956139232002228 -3.9699661159767143 -3.9952056660888715 -3.985987743439214 -4.003106742645721 -4.030979984943494 -4.060828496380481 -4.084092777353425 -4.089140687375856 -4.081239610819007 -4.025054177525857
-3.876689517736133 -3.878225838177743 -3.871202659016099 -3.837184134951887 -3.767171817684251 -3.689258423859765 -3.686624731674149 -3.695403705626204 -3.7120837561351077 -3.7331532936200387 -3.727227486202402 -3.8005319187020588 -3.858692621134421 -3.9289244127508587 -3.9851098460440086 -4.018689421410618 -4.067632201193323 -4.089140687375856 -4.0935301743518835 -4.096383340886302 -4.093969123049487 -4.097261238281507 -4.083653828655822 -4.07048536772774 -4.068510098588528 -4.057316906799659 -4.030541036245891 -4.003106742645721 -3.9864266921368166 -3.989499333020036 -4.001570422204111 -4.022639959689043 -4.042173176732364 -4.050513201986816 -4.059731124636473 -4.046562663708391 -4.071582739471747 -4.085190149097432 -4.102309148303939 -4.131499236694521 -4.142253479785787 -4.107137583977568 -4.0358084206171245
-3.9030264395922973 -3.8810790047121606 -3.8321362249294557 -3.7946061112844216 -3.7794623812171273 -3.7096695382982925 -3.721960101831169 -3.746321754548121 -3.76541602289384 -3.809749841351716 -3.8268688405582227 -3.9166338492179817 -3.973916654255139 -4.032955254082706 -4.066534829449315 -4.091554905212671 -4.107137583977568 -4.124695531881678 -4.13632767236815 -4.160250376387499 -4.170126722083561 -4.172540939920376 -4.162884068573116 -4.161786696829109 -4.155860889411472 -4.141375582390582 -4.12184236534726 -4.104284417443151 -4.078825392982193 -4.07838644428459 -4.084092777353425 -4.0884822643294525 -4.100772827862329 -4.1080154813727745 -4.115038660534418 -4.107137583977568 -4.120744993603253 -4.135888723670548 -4.151471402435445 -4.176052529501198 -4.143789800227397 -4.085629097795035 -4.018689421410618
-3.8850295429905852 -3.8567173519952087 -3.817650917908565 -3.822918302279798 -3.829283058395038 -3.78143765035634 -3.7957034830284284 -3.8224793535821955 -3.858034198088017 -3.9039043369875026 -3.9396786558421253 -4.02549312622346 -4.085629097795035 -4.124695531881678 -4.154982992016267 -4.159372478992294 -4.183295183011643 -4.209193156170205 -4.2188500275174645 -4.237066398467978 -4.2399195650023955 -4.244309051978423 -4.2574775129065054 -4.25023485939606 -4.25023485939606 -4.244309051978423 -4.226751104074314 -4.1817588625700335 -4.15542194071387 -4.159811427689897 -4.153007722877055 -4.159372478992294 -4.1696877733859585 -4.173418837315582 -4.154105094621062 -4.147081915459418 -4.154544043318664 -4.1661761838051365 -4.183295183011643 -4.165298286409931 -4.126231852323287 -4.074874854703768 -3.996741986530481
-3.8786647868753454 -3.850352595879969 -3.8512304932751746 -3.8595705185296265 -3.8859074403857905 -3.874275299899318 -3.8830542738513727 -3.919706490101201 -3.9572366037462348 -4.00947149876096 -4.059292175938871 -4.1282071214625 -4.1696877733859585 -4.207656835728595 -4.210729476611814 -4.214460540541437 -4.235530078026368 -4.263403320324143 -4.279863896484245 -4.300933433969176 -4.304883972247601 -4.316077164036471 -4.3316598428013675 -4.32397824059332 -4.31761348447808 -4.310809779665237 -4.278108101693833 -4.23750534716558 -4.221483719703081 -4.219508450563868 -4.213582643146232 -4.213582643146232 -4.223239514493492 -4.226751104074314 -4.209193156170205 -4.2048036691941775 -4.201950502659759 -4.213143694448629 -4.207656835728595 -4.186806772592465 -4.140278210646575 -4.069607470332535 -3.9958640891352752
-3.8913942991058246 -3.904562760033907 -3.905440657429112 -3.944068142818153 -3.9699661159767143 -3.9699661159767143 -3.9712829620695222 -4.007935178319351 -4.048976881545206 -4.097261238281507 -4.154544043318664 -4.188123618685273 -4.2258732066791085 -4.2399195650023955 -4.242772731536814 -4.261866999882533 -4.2805223195306485 -4.300933433969176 -4.314540843594861 -4.335610381079792 -4.349876213751881 -4.362386251633559 -4.363483623377566 -4.363922572075168 -4.353607277681504 -4.329684573662155 -4.296982895690752 -4.279863896484245 -4.272182294276197 -4.270207025136985 -4.280961268228252 -4.280961268228252 -4.286228652599484 -4.292154460017121 -4.281839165623457 -4.274596512113012 -4.27108492253219 -4.265378589463355 -4.259891730743321 -4.220825296656677 -4.167273555549143 -4.087604366934247 -4.018250472713015
-3.956139232002228 -3.972380333813529 -4.003984640040926 -4.0568779581020555 -4.068510098588528 -4.068510098588528 -4.068510098588528 -4.0919938539102745 -4.13303555713613 -4.143789800227397 -4.184173080406849 -4.196463643939725 -4.235091129328766 -4.248698538954451 -4.272182294276197 -4.300933433969176 -4.310151356618833 -4.318930330570888 -4.324856137988525 -4.353168328983902 -4.367873110353593 -4.379505250840065 -4.3702873281904075 -4.3737989177712295 -4.359094136401538 -4.336049329777395 -4.321564022756505 -4.308395561828423 -4.315199266641265 -4.330342996708559 -4.347900944612668 -4.363922572075168 -4.3687510077487985 -4.374237866468833 -4.360630456843148 -4.349876213751881 -4.342853034590237 -4.336049329777395 -4.304445023549998 -4.259891730743321 -4.190537836522088 -4.124256583184075 -4.0549026889628434
-4.034272100175515 -4.0564390094044525 -4.086068046492637 -4.123159211440068 -4.124695531881678 -4.126231852323287 -4.114380237488014 -4.135010826275343 -4.138961364553767 -4.145765069366609 -4.1446676976226025 -4.155860889411472 -4.209632104867807 -4.254624346372087 -4.283375486065067 -4.30971240792123 -4.293690780458731 -4.298958164829964 -4.320027702314895 -4.353607277681504 -4.383016840420887 -4.395746352651367 -4.385431058257702 -4.385431058257702 -4.375115763864038 -4.371384699934415 -4.362386251633559 -4.3562409698671205 -4.37709103300325 -4.400135839627394 -4.426472761483558 -4.447542298968489 -4.45566284987414 -4.457638119013352 -4.444908606782873 -4.441616491550852 -4.428886979320373 -4.397721621790579 -4.362386251633559 -4.308834510526025 -4.230262693655136 -4.168590401641952 -4.096822289583905
-4.0919938539102745 -4.114380237488014 -4.129523967555308 -4.159811427689897 -4.156958261155479 -4.151471402435445 -4.137425044112158 -4.131060287996918 -4.109990750511987 -4.0884822643294525 -4.104723366140754 -4.163323017270718 -4.227190052771917 -4.2785470503914365 -4.313662946199655 -4.347900944612668 -4.320027702314895 -4.31278504880445 -4.331220894103764 -4.367873110353593 -4.398599519185784 -4.409353762277052 -4.413304300555476 -4.426472761483558 -4.4249364410419485 -4.417254838833901 -4.416596415787496 -4.426472761483558 -4.470806579941434 -4.496265604402393 -4.527430961932187 -4.545208384185098 -4.547622602021913 -4.542135743301879 -4.535770987186639 -4.521285680165748 -4.490339796984756 -4.449956516805305 -4.395746352651367 -4.3367077528237985 -4.276571781252224 -4.208095784426198 -4.143350851529794
-4.123817634486473 -4.113502340092809 -4.110429699209589 -4.120306044905651 -4.109990750511987 -4.105162314838356 -4.103187045699144 -4.109990750511987 -4.116355506627226 -4.1282071214625 -4.187684669987671 -4.254624346372087 -4.318052433175683 -4.3702873281904075 -4.383894737816092 -4.351851482891093 -4.318052433175683 -4.338024598916607 -4.36743416165599 -4.402989006161812 -4.433276466296401 -4.448859145061298 -4.457199170315749 -4.456760221618147 -4.469489733848626 -4.475854489963866 -4.489900848287153 -4.524138846700167 -4.557718422066776 -4.585152715666947 -4.61302595796472 -4.626194418892802 -4.6310228545664325 -4.634973392844857 -4.625097047148795 -4.5923953691773916 -4.560352114252392 -4.514262501004105 -4.451273362898113 -4.381480519979278 -4.327928778871744 -4.2434311545832175 -4.168590401641952
-4.152129825481849 -4.137425044112158 -4.140278210646575 -4.1501545563426365 -4.156958261155479 -4.156958261155479 -4.157397209853082 -4.168151452944349 -4.198438913078937 -4.241016936746402 -4.3121266257580455 -4.381041571281675 -4.431740145854791 -4.450395465502907 -4.4424943889460575 -4.4073784931378395 -4.393771083512155 -4.401452685720202 -4.430423299761983 -4.4615886572917764 -4.479585553893489 -4.487486630450338 -4.513384603608899 -4.5182130392825295 -4.529406231071399 -4.536868358930645 -4.55684052467157 -4.607100150547083 -4.654067661190576 -4.690719877440404 -4.695987261811637 -4.702790966624479 -4.702352017926877 -4.69313409527722 -4.666797173421055 -4.637387610681672 -4.581202177388522 -4.515798821445714 -4.45083441420051 -4.380602622584072 -4.300494485271573 -4.213582643146232 -4.147740338505821
-4.182417285616438 -4.174077260361986 -4.194488374800513 -4.208095784426198 -4.216874758378252 -4.192074156963698 -4.216435809680649 -4.265378589463355 -4.304883972247601 -4.346364624171059 -4.396624250046572 -4.472781849080647 -4.50855616793527 -4.51184828316729 -4.478707656498283 -4.45237073464212 -4.455223901176537 -4.462686029035783 -4.493412437867975 -4.532478871954618 -4.554426306834755 -4.559693691205988 -4.573520575180474 -4.582738497830132 -4.5954680100606105 -4.60819752229109 -4.637387610681672 -4.684794070022767 -4.719471017133383 -4.742296349408726 -4.744710567245541 -4.745807938989548 -4.744710567245541 -4.723421555411808 -4.692475672230815 -4.642216046355302 -4.577910062156501 -4.510531437074482 -4.43481278673801 -4.356679918564724 -4.272621242973799 -4.199975233520547 -4.1325966084385275
-4.242772731536814 -4.26142805118493 -4.283814434762669 -4.292593408714724 -4.300933433969176 -4.284911806506676 -4.320466651012498 -4.362386251633559 -4.3933321348145515 -4.440080171109242 -4.493851386565578 -4.545647332882701 -4.5728621521340695 -4.571545306041262 -4.545208384185098 -4.5412578459066735 -4.541696794604276 -4.557279473369173 -4.582299549132529 -4.61785439363835 -4.6345344441472545 -4.641338148960097 -4.639362879820884 -4.646605533331329 -4.657359776422596 -4.677331942163521 -4.7082778253445134 -4.746685836384753 -4.780484886100163 -4.786410693517801 -4.772144860845712 -4.768194322567287 -4.7493195285703695 -4.727152619341432 -4.694450941370027 -4.619829662777563 -4.559693691205988 -4.489900848287153 -4.4128653518578735 -4.337146701521402 -4.264281217719348 -4.1852704521508555 -4.131499236694521
-4.328806676266949 -4.354704649425511 -4.3737989177712295 -4.366995212958388 -4.357996764657532 -4.343511457636641 -4.395307403953764 -4.430423299761983 -4.461149708594174 -4.514920924050509 -4.572423203436467 -4.623341252358385 -4.633437072403248 -4.623780201055987 -4.624658098451192 -4.633437072403248 -4.637826559379275 -4.652531340748967 -4.67557614737311 -4.701913069229274 -4.707180453600507 -4.706302556205301 -4.7032299153220825 -4.7082778253445134 -4.712008889274137 -4.732639478061465 -4.760512720359239 -4.781362783495369 -4.79760388530667 -4.790141757447424 -4.773681181287321 -4.777631719565745 -4.760951669056841 -4.728249991085438 -4.6891835569987945 -4.6257554701952 -4.575276369970885 -4.4973629761464 -4.420108005368318 -4.327928778871744 -4.247162218512841 -4.158494581597089 -4.09287175130548
-4.419669056670716 -4.4492980937589 -4.4479812476660925 -4.435251735435613 -4.413304300555476 -4.404964275301024 -4.456760221618147 -4.495387707007187 -4.537307307628248 -4.589103253945371 -4.647263956377733 -4.686330390464377 -4.695109364416432 -4.692475672230815 -4.697962530950849 -4.715520478854959 -4.735492644595883 -4.7453689902919445 -4.759415348615232 -4.778509616960951 -4.776095399124136 -4.768194322567287 -4.766219053428075 -4.756123233383212 -4.758537451220027 -4.770608540404102 -4.79760388530667 -4.806382859258725 -4.804407590119513 -4.793214398330643 -4.783777001332184 -4.79123912919143 -4.768633271264889 -4.7297863115270475 -4.682818800883555 -4.637387610681672 -4.582299549132529 -4.487047681752736 -4.402550057464209 -4.282936537367464 -4.171663042525171 -4.0764111751453775 -4.023517857084248
-4.499777193983215 -4.517335141887324 -4.50855616793527 -4.488364527845544 -4.4670755160118105 -4.483536092171914 -4.538185205023454 -4.577251639110098 -4.6310228545664325 -4.682818800883555 -4.7207878632261915 -4.756123233383212 -4.75107532336078 -4.767316425172082 -4.774120129984924 -4.8019933722826975 -4.822404486721225 -4.826355024999649 -4.836670319393313 -4.833158729812491 -4.824818704558039 -4.8184539484428 -4.811650243629957 -4.800018103143485 -4.793653347028245 -4.798920731399479 -4.822843435418827 -4.829208191534067 -4.827891345441259 -4.816698153652389 -4.809236025793142 -4.794092295725848 -4.755464810336807 -4.717056799296568 -4.659335045561809 -4.613903855359926 -4.530064654117803 -4.426472761483558 -4.306859241386813 -4.168151452944349 -4.0564390094044525 -4.003984640040926 -3.9528471167702075
-4.55684052467157 -4.548939448114721 -4.526992013234584 -4.511409334469687 -4.533356769349824 -4.5616689603452 -4.635851290240062 -4.6740398269315 -4.728249991085438 -4.770169591706499 -4.806821807956327 -4.828330294138862 -4.812747615373964 -4.8316224093708815 -4.852691946855813 -4.88100413785119 -4.893294701384066 -4.8952699705232785 -4.887368893966429 -4.86827462562071 -4.86015407471506 -4.850277729018998 -4.844351921601361 -4.833158729812491 -4.8316224093708815 -4.834256101556498 -4.85225299815821 -4.8581788055758475 -4.8581788055758475 -4.845010344647766 -4.8140644614667725 -4.796506513562663 -4.735931593293486 -4.679307211302733 -4.616318073196741 -4.532478871954618 -4.441616491550852 -4.318930330570888 -4.172101991222774 -4.068071149890925 -4.009910447458563 -3.9625039881174677 -3.9401176045397284
-4.589542202642974 -4.572423203436467 -4.56803371646044 -4.593053792223796 -4.630583905868829 -4.674478775629103 -4.730225260224651 -4.768633271264889 -4.827232922394854 -4.8581788055758475 -4.8706888434575255 -4.885393624827217 -4.900976303592114 -4.91963162324023 -4.936311673749135 -4.953211198606839 -4.961112275163689 -4.954308570350847 -4.940701160725162 -4.918534251496223 -4.904487893172936 -4.8917583809424565 -4.880565189153587 -4.863007241249478 -4.850277729018998 -4.861909869505471 -4.896147867918484 -4.907999482753758 -4.911730546683382 -4.882101509595197 -4.835133998951704 -4.785752270471396 -4.705644133158897 -4.61939071407996 -4.530064654117803 -4.429764876715579 -4.322880868849313 -4.214021591843834 -4.1060402122335615 -4.045026343266782 -4.004643063087331 -3.966893475093495 -3.941653924981338
