static/ASC_sea/1979/07/ERA5U/00.asc
ncols         201
nrows         201
xllcorner     105.0
yllcorner     0.0
cellsize      0.25
NODATA_value  -32767
[rows 76 to 94 of 201, columns 42 to 83 of 201]
-0.31886041567686607 -0.0946480257836062 0.13730266783163347 0.2980212835958286 0.29841811968413523 0.1299612001979603 0.03174426834206334 -0.07361571310335346 -0.1668721938554173 -0.2998122834381466 -0.4144979129587699 -0.529183542479393 -0.5966456774915244 -0.6928784289058881 -0.8446682326831835 -0.8657005453634362 -0.85042235596363 -0.9091540970330149 -1.2938866846463166 -1.6044109237462738 -1.4853600972542775 -1.2059874910863924 -1.196661843011186 -1.162533939416814 -1.3460706302586414 -1.6190938590136201 -1.8895376531946049 -1.7171123728253637 -1.4627404402207982 -1.2861483809243368 -1.1063816329214222 -0.9535997389233603 -0.8359378387404371 -0.7289905129417936 -0.652202729854456 -0.5932725707409178 -0.5498190190713391 -0.5160879515652735 -0.4920793682227208 -0.46469767812956164 -0.43791124216886257 -0.4476337263323754
-0.46866603901262816 -0.39544978072005044 -0.20020642527317623 0.05575285168461597 0.32381562933576113 0.3605229675041267 0.26329812586899626 0.1259928393148938 0.025990145061616787 -0.08730655814993304 -0.17580100584231706 -0.2353264190883152 -0.27342268356575417 -0.28314516772926723 -0.4021959942212635 -0.509143320019907 -0.555176306263479 -0.6000187842421308 -0.7928811231591651 -0.9754257237802263 -1.0589597203687768 -1.224440369192652 -1.3895241819282202 -1.6117523913799467 -1.9193003598176044 -2.0419227111043603 -1.884775620134925 -1.6044109237462738 -1.3460706302586414 -1.0940797141839158 -0.8895107106618355 -0.7289905129417936 -0.6150985555977838 -0.5174768778743467 -0.43255395497672267 -0.363107639523058 -0.31727307132363947 -0.25774765807764133 -0.24266788672198836 -0.21131783574576268 -0.17857885846046362 -0.18016620281369022
-0.5004129260771605 -0.4529910135245153 -0.37243328759826444 -0.2099289094366893 0.05972121256768248 0.1928597201945651 0.16270017748325938 0.07480098392333534 0.014680316544877114 0.0660705899805889 0.07380889370256871 0.0460303675211029 0.049403474271709436 0.1075399612086343 -0.0823461070460999 -0.2420726325895285 -0.30794742324843305 -0.366083910185358 -0.5980346038005976 -0.8539938807583899 -1.154200381562374 -1.5809975945361812 -2.06632813053522 -2.3675267215599707 -2.5502697402251853 -2.3837970011805436 -1.9613649851781094 -1.554211158575482 -1.2176941556914387 -0.9373294593027873 -0.7270063325002604 -0.572240258060665 -0.42183938059244286 -0.35636142602184495 -0.27481160987482733 -0.19961117114071636 -0.157546545780211 -0.10198949341727936 -0.04921029367249419 0.005354668469670809 0.05277658102231597 0.07976143502716848
-0.8666926355842027 -0.7020056589369411 -0.5228341650664866 -0.3613218771256782 -0.1508003322789978 -0.03214634187530807 -0.0009947089432357226 -0.020836513358568398 -0.11071988736002569 0.007934103043664043 0.0714278771727288 0.07281680348180208 0.07718200045317525 0.28333834832848237 0.1944470645477917 -0.020836513358568398 -0.1644911773255774 -0.22203241013004227 -0.3821557717617775 -0.677600239506082 -0.908558842900555 -1.081976213490563 -1.2855531267918767 -1.5419092398379757 -2.0570024824600135 -2.1020433784828185 -1.850052462408093 -1.485756933342584 -1.1024132720383557 -0.7484354812688198 -0.5589462491023921 -0.40477542879525685 -0.266081215932081 -0.1992143350524097 -0.11369615802232558 -0.04722611323096093 0.0009894714982975339 0.04741929383017618 0.08849182896991492 0.1567476361586595 0.19841542543085822 0.23928954252644374
-1.014117242390125 -0.8797882264983224 -0.707362946129081 -0.5271993620378598 -0.31191578413149956 -0.2083415650834627 -0.1468319713959313 -0.06825842591121367 -0.08968757467977306 0.011307209794270578 0.04245884272634304 0.012696136103343858 -0.09028282881223304 0.07618991023240862 0.29544184902183535 0.26627439653129625 0.10416685445802776 -0.08869548445900632 -0.23036596798448217 -0.42620457756381624 -0.5268025259495531 -0.6434723359117095 -0.6956562815240347 -0.8450650687714901 -1.2367422879301584 -1.4613515139117248 -1.3510310813624749 -1.1742406040218603 -0.8490334296545566 -0.564303536294532 -0.3519962290504718 -0.1928649576395033 -0.06587740938137376 0.01725975111887046 0.09722222291266136 0.12698492953566043 0.17381158795584573 0.22996389445123733 0.2519882973522566 0.31786308801116137 0.34782421267831376 0.3839362967142193
-0.7470465549597464 -0.6581552711790558 -0.484341064500741 -0.401203904000497 -0.386124132644844 -0.3075505871601264 -0.2938597421135468 -0.23135805820524868 -0.1377047413648782 0.024402800708390182 0.09682538682435471 0.10952414165016766 0.02499805484085016 -0.007344086356142143 0.11190515818000757 0.14226311893546661 0.17202582555846568 0.048014547962636156 -0.0922670092537663 -0.1761978419306237 -0.27183533921252756 -0.39406085441097705 -0.4887062614721144 -0.4730312359840013 -0.7684757037283058 -1.0649122616933768 -1.1786058009932332 -0.9833624455463593 -0.51946105831588 -0.29782810299661333 -0.08631446792916642 0.06349115540659567 0.18075621950121212 0.25159146126394993 0.30476749709704176 0.33056184283697426 0.3511973194289203 0.3984208139374122 0.4140958394255251 0.4585414813158704 0.49028836838040274 0.5156858780320286
-0.5789864715618781 -0.4896983516928809 -0.2908834714512468 -0.22262766426250236 -0.28552618425910714 -0.37402063195149104 -0.36032978690491146 -0.3623139673464447 -0.2914787255837069 -0.12202971587676537 0.06507849975982227 0.07777725458563522 0.12956436410965366 0.10853205142940103 0.0591259584352225 -0.08056034464871997 -0.05020238389326093 0.06944369673119555 -0.042464080171281116 -0.1484193157491579 -0.21865930337943584 -0.3406864005337321 -0.42620457756381624 -0.35933769668414495 -0.5716450039282052 -0.7807776224658122 -0.8944711617656685 -0.5605335934556187 -0.14484779095439804 0.042062006638036276 0.20555847502037805 0.35655460662106014 0.40873855223338523 0.46985130983261003 0.49028836838040274 0.4966377457933092 0.517670058473562 0.527987796769535 0.5577505033925341 0.590489480677833 0.6075534324750191 0.632950942126645
-0.3246145389573126 -0.3396943103129654 -0.1384984135414915 -0.19088077719797003 -0.26508912571131427 -0.35775035233091834 -0.3222335224274727 -0.32699555548715253 -0.3299718261494523 -0.23969161605968858 -0.051591310202334206 -0.05456758086463409 0.012299300015037207 0.18849452322319193 0.0460303675211029 -0.11270406780155895 -0.25477138741534133 -0.12401389631829862 -0.16250699688404413 -0.2644938715788544 -0.33096391637021905 -0.3910845837486773 -0.4736264901164614 -0.44227643914023573 -0.5204531485366467 -0.7059740198200076 -0.4482289804648355 -0.09425118969529955 0.1851214164725853 0.3496099750756937 0.5093365006191222 0.5420754779044212 0.5875132100155331 0.6357287947447917 0.604973997901026 0.6139028098879257 0.615291736196999 0.6202521873008322 0.6631104848379509 0.6895000847103434 0.7061672004192229 0.7412871942343618
0.10853205142940103 0.09285702594128808 0.04404618707956964 -0.13671265114411157 -0.19425388394857646 -0.24108054236876175 -0.20556371246531613 -0.18552349000583013 -0.2045716222445496 -0.16349908710481076 -0.1176645189053922 -0.12103762565599874 -0.168459538208644 0.10317476423726113 0.03769680966666311 -0.09504486187191286 -0.2377074356181551 -0.321241432206706 -0.3480278681674053 -0.39009249352791053 -0.3529883192712383 -0.4135058227380032 -0.5027939426070006 -0.5404933709961327 -0.5805738159151049 -0.5375171003338327 -0.2791768068462007 0.21091576221251784 0.4932646390427027 0.6537848367627445 0.7139055041412027 0.746247645338195 0.7275963491877823 0.7643036873561478 0.7242232424371757 0.738310923572062 0.7402951040135952 0.7309694559383888 0.7656926136652211 0.7930743037583803 0.8379167817370322 0.8730367755521712
0.3706422877559464 0.3686581073144131 0.29167190618292216 0.11428617470984748 0.023013874399316903 -0.03948780950898123 -0.07619514767734681 -0.07758407398642009 -0.16647535776711064 -0.06052012218923386 -0.009129848753522074 -0.05218656433479418 -0.16885637429695066 -0.0077409224444487945 0.022021784178550274 -0.05357549064386746 -0.15714970969190434 -0.28552618425910714 -0.42382356103397634 -0.44088751283116234 -0.3750127221722578 -0.29187556167201356 -0.3490199583881718 -0.41687892948860983 -0.33493227725328556 -0.26409703549054775 0.08452346808684841 0.5986246204881195 0.8652984718301914 0.8966485228064172 0.934744787283856 0.931768516621556 0.9214507783255831 0.8970453588947238 0.8776003905676977 0.8843466040689109 0.8793861529650776 0.8803782431858442 0.9047836626167035 0.9190697617957431 0.974229978070368 1.0107388981945804
0.31250580081902146 0.2853225287700156 0.241273722967977 0.11627035515138073 0.07876934480640185 0.006942012822897414 -0.051194474114027555 -0.10099740319651263 -0.29048663536294017 -0.12877592937797855 -0.006351996135375515 -0.0013915450315423739 -0.07698881985396011 -0.006351996135375515 -0.029765325345468163 -0.056154925217860696 -0.1384984135414915 -0.2998122834381466 -0.5117227545939002 -0.5462474942765793 -0.49069044191364763 -0.3466389418583319 -0.13572056092334495 -0.11905344521446548 0.10496052663464106 0.46925605570015005 0.8399009621785655 1.0704627294847318 1.1339565036137966 1.1407027171150097 1.1407027171150097 1.1206624946555237 1.0684785490431985 1.0030005944726006 0.9962543809713874 0.9781983389534347 0.9639122397743951 0.9571660262731819 0.9756189043794414 0.9956591268389274 1.0434778754798795 1.0762168527651783
0.16567644814555926 0.1944470645477917 0.14563622568607315 0.06349115540659567 0.05178449080154934 0.034323702916056575 0.04106991641726965 0.034323702916056575 -0.11865660912615883 -0.19127761328627668 -0.19187286741873655 -0.23869952583892184 -0.27044641290345417 -0.021431767491028375 0.1767878586181456 0.08452346808684841 -0.12242655196507202 -0.3559645899335383 -0.5789864715618781 -0.5966456774915244 -0.6649014846802689 -0.5351360838039928 -0.14405411877778473 0.37461064863901294 0.632950942126645 0.9649043299951617 1.2192762625997273 1.3174931944556243 1.2950719554662984 1.3238425718685307 1.2666981751523725 1.2002281303610078 1.145663168218843 1.084550410619618 1.0313743747865263 1.011730988415347 1.0033974305609072 0.9936749463973942 0.9829603720131145 1.014707259077647 1.0470494002746393 1.0655022783808987
0.1490093324366798 0.22460660725909742 0.1767878586181456 0.008330939131970694 -0.027781144903934907 0.029363251812223434 0.1359137415225602 0.17202582555846568 0.10892888751770768 -0.03353526818438135 -0.0692505161319803 -0.15714970969190434 -0.21865930337943584 -0.16012598035420422 0.1382947580524001 0.13392956108102683 0.04007782619650302 -0.1361173970116516 -0.39783079724989034 -0.6170827360393171 -0.7748250811412122 -0.7778013518035122 -0.4345381354182559 0.49624090970500256 1.0508193431135524 1.2881273239209319 1.3847569114236022 1.4234484300335013 1.366304033317343 1.3399144334449504 1.2905083404507718 1.2379275587501402 1.1885214657559615 1.1012175263284976 1.0337553913163664 0.9990322335895341 0.9708568713197615 0.9518087390810421 0.9454593616681356 0.9535945014784221 0.979587265262508 1.0073657914439738
0.09384911616205471 0.273417446120816 0.2535756417054833 0.05436392537554258 -0.1277838391572118 -0.17024530060602394 -0.011114029195055442 0.0791661808947085 0.09583329660358808 0.08511872221930838 0.1275801836681204 0.18710559691411865 0.008330939131970694 -0.18215038325522348 -0.04047989972974786 0.04245884272634304 0.07281680348180208 0.044443023167876294 -0.17718993215139034 -0.567279806956832 -0.6049792353459641 -0.3881083130863773 0.08154719742454841 0.8004157713920533 1.2643171586225326 1.3887252723066688 1.4254326104750343 1.4307898976671742 1.4073765684570816 1.3911062888365087 1.3268188425308307 1.2280066565424739 1.142686897556543 1.062129171630292 1.0010164140310673 0.9555786819199553 0.8950611784531906 0.8649016357418847 0.8502187004745385 0.8452582493707054 0.8555759876666784 0.8863307845104441
0.07519782001164199 0.21091576221251784 0.20416954871130477 0.04106991641726965 -0.06488531916060714 -0.12044237152353876 -0.11964869934692546 -0.08730655814993304 0.014680316544877114 0.10257951010480115 0.18412932625181866 0.15039825874575308 0.005354668469670809 -0.21330201618729594 -0.18929343284474343 -0.05020238389326093 0.030355342032990063 0.004957832381364158 0.0029736519398309014 -0.36945701693596444 -0.39941814160311695 0.17341475186753907 0.8041857142309666 1.197251859698708 1.4478538494643605 1.5561901015720772 1.5615473887642168 1.5430945106579577 1.473648195204293 1.4282104630931811 1.322255227515304 1.220863606952954 1.1153052074633838 1.0010164140310673 0.9331574429306293 0.8224401742930727 0.7593432362523146 0.7091434710815228 0.6684677720300907 0.6621183946171842 0.6748171494429972 0.6988257327855498
0.05138765471324269 0.06845160651042881 0.07519782001164199 0.23194807489277058 0.1412710287147 0.08611081244007501 -0.016471316387195234 -0.014090299857355326 0.029363251812223434 0.11587351906307408 0.07420572979087536 0.021029693957783646 -0.06190904849830714 -0.22738969732218217 -0.2136988522756026 -0.17084055473848392 -0.09365593556283958 -0.23135805820524868 -0.11032305127171904 -0.13472847070257832 0.17004164511693243 0.7345409807331487 1.2032044010233078 1.5274194851698448 1.5782145044730966 1.6528196890747475 1.642105114690468 1.543491346746264 1.4716640147627598 1.373645500951016 1.2734443886535858 1.1631239561043358 1.006968955355667 0.8926801619233505 0.7724388271664342 0.6597373780873443 0.5708460943066537 0.49028836838040274 0.45179526781465723 0.4541762843444972 0.4672718752586168 0.4912804586011694
-0.028177980992241558 -0.043853006480354395 0.0914680996322148 0.2482183545133434 0.303775406876275 0.2482183545133434 0.13333430694856685 0.17837520297137222 0.19107395779718517 0.14662831590683978 0.10496052663464106 -0.008733012665215423 -0.10833887083018579 -0.24742991978166817 -0.20655580268608287 -0.1631022510165041 -0.3529883192712383 -0.5565652325725522 -0.35398040949200504 0.26230603564822963 0.6206490233891389 1.032366465007293 1.5020219755182187 1.5962705464910494 1.6186917854803753 1.6534149432072076 1.5986515630208893 1.5000377950766857 1.3585657295953633 1.2466579526928865 1.1119321007127771 0.974229978070368 0.8087493292464931 0.6611263043964176 0.5406865515953478 0.41032589658661184 0.30476749709704176 0.22182875464095086 0.19920909760747152 0.20178853218146486 0.24325790340951026 0.27401270025327595
-0.09762429644590609 -0.03353526818438135 0.16607328423386591 0.28770354529985553 0.33691122024988074 0.2505993710431833 0.2027806224022315 0.2980212835958286 0.28472727463755565 0.23730536208491038 0.06884844259873557 -0.052583400423100835 -0.23631850930908194 -0.2797720609786606 -0.22163557404173562 -0.18492823587337004 -0.3813620995851642 -0.5936694068292244 -0.3559645899335383 0.4468348167108241 0.9458561977564423 1.325231498177604 1.4776165560873595 1.5333720264944444 1.5688888563978902 1.554205921130544 1.5093634431518919 1.3994398466909486 1.2569756909888596 1.0424857852591127 0.8432740689291721 0.6777934201052971 0.49762983601407584 0.34782421267831376 0.22024141028772426 0.08452346808684841 0.0015847256307575108 -0.06885368004367365 -0.08532237770839979 -0.06825842591121367 -0.02678905468316828 0.05515759755215588
-0.07222678679428018 0.07083262304026883 0.24722626429257677 0.32956975261620763 0.329172916527901 0.2656791423988363 0.26329812586899626 0.29008456182969544 0.2944497588010687 0.19920909760747152 -0.0017883811198490251 -0.21429410640806268 -0.424220397122283 -0.383147861982544 -0.26012867460748124 -0.23274698451432208 -0.3289797359286858 -0.4496179067739089 0.001981561719064162 0.6744203133546905 1.1069716496089441 1.2676902653731392 1.3917015429689688 1.443488652492987 1.4732513591159864 1.4375361111683875 1.3776138618340825 1.2539994203265596 1.0137151688568802 0.7871217624337804 0.5317577396084482 0.31151371059825483 0.12162764234352064 -0.03075741556623479 -0.15953072622174425 -0.2283817875429489 -0.2684622324619209 -0.344257925328492 -0.3476310320790986 -0.32699555548715253 -0.26806539637361426 -0.1791741125929237
