static/ASC_sea/1979/07/ERA5U/00.asc
ncols         201
nrows         201
xllcorner     105.0
yllcorner     0.0
cellsize      0.25
NODATA_value  -32767
[rows 95 to 113 of 201, columns 42 to 83 of 201]
-0.05357549064386746 0.11825453559291399 0.24186897710043698 0.2573455845443965 0.26865541306113616 0.3448479420160138 0.29107665205046207 0.22619395161232414 0.19643124498932496 0.11924662581368062 -0.007344086356142143 -0.18849976066813012 -0.3720364515099578 -0.4315618647559559 -0.3045743164978264 -0.2928676518927803 -0.37005227106842453 -0.2406837062804551 0.4355249881940844 1.0153025132101068 1.195466097301328 1.2901115043624651 1.3349539823411172 1.3502321717409234 1.3458669747695502 1.2867383976118587 1.205188581464841 0.9799841013508146 0.6885079944895768 0.3668723449170332 0.08749973874914829 -0.12639491284813853 -0.3008043736589133 -0.4305697745351894 -0.5008097621654671 -0.5525968716894857 -0.5760102008995783 -0.5960504233590643 -0.5893042098578513 -0.5506126912479524 -0.487317335163041 -0.401203904000497
-0.05417074477632744 0.06706268020135553 0.1259928393148938 0.13035803628626697 0.23631327186414375 0.4609224978457103 0.35953087728336003 0.10694470707617432 0.034323702916056575 0.03670471944589648 0.006942012822897414 -0.09960847688743935 -0.1638959231931174 -0.2166751229379026 -0.14405411877778473 -0.10734678060941916 -0.06726633569044704 0.18571667060504526 0.9488324684187422 1.225625640012634 1.2744364788743523 1.3321761297229706 1.385749001644369 1.3619388363459697 1.2774127495366523 1.0601449911887588 0.8131145262178663 0.5079475743100489 0.17103373533769906 -0.17024530060602394 -0.4867220810305809 -0.6220431871431503 -0.7289905129417936 -0.802603607322678 -0.8460571589922569 -0.8700657423348094 -0.8623274386128296 -0.8051830418966713 -0.7694677939490725 -0.7250221520587271 -0.6639093944595024 -0.5853358489747847
0.06210222909752239 0.1436520452445399 0.10317476423726113 0.056744941905382595 0.1567476361586595 0.4166752739995183 0.326791899998061 0.014680316544877114 -0.03710679297914132 -0.019050750961188467 -0.058535941747700604 -0.1384984135414915 0.019640767648710367 0.0045609962930575065 -0.03710679297914132 0.15773972637942613 0.5986246204881195 1.0464541461421792 1.3793996242314626 1.3204694651179243 1.4073765684570816 1.4917042372222458 1.541507166304731 1.4716640147627598 1.2119347949660542 0.6720392968248505 0.2305591485836973 -0.1331411263493517 -0.47005496532170155 -0.7537927684609597 -0.9847513718554325 -1.0970559848462158 -1.1337633230145814 -1.1317791425730483 -1.1371364297651878 -1.1057863787889621 -1.086936664594396 -1.006180520623992 -0.903796809840875 -0.8280011169743039 -0.760737400006326 -0.6996246424071012
0.1674622105429392 0.07182471326103546 0.07380889370256871 0.07241996739349543 0.16309701357156603 0.2627028717365363 0.2797668235337225 0.12400865887336054 -0.012701373548282047 -0.06488531916060714 -0.202984277891323 -0.27342268356575417 -0.01845549682872849 0.14662831590683978 0.20317745849053814 0.6293794173318852 1.1303849788190368 1.4946805078845458 1.581587611223703 1.5313878460529113 1.5738493075017232 1.6798045430796 1.814927231148016 1.8014348041455897 0.9077599332790034 -0.5164847876535802 -0.8724467588646493 -0.8998284489578084 -1.0686822045322901 -1.2186862459122052 -1.3631345820558276 -1.4520258658365184 -1.4182947983304528 -1.3905162721489868 -1.3143237431941093 -1.2494410427559712 -1.1772168746841603 -1.0706663849738232 -0.9682826741907063 -0.880780316719089 -0.8172865425900243 -0.7815712946424255
0.19782017129839824 0.06706268020135553 0.03670471944589648 0.043450932947109666 0.05575285168461597 0.10555578076710104 0.27698897091557584 0.25536140410286323 0.11051623187093429 0.005354668469670809 -0.11865660912615883 -0.27719262640466724 -0.17520575170985708 0.1920660480179518 0.6637057389704109 1.062129171630292 1.4131306917375281 1.6734551656666936 1.68456657613928 1.6294063598646549 1.702225782068926 2.0558067367501556 2.251446928285336 1.6163107689505354 0.31409314517224807 -1.335356055874362 -1.8109641077098875 -1.7611611786274022 -1.4442875621145386 -1.5369487887341422 -1.5438934202795087 -1.5843707012867876 -1.5643304788273018 -1.4998446144774702 -1.4182947983304528 -1.2861483809243368 -1.197653933231953 -1.094674968316376 -1.014514078478432 -0.9252259586094344 -0.863716364921903 -0.8309773876366039
0.15773972637942613 0.14841407830421982 0.09861114922173464 0.015275570677337091 0.021624948090243623 0.05237974493400932 0.24325790340951026 0.1851214164725853 0.07341205761426206 -0.020836513358568398 0.07341205761426206 -0.03551944862591461 0.06706268020135553 0.6196569331683721 1.0684785490431985 1.322255227515304 1.659764320620114 1.7286153819413186 1.7339726691334585 1.6510339266773677 1.8165145755012426 2.158190447533272 1.8248481333556823 0.9805793554832746 -0.21627828684959594 -1.146858913928701 -1.671873058758405 -1.8250517888447737 -1.536155116557529 -1.6311973597069729 -1.585362791507554 -1.5819896847569477 -1.5311946654536959 -1.4696850717661643 -1.4018261006657267 -1.271862281745297 -1.1728516777127869 -1.0722537293270498 -0.9980453808137054 -0.9418930743183139 -0.8817724069398557 -0.8657005453634362
0.0898807552789882 0.1714305714260057 0.1490093324366798 0.06547533584812892 -0.04147198995051449 -0.013693463769048675 0.16270017748325938 0.09861114922173464 -0.0077409224444487945 0.002576815851524139 0.09781747704512134 0.4063575357035453 0.6577531976458111 1.1934819168597948 1.4248373563425745 1.6792092889471402 1.7262343654114787 1.7661163922862975 1.7163134632038122 1.5958737104027425 1.7236549308374856 1.5875401525483028 1.2534041661940996 0.394055616966039 -0.42620457756381624 -0.7841507292164186 -0.9295911555808075 -1.0829683037113296 -1.4065881337254065 -1.558973191635162 -1.525837378261556 -1.4881379498724239 -1.4262315200965858 -1.3988498300034267 -1.3303956047705285 -1.222059352662812 -1.1240408388510685 -1.0282049235250112 -0.9843545357671258 -0.9282022292717343 -0.8930822354565954 -0.8754230295269493
0.02400596462008353 0.12559600322658715 0.11230199426831422 0.042062006638036276 -0.07063944244105358 -0.0946480257836062 0.07876934480640185 0.11230199426831422 0.04841138405094281 0.05476076146384923 0.37699166516885285 0.80378887814266 1.2188794265114207 1.5538090850422372 1.7099640857909058 1.727623291720552 1.7661163922862975 1.7423062269878982 1.667105788253787 1.5206732716686315 1.1289960525099634 0.9599438788913286 0.7520017686186415 -0.002383635252309002 -0.3396943103129654 -0.5379139364221394 -0.6000187842421308 -0.6176779901717769 -0.9633222230868733 -1.3881352556191469 -1.4012308465332666 -1.3811906240737803 -1.2968629553086162 -1.2742432982751368 -1.229400820296485 -1.1278107816899814 -1.046260965542964 -0.971655780941313 -0.936535787126174 -0.9232417781679011 -0.890502800882602 -0.8627242747011362
0.012299300015037207 0.07618991023240862 0.03868889988742974 -0.022820693800101655 -0.0869097220616264 -0.12599807675983188 0.041665170549729624 0.23928954252644374 0.18313723603105203 0.4033812650412454 0.7535891129718681 1.175425874841842 1.5361498791125912 1.7008368557598528 1.6490497462358342 1.656788049957814 1.6881381009340397 1.6675026243420938 1.650041836456601 1.365311943096576 0.7793834587118007 0.33849856460310734 0.09821431313342799 0.006346758690437437 -0.18393614565260352 -0.5706529137074384 -0.4198552001509096 -0.42957768431442267 -0.7049819295992411 -1.189320375377513 -1.2474568623144378 -1.2875373072334098 -1.2036064745565525 -1.1464620778403942 -1.0883255909034695 -0.991696003400799 -0.9295911555808075 -0.8700657423348094 -0.8563748972882298 -0.8500255198753234 -0.85042235596363 -0.8373267650495103
0.16170808726249275 0.043450932947109666 -0.06349639285153386 -0.13472847070257832 -0.16012598035420422 -0.09802113253421274 0.08888866505822157 0.2666712326196029 0.4883041879388695 0.8355357652071923 1.2149110656283542 1.5468644534968707 1.669486804783627 1.6256364170257416 1.5581742820136104 1.5260305588607714 1.554205921130544 1.6139297524206953 1.6176996952596085 1.179195817680755 0.680174436635137 0.2603218552066964 -0.014487135945661977 -0.13472847070257832 -0.18929343284474343 -0.4990239997680873 -0.5248183455080199 -0.6313688352183565 -0.8232390839146241 -0.9573696817622733 -1.0452688753221975 -1.119080387747235 -1.083960393932096 -1.0161014228316585 -0.9349484427729474 -0.8422872161533436 -0.8123260914861911 -0.7914921968500918 -0.793476377291625 -0.8012146810136048 -0.8031988614551381 -0.8065719682057447
0.24325790340951026 0.05714177799368925 -0.1160771745521656 -0.18115829303445696 -0.14643513530762464 -0.023415947932561743 0.26329812586899626 0.5791796521610935 0.9639122397743951 1.3585657295953633 1.6133344982882354 1.6474624018826076 1.597262636711816 1.4472585953319004 1.3901141986157421 1.35062900782923 1.3813838046729958 1.4796007365288928 1.4044002977947816 0.8097414194672597 0.5323529937409082 0.261313945427463 -0.04921029367249419 -0.3152888908821062 -0.42322830690151625 -0.5732323482814318 -0.7698646300373791 -0.8539938807583899 -0.8133181817069578 -0.7460544647389799 -0.8797882264983224 -0.8768119558360224 -0.8714546686438828 -0.8158976162809509 -0.7450623745182131 -0.7089502904823076 -0.715299667895214 -0.7127202333212209 -0.7143075776744475 -0.7367288166637734 -0.7660946871984659 -0.7875238359670252
0.20456638479961142 0.14563622568607315 0.03968099010819637 0.0015847256307575108 0.09722222291266136 0.28611620094662893 0.5688619138651203 0.9254191392086496 1.2272129843658606 1.371264484421176 1.4551953170980334 1.4301946435347141 1.4047971338830885 1.3091596366011846 1.2369354685293734 1.1641160463251023 1.162727120016029 1.255388346635633 1.0879235173702246 0.4638987685080102 0.3004023001256685 0.14702515199514643 -0.11706926477293222 -0.3944576904992837 -0.7333557099131668 -0.7079582002615409 -0.6448612622207829 -0.6615283779296625 -0.642480245690943 -0.6097412684056439 -0.6317656713066632 -0.6010108744628976 -0.6287894006443634 -0.6059713255667306 -0.5652956265152985 -0.6049792353459641 -0.6337498517481966 -0.6772034034177753 -0.6938705191266547 -0.730379439250867 -0.7797855322450454 -0.8061751321174381
0.1583349805118861 0.3759995749480862 0.36330082012227327 0.4166752739995183 0.5210431652241685 0.7305726198500821 0.9581581164939486 1.1284007983775035 1.167489153075709 1.2730475525652791 1.2998339885259782 1.2968577178636784 1.2262208941450938 1.1583619230446558 1.0885187715026847 1.0280012680359198 1.0206598004022467 0.9903018396467876 0.8522028809160718 0.22321768095002414 0.12698492953566043 0.03273635856282997 -0.08532237770839979 -0.3222335224274727 -0.5869231933280114 -0.47104705554246806 -0.35001204860893853 -0.33155917050267913 -0.3476310320790986 -0.36271080343475137 -0.36945701693596444 -0.36469498387628463 -0.3807668454527041 -0.383147861982544 -0.4365223158597892 -0.5081512297991403 -0.5541842160427123 -0.6518058937661494 -0.6805765101683817 -0.7460544647389799 -0.8041909516759048 -0.8460571589922569
0.39068251021543243 0.618268006859299 0.8198607397190795 0.8877197108195174 1.029390194344993 1.220863606952954 1.2496342233551865 1.217292082158194 1.222649369350334 1.1918945725065682 1.209950614524521 1.1500283651902161 1.082169394089778 1.0410968589500393 1.0216518906230134 0.9692695269665349 0.8966485228064172 0.8057730585841932 0.7637084332236879 0.06884844259873557 0.019640767648710367 0.05614968777292262 -0.05516283499709407 -0.25338246110626816 -0.3065584969393599 -0.157546545780211 0.07380889370256871 0.0952380424711281 0.025990145061616787 -0.0077409224444487945 -0.06052012218923386 -0.10139423928481928 -0.14881615183746455 -0.27183533921252756 -0.3480278681674053 -0.44465745567007564 -0.5297787966118531 -0.6385118848078765 -0.7143075776744475 -0.7821665487748853 -0.863716364921903 -0.9115351135628548
0.8839497679806042 1.0317712108748331 1.160742939574496 1.2496342233551865 1.3286046049282108 1.3813838046729958 1.3159058501023977 1.2442769361630466 1.184553104872895 1.1647113004575624 1.1343533397021033 1.0551845400849256 1.0033974305609072 0.9762141585119014 0.956570772140722 0.9448641075356756 0.8956564325856505 0.7666847038859878 0.6988257327855498 0.07043578695196218 0.10357160032556778 0.12261973256428726 0.07182471326103546 0.03968099010819637 0.318855178231928 0.40734962592431195 0.5718381845274203 0.5644967168937471 0.4615177519781703 0.3535783359587602 0.23928954252644374 0.10654787098786767 -0.031154251654541443 -0.18492823587337004 -0.3099316036899663 -0.42084729037167634 -0.5408902070844394 -0.6468454426623161 -0.7401019234143801 -0.8329615680781371 -0.9051857361499484 -0.9662984937491731
1.2036012371116145 1.2452690263838133 1.2934846111130718 1.305191275718118 1.3315808755905105 1.3399144334449504 1.2720554623445124 1.1958629333896347 1.1480441847486829 1.1250276916268969 1.090502951944218 1.017683529739947 0.9591502067147153 0.9278001557384895 0.9101409498088434 0.901410555866097 0.8569649139757517 0.7412871942343618 0.6202521873008322 0.1460330617743798 0.34861788485492706 0.3886983297738992 0.5323529937409082 0.667475681809324 1.197847113831168 1.1220514209645969 1.1998312942727014 1.0020085042518339 0.8609332748588182 0.6363240488772517 0.44385854604852415 0.2091299998151379 0.01864867742794374 -0.16111807057497085 -0.3289797359286858 -0.4519989233037488 -0.5853358489747847 -0.6879179778020549 -0.7914921968500918 -0.8793913904100158 -0.9446709269364605 -1.017093513052425
1.1964581875220948 1.238919648970907 1.2516184037967197 1.2617377240485395 1.2466579526928865 1.2353481241761468 1.2018154747142344 1.1397106268942432 1.090502951944218 1.0407000228617327 1.0016116681635272 0.9815714457040412 0.91172829416207 0.8756162101261644 0.8178765592775462 0.8091461653347998 0.8295832238825925 0.738310923572062 0.5718381845274203 0.32381562933576113 0.5650919710262072 0.8619253650795848 1.0053816110024405 1.4508301201266605 1.9526293537904253 1.7095672497025993 1.5424992565254976 1.318485284676391 1.0357395717578997 0.8004157713920533 0.49624090970500256 0.22222559072925752 0.01031511957350395 -0.1845313997850634 -0.35636142602184495 -0.5027939426070006 -0.6357340321897299 -0.7543880225934195 -0.8563748972882298 -0.9345516066846408 -1.0107441356395186 -1.0829683037113296
1.2109427047452876 1.192886662727335 1.2012202205817746 1.1837594326962817 1.1827673424755152 1.1313770690398033 1.0992333458869643 1.0387158424201994 0.9952622907506208 0.9428799270941424 0.8829576777598376 0.889307055172744 0.8404962163110254 0.7779945324027274 0.7051751101984562 0.6694598622508573 0.6924763553726433 0.7055719462867629 0.5615204462314473 0.32877608043959433 0.5117175171489621 0.9424830910058357 1.4712671786744531 2.0050117174469038 2.1518410701203656 1.875047898526474 1.6337715568360283 1.3512242619616899 1.057763974658919 0.7744230076079675 0.4410806934303776 0.18571667060504526 -0.043853006480354395 -0.22937387776371543 -0.39842605138235043 -0.5458506581882726 -0.6688698455633354 -0.8002225907928381 -0.896455342207202 -0.9793940846632928 -1.055189777529864 -1.1131278464226355
1.2309829272047736 1.197847113831168 1.1480441847486829 1.0982412556661978 1.0611370814095256 1.004389520781674 0.9936749463973942 0.9488324684187422 0.9087520234997701 0.8522028809160718 0.7861296722130138 0.7393030137928286 0.7129134139204361 0.671047206604084 0.5968388580907396 0.5470359290082544 0.5196542389150952 0.5103285908398888 0.4966377457933092 0.35893562315090005 0.4010002485114055 0.6865238140480435 1.192489826639028 1.606985120875329 1.7333774150009984 1.621668056142675 1.426424700695801 1.1782037274599886 0.9327606068423226 0.6500148939238313 0.3506020652964603 0.12123080625521399 -0.09266384534207295 -0.2607239287399411 -0.4402922586987025 -0.5956535872707577 -0.715299667895214 -0.8216517395613975 -0.9168924007549947 -1.0174903491407314 -1.094674968316376 -1.1488430943702341
