static/ASC_sea/1979/07/ERA5U/00.asc
ncols         201
nrows         201
xllcorner     105.0
yllcorner     0.0
cellsize      0.25
NODATA_value  -32767
[rows 114 to 132 of 201, columns 42 to 83 of 201]
1.1964581875220948 1.154790398249896 1.099630181975271 1.041493695038346 0.9956591268389274 0.9478403781979756 0.9224428685463497 0.8940690882324238 0.8482345200330053 0.7783913684910341 0.6978336425647831 0.6367208849655583 0.6166806625060722 0.6089423587840925 0.517670058473562 0.42838193860456464 0.36528500056380653 0.3218314488942279 0.34584003223678045 0.4083417161450786 0.47719277746628314 0.5894973904570664 0.7900980330960804 1.041493695038346 1.2119347949660542 1.2028075649350012 1.1035985428583375 0.9404989105643025 0.7252153326579424 0.4863200074973362 0.2642902160897629 0.05237974493400932 -0.14941140596992453 -0.3305670802819124 -0.48632524494227425 -0.6053760714342707 -0.6996246424071012 -0.8222469936938576 -0.9202655075056011 -1.021458710023798 -1.094674968316376 -1.1555893078714474
1.192489826639028 1.1220514209645969 1.0567718844381524 1.0020085042518339 0.9645074939068551 0.9468482879772089 0.9004184656453303 0.8696636688015646 0.8277974614852125 0.7599384903847746 0.6728329690014638 0.602592981371186 0.5210431652241685 0.517670058473562 0.4585414813158704 0.38770623955313255 0.3218314488942279 0.27401270025327595 0.2599250191183897 0.33214918719020087 0.45120001368219725 0.5660840612469737 0.6982304786530897 0.8702589229340246 0.9873255689844878 1.0127230786361137 0.9351416233721627 0.768073630195061 0.5621157003639072 0.36826127122610647 0.18016096536875215 -0.007344086356142143 -0.17084055473848392 -0.36032978690491146 -0.5135085169912802 -0.6277973104235967 -0.7289905129417936 -0.843676142462417 -0.9403057299650873 -1.0488404001169571 -1.1157072809966286 -1.1581687424454405
1.1817752522547484 1.13236915926057 1.0762168527651783 1.017683529739947 0.9678806006574616 0.9545865916991887 0.9283954098709495 0.8633142913886581 0.8194639036307728 0.7553748753692481 0.671047206604084 0.5771954717195601 0.4859231714090296 0.45616046478603045 0.4230246514124248 0.36330082012227327 0.316474161702088 0.2797668235337225 0.2934576685803021 0.37758691930131283 0.4682639654793834 0.537115026800588 0.6420781721576981 0.7285884394085489 0.8301784780150525 0.869266832713258 0.7607321625613879 0.6039819076802593 0.4337392257967045 0.25536140410286323 0.09186493572052146 -0.05992486805677388 -0.22203241013004227 -0.386124132644844 -0.526207271817093 -0.6244242036729902 -0.727403168588567 -0.8440729785507236 -0.9545918291441268 -1.0369353174677576 -1.0883255909034695 -1.1375332658534947
1.1934819168597948 1.1597508493537292 1.0912966241208313 1.0103420621062738 0.978992011130048 0.9488324684187422 0.9210539422372763 0.8643063816094247 0.8051778044517333 0.7543827851484814 0.6664835915885574 0.5758065454104868 0.4863200074973362 0.41945312661766493 0.37262646819747963 0.35595935248860017 0.3535783359587602 0.3414748352654073 0.35020522920815367 0.40973064245415186 0.48790735185056283 0.5674729875560471 0.6476338773939914 0.7172786108918092 0.7589464001640079 0.7549780392809414 0.6510069841445979 0.5039792134269823 0.3252045556448344 0.16468435792479263 0.01904551351625039 -0.10933096105095241 -0.26012867460748124 -0.40715644532509676 -0.526207271817093 -0.62740047433529 -0.730379439250867 -0.8432793063741103 -0.9482424517312203 -1.0238397265536379 -1.0786031067399566 -1.1405095365157947
1.190505646197495 1.1537983080291294 1.0768121068976384 1.0264139236826932 0.9922860200883209 0.9488324684187422 0.9164903272217498 0.8712510131547913 0.8018046977011266 0.7422792844551285 0.6641025750587175 0.5738223649689536 0.5166779682527953 0.4468348167108241 0.39802397784910554 0.3658802546962665 0.36131663968074 0.3886983297738992 0.406754371791852 0.4702481459209167 0.5514011259796276 0.595251513737513 0.658348451778271 0.6861269779597368 0.6934684455934099 0.648030713482298 0.5478296011848677 0.40477019135031866 0.25794083867685647 0.09226177180882811 -0.03948780950898123 -0.16588010363465067 -0.29346290602524017 -0.4222362166807495 -0.5325566492299997 -0.6180748262600836 -0.715299667895214 -0.7924842870708585 -0.8924869813241353 -0.9833624455463593 -1.0536024331766374 -1.1258266012484484
1.1407027171150097 1.1039953789466441 1.0928839684740579 1.0424857852591127 1.0000243238103006 0.9635154036860885 0.9220460324580431 0.881370333406611 0.8125192720854063 0.7389061777045219 0.660134214175651 0.6055692520334859 0.5484248553173277 0.5117175171489621 0.4625098421989369 0.4140958394255251 0.3960397974075723 0.4258025040305714 0.47223232636245 0.535329264403208 0.6176727527268389 0.6621183946171842 0.6851348877389702 0.6895000847103434 0.6446576067316914 0.5557663229510008 0.45179526781465723 0.3111168745099482 0.163692267704026 0.015275570677337091 -0.11706926477293222 -0.2206434838209691 -0.33334493290005895 -0.44624480002330225 -0.5307708868326196 -0.6000187842421308 -0.6585521072673625 -0.7363319805754668 -0.8202628132523243 -0.9111382774745481 -1.0087599551979851 -1.087333500682703
1.0922887143415978 1.067486458822432 1.0561766303056923 1.0430810393915726 0.9962543809713874 0.9692695269665349 0.9204586881048165 0.8839497679806042 0.8395041260902588 0.7627163430029211 0.7021988395361564 0.6470386232615314 0.6099344490048592 0.5771954717195601 0.5264004524163084 0.48294690074672963 0.4672718752586168 0.4809627203051964 0.5244162719747751 0.6012040550621127 0.6837459614298969 0.7476365716472683 0.7750182617404274 0.7109292334789028 0.6148949001086923 0.48155797443765636 0.32956975261620763 0.1904787036647252 0.03968099010819637 -0.10933096105095241 -0.2283817875429489 -0.32163826829501263 -0.3851320424240775 -0.47005496532170155 -0.5190642222275733 -0.5452554040558125 -0.6004156203304375 -0.6518058937661494 -0.7363319805754668 -0.8373267650495103 -0.9349484427729474 -1.0218555461121048
1.066891204689972 1.039112678508506 1.017683529739947 1.0049847749141338 0.9835556261455745 0.9498245586395089 0.9160934911334432 0.8966485228064172 0.8599411846380516 0.810535091643873 0.7539859490601748 0.7119213236996694 0.6758092396637638 0.6299746714643452 0.5855290295739999 0.5333450839616748 0.5123127712814222 0.5381071170213547 0.5894973904570664 0.6684677720300907 0.7593432362523146 0.8224401742930727 0.8188686494983128 0.7325568002916154 0.570449258218347 0.37758691930131283 0.20020118782823826 0.02400596462008353 -0.12500598653906525 -0.2621128550490145 -0.38037000936439747 -0.4315618647559559 -0.47640434273460797 -0.48176162992674787 -0.4867220810305809 -0.5037860328277671 -0.5180721320068068 -0.5658908806477586 -0.6317656713066632 -0.7309746933833269 -0.8363346748287438 -0.9319721721106474
1.0367316619786662 1.0053816110024405 0.9805793554832746 0.9639122397743951 0.9522055751693488 0.9385147301227692 0.9301811722683294 0.8994263754245637 0.8539886433134517 0.834146838898119 0.8081540751140331 0.7676767941067544 0.7129134139204361 0.6460465330407648 0.5968388580907396 0.5597346838340673 0.5571552492600741 0.5795764882494001 0.6119186294463924 0.6841427975182035 0.7817644752416406 0.858949094417285 0.8629174553003515 0.722635898083949 0.504971303647749 0.27103642959097607 0.05972121256768248 -0.13036327373120515 -0.27877997075789385 -0.41013271598739676 -0.5008097621654671 -0.5379139364221394 -0.5160879515652735 -0.4881110073396543 -0.4827537201475144 -0.46767394879186164 -0.47699959686706805 -0.5127148448146669 -0.5726370941489717 -0.6414881554701762 -0.7333557099131668 -0.8158976162809509
1.0601449911887588 1.0287949402125331 0.9839524622338811 0.9464514518889022 0.9391099842552292 0.9591502067147153 0.9518087390810421 0.9210539422372763 0.8809734973183043 0.846250339591472 0.8027967879218934 0.7623195069146145 0.7252153326579424 0.6720392968248505 0.6085455226957859 0.5742192010572602 0.5674729875560471 0.5587425936133007 0.6059660881217925 0.7021988395361564 0.8154955427477062 0.8785924807884643 0.8101382555555664 0.5865211197947665 0.3057595873178084 0.06071330278844911 -0.12639491284813853 -0.2958439225550801 -0.4383080782571692 -0.5575573227933189 -0.6220431871431503 -0.5946614970499912 -0.5307708868326196 -0.487317335163041 -0.46469767812956164 -0.45160208721544215 -0.4418796030519291 -0.43691915194809583 -0.4599356450698818 -0.5271993620378598 -0.622440023231457 -0.7049819295992411
1.1313770690398033 1.084550410619618 1.0224455627996267 0.9736347239379082 0.9551818458316487 0.9692695269665349 0.9581581164939486 0.9545865916991887 0.902005809998557 0.858949094417285 0.8258132810436792 0.780772385020874 0.7266042589670156 0.6791823464143704 0.6363240488772517 0.5859258656623065 0.5561631590393075 0.5484248553173277 0.5855290295739999 0.6557690172042777 0.7867249263454738 0.8706557590223313 0.7045798560659963 0.36230872990150664 0.13194538063949357 -0.08790181228239302 -0.2914787255837069 -0.47640434273460797 -0.6083523420965707 -0.6795844199476152 -0.6942673552149613 -0.6141064653770171 -0.5307708868326196 -0.4633087518204885 -0.4222362166807495 -0.40318808444203025 -0.38711622286561076 -0.38037000936439747 -0.4037833385744901 -0.4589435548491151 -0.5087464839316004 -0.567279806956832
1.1631239561043358 1.1022096165492643 1.044469965700646 1.0033974305609072 0.9839524622338811 0.966293256304235 0.966293256304235 0.9712537074080682 0.944467271447369 0.9101409498088434 0.8779972266560043 0.834146838898119 0.7857328361247071 0.7389061777045219 0.7027940936686163 0.660134214175651 0.6494196397913713 0.6748171494429972 0.7085482169490628 0.7369219972629886 0.8379167817370322 0.7750182617404274 0.4658829489495435 -0.042464080171281116 -0.19564281025764985 -0.31330471044057295 -0.41687892948860983 -0.5652956265152985 -0.6341466878365033 -0.6966483717448012 -0.6972436258772613 -0.6029950549044308 -0.47263439989569467 -0.3944576904992837 -0.3750127221722578 -0.35239306513877844 -0.32560662917807914 -0.30695533302766653 -0.3206461780742461 -0.35338515535954496 -0.4075532814134034 -0.444260619581769
1.1811799981222886 1.1236387653178235 1.082169394089778 1.0424857852591127 1.0280012680359198 1.006373701223207 0.999627487721994 0.9903018396467876 0.9805793554832746 0.9649043299951617 0.934149533151396 0.931173262489096 0.9024026460868636 0.8726399394638645 0.8422819787084055 0.8355357652071923 0.8639095455211181 0.9083551874114635 1.0006195779427607 0.9799841013508146 0.7871217624337804 0.6373161390980183 0.2573455845443965 -0.14345886464532476 -0.20258744180301635 -0.26806539637361426 -0.4111248062081633 -0.5478348386298059 -0.5702560776191318 -0.5561683964842455 -0.5682718971775985 -0.4944603847525607 -0.3797747552319376 -0.3065584969393599 -0.2758037000955941 -0.2738195196540608 -0.26647805202038766 -0.2508030265322748 -0.243064722810295 -0.266081215932081 -0.2968360127758468 -0.3305670802819124
1.2319750174255404 1.1831641785638218 1.1416948073357764 1.1162972976841505 1.1055827232998707 1.0859393369286914 1.0722484918821118 1.0595497370562987 1.0401047687292728 1.02442974324116 1.034747481537133 1.0317712108748331 1.0470494002746393 1.0240329071528533 1.0387158424201994 1.0571687205264588 1.1065748135206375 1.1176862239932237 1.1992360401402413 1.0297870304332997 0.8349405110747323 0.537115026800588 0.2236145170383308 0.03769680966666311 -0.06786158982290702 -0.0462340230101943 -0.2553666415478014 -0.429180848226116 -0.3305670802819124 -0.3152888908821062 -0.3881083130863773 -0.31786832545609933 -0.21627828684959594 -0.1845313997850634 -0.14643513530762464 -0.1631022510165041 -0.1508003322789978 -0.15417343902960434 -0.14643513530762464 -0.1508003322789978 -0.17580100584231706 -0.20893681921592278
1.3159058501023977 1.2670950112406794 1.233562361778767 1.2085616882154477 1.2032044010233078 1.192886662727335 1.1680844072081689 1.1520125456317494 1.1260197818476634 1.1182814781256838 1.1284007983775035 1.1637192102367957 1.1787989815924487 1.1958629333896347 1.2192762625997273 1.2399117391916734 1.285746307391092 1.255388346635633 1.2436816820305867 1.0738358362353384 0.6855317238272769 0.3867141493323659 0.3545704261795269 0.21250310656574445 0.019640767648710367 0.20377271262299812 -0.05952803196846723 -0.4506099969946754 -0.35100413882970505 -0.10734678060941916 -0.1791741125929237 -0.09504486187191286 0.013291390235803835 -0.016471316387195234 0.01904551351625039 -0.0027804713406156534 -0.005359905914608887 -0.008137758532755446 -0.022820693800101655 -0.02678905468316828 -0.050797638025720904 -0.08433028748763316
1.3960667399403421 1.3696771400679495 1.335549236473577 1.3141200877050179 1.3032070952765848 1.305786529850578 1.270666536035439 1.2496342233551865 1.2353481241761468 1.2343560339553803 1.2661029210199126 1.3014213328792048 1.3032070952765848 1.328207768839904 1.3389223432241837 1.3496369176084633 1.3702723942004096 1.2920956848039986 1.2647139947108395 1.0581608107472256 0.6694598622508573 0.37699166516885285 0.394055616966039 0.19246288410625845 -0.016471316387195234 0.2652823063105296 0.0035689060722908783 -0.4329507910650293 -0.3158841450145661 -0.07222678679428018 0.06210222909752239 0.15238243918728633 0.2466310101601168 0.18651034278165868 0.20952683590344456 0.17639102252983896 0.16508119401309929 0.1412710287147 0.12658809344735378 0.1236118227850539 0.0952380424711281 0.06011804865598913
1.4926963274430123 1.473648195204293 1.4609494403784802 1.441504472051454 1.4204721593712013 1.4238452661218077 1.3799948783639224 1.3692803039796428 1.365311943096576 1.4014240271324818 1.4278136270048742 1.4381313653008474 1.4365440209476208 1.398447756470182 1.4067813143246217 1.3926936331897355 1.3746375911717825 1.3091596366011846 1.2994371524376715 1.1039953789466441 0.7027940936686163 0.40734962592431195 0.3051643331853484 0.06309431931828902 -0.1337363804818117 0.19008186757641854 -0.008733012665215423 -0.27719262640466724 -0.17857885846046362 0.10595261685540769 0.28869563552062216 0.4200483807501249 0.49524881948423594 0.4140958394255251 0.3984208139374122 0.36528500056380653 0.35417359009122024 0.3301650067486676 0.316474161702088 0.31151371059825483 0.2789731513571092 0.24563891993935016
1.600238907374116 1.594286366049516 1.581587611223703 1.57186512706019 1.5655157496472836 1.543491346746264 1.5040061559597522 1.5147207303440318 1.4907121470014792 1.5298005016996847 1.5381340595541244 1.542102420437191 1.525038468640005 1.4726561049835265 1.4688861621446132 1.371264484421176 1.3413033597540238 1.3238425718685307 1.3466606469461635 1.3174931944556243 0.888711801040284 0.30476749709704176 0.11726244537214736 -0.016074480298888583 -0.20596054855362278 0.10317476423726113 0.2105189261242112 0.012696136103343858 0.0591259584352225 0.32381562933576113 0.6196569331683721 0.7734309173872008 0.7579543099432413 0.6684677720300907 0.6226332038306721 0.560131519922374 0.5464406748757944 0.5406865515953478 0.5313609035201415 0.501995032985449 0.4508031775938906 0.4200483807501249
1.7192897338661122 1.7135356105856658 1.7109561760116725 1.7075830692610658 1.697860585097553 1.68456657613928 1.6456766394852278 1.6256364170257416 1.6109534817583955 1.6490497462358342 1.6387320079398613 1.620279129833602 1.594881620181976 1.5337688625827512 1.5317846821412178 1.376621771613316 1.3750344272600894 1.3071754561596514 1.2994371524376715 1.35301002435907 0.9047836626167035 0.20615372915283803 0.0015847256307575108 -0.1160771745521656 -0.3115189480431929 0.02638698114992344 0.2051616389320714 0.16805746467539917 0.30615642340611504 0.6998178230063165 1.044469965700646 1.0859393369286914 1.0030005944726006 0.9093472776322301 0.8545838974459117 0.8087493292464931 0.7861296722130138 0.7710499008573609 0.7607321625613879 0.733548890512382 0.6694598622508573 0.6109265392256258
