static/ASC_sea/1979/07/ERA5U/00.asc
ncols         201
nrows         201
xllcorner     105.0
yllcorner     0.0
cellsize      0.25
NODATA_value  -32767
[rows 19 to 37 of 201, columns 0 to 41 of 201]
0.371634377976713 0.3799679358311528 0.30615642340611504 0.2252018613915574 0.11190515818000757 0.06944369673119555 0.08749973874914829 0.11765928146045401 0.13194538063949357 0.08253928764531515 -0.028773235124701535 -0.123021806097532 -0.20734947486269617 -0.15853863600097762 -0.08829864837069967 0.027974325503150044 0.06150697496506241 0.08789657483745494 0.11130990404754759 0.14841407830421982 0.17877203905967887 0.1621049233507994 0.12698492953566043 0.12123080625521399 0.13234221672780022 0.13928684827316673 0.16071599704172612 0.2105189261242112 0.2750047904740426 0.27639371678311586 0.24028163274721037 0.2329401651135372 0.2305591485836973 0.20655056524114468 0.1928597201945651 0.22024141028772426 0.3599277133716667 0.5000108525439158 0.6085455226957859 0.7329536363799221 0.8125192720854063 0.8395041260902588
0.5377102809330481 0.5254083621955417 0.45179526781465723 0.3422685074420206 0.2599250191183897 0.21726513962542437 0.18016096536875215 0.16270017748325938 0.1767878586181456 0.20178853218146486 0.17242266164677233 0.07777725458563522 -0.005359905914608887 -0.00039945481077574563 0.0698405328195022 0.16031916095341947 0.19385181041533173 0.22024141028772426 0.21190785243328447 0.2212335005084909 0.25159146126394993 0.2482183545133434 0.2881003813881622 0.28234625810771574 0.296433939242602 0.26766332284036953 0.2890924716089288 0.3365143841615741 0.3789758456103861 0.3799679358311528 0.3315539330577409 0.3736185584182463 0.37123754188840635 0.3759995749480862 0.303775406876275 0.33115709696943424 0.36726918100533984 0.4502079234614306 0.5591394297016073 0.6627136487496442 0.7315647100708488 0.7589464001640079
0.7115244876113627 0.7051751101984562 0.6714440426923907 0.5758065454104868 0.48393899096749626 0.394650871098499 0.338895400691414 0.2960371031542953 0.24563891993935016 0.2797668235337225 0.29107665205046207 0.3174662519228546 0.2535756417054833 0.24762310038088342 0.2505993710431833 0.31548207148132135 0.3398874909121806 0.28611620094662893 0.2666712326196029 0.25635349432362986 0.22996389445123733 0.20416954871130477 0.2666712326196029 0.3448479420160138 0.38770623955313255 0.36091980359243336 0.3579435329301334 0.38572205911159924 0.40734962592431195 0.3829442064934527 0.34861788485492706 0.41310374920475845 0.4551683745652638 0.4781848676870498 0.3930635267452724 0.32083935867346125 0.29841811968413523 0.35595935248860017 0.4317550453551712 0.5377102809330481 0.6236252940514387 0.7539859490601748
0.9321653527098627 0.9174824174425165 0.8877197108195174 0.8252180269112193 0.6660867555002508 0.5718381845274203 0.5434644042134944 0.5035823773386756 0.44147752951868424 0.35754669684182677 0.4063575357035453 0.44643798062251744 0.4585414813158704 0.4571525550067971 0.45318419412373057 0.43512815210577777 0.3438558517952472 0.27540162656234923 0.2359164357758371 0.22182875464095086 0.1928597201945651 0.17639102252983896 0.23730536208491038 0.32242670302668786 0.40734962592431195 0.4321518814434778 0.42838193860456464 0.3912777643478924 0.3252045556448344 0.2960371031542953 0.30238648056720174 0.35496726226783354 0.3970318876283389 0.4107227326749185 0.33453020372004083 0.2573455845443965 0.20853474568267794 0.22222559072925752 0.29702919337506195 0.406754371791852 0.5986246204881195 0.746247645338195
1.1597508493537292 1.142091643424083 1.0785978692950182 0.9629201495536285 0.8023999518335867 0.7162865206710426 0.6900953388428034 0.6426734262901581 0.5855290295739999 0.5107254269281954 0.5254083621955417 0.5079475743100489 0.4898915322920961 0.47659752333382316 0.4541762843444972 0.4093338063658452 0.29941020990490186 0.24861519060165005 0.24424999363027688 0.3051643331853484 0.3404827450446406 0.338895400691414 0.34861788485492706 0.37461064863901294 0.4347313160174711 0.47223232636245 0.45457312043280385 0.38929358390635915 0.3051643331853484 0.273417446120816 0.29246557835953546 0.2998070459932085 0.30337857078796837 0.30615642340611504 0.28710829116739556 0.284330438549249 0.2759968806948092 0.23988479665890372 0.25635349432362986 0.3351254578525008 0.5821559228233933 0.7637084332236879
1.1240356014061303 1.1035985428583375 1.0571687205264588 0.9809761915715812 0.8994263754245637 0.8649016357418847 0.8649016357418847 0.8599411846380516 0.8291863877942859 0.7666847038859878 0.6510069841445979 0.5297735591669148 0.427389848383798 0.43076295513440455 0.4508031775938906 0.47659752333382316 0.42917561078117794 0.4200483807501249 0.439493349077151 0.5337419200499814 0.603188235503646 0.6396971556278582 0.5811638326026267 0.5494169455380943 0.5587425936133007 0.5533853064211609 0.5093365006191222 0.4321518814434778 0.3759995749480862 0.34524477810432047 0.33949065482387397 0.3325460232785075 0.32718873608636767 0.3242124654240678 0.3873094034648259 0.4555652106535705 0.5133048615021887 0.46687503917031015 0.4551683745652638 0.48493108118826295 0.6313635977734184 0.7553748753692481
1.0587560648796854 1.0494304168044792 1.009349971885507 0.9535945014784221 0.8829576777598376 0.8531949711368384 0.8776003905676977 0.9204586881048165 0.8970453588947238 0.823233846469686 0.6196569331683721 0.48155797443765636 0.3702454516676397 0.4859231714090296 0.5621157003639072 0.725612168746249 0.7637084332236879 0.7700578106365943 0.7783913684910341 0.7897011970077736 0.8331547486773524 0.8522028809160718 0.7843439098156338 0.7476365716472683 0.7289852754968555 0.7041830199776896 0.6573563615575044 0.5841401032649266 0.5289798869903015 0.4990187623231492 0.49624090970500256 0.49465356535177596 0.4932646390427027 0.5025902871179091 0.58017174238186 0.6363240488772517 0.6446576067316914 0.6226332038306721 0.6142996459762323 0.6279904910228119 0.6313635977734184 0.7109292334789028
1.077804197118405 1.0962570752246643 1.0688753851315052 0.9916907659558609 0.8974421949830305 0.8438693230616321 0.856568077887445 0.8946643423648839 0.9204586881048165 0.8984342852037971 0.7192627913333425 0.5694571679975804 0.44147752951868424 0.5547742327302341 0.7012067493153897 0.8756162101261644 0.956570772140722 1.01966771018148 1.0303822845657598 0.9966512170596941 0.9581581164939486 0.9605391330237885 0.8956564325856505 0.866290562050958 0.8599411846380516 0.8311705682358191 0.7940663939791469 0.7373188333512952 0.6978336425647831 0.6914842651518767 0.6988257327855498 0.6791823464143704 0.6420781721576981 0.6226332038306721 0.6787855103260637 0.7012067493153897 0.7071592906399895 0.7051751101984562 0.7188659552450358 0.7319615461591554 0.7091434710815228 0.6773965840169904
1.004389520781674 1.0434778754798795 1.0166914395191802 0.9151014009126766 0.7974395007297534 0.7432713746758951 0.7125165778321294 0.7710499008573609 0.7970426646414468 0.9287922459592561 0.8839497679806042 0.7329536363799221 0.6664835915885574 0.6865238140480435 0.833551584765659 0.9194665978840497 1.0664943686016652 1.1299881427307301 1.1206624946555237 1.0518114333343191 1.0127230786361137 1.0127230786361137 0.9498245586395089 0.9194665978840497 0.8730367755521712 0.8633142913886581 0.8258132810436792 0.8785924807884643 0.9147045648243699 0.9083551874114635 0.931768516621556 0.8619253650795848 0.8248211908229126 0.7236279883047156 0.7168817748035026 0.7393030137928286 0.7529938588394082 0.7525970227511015 0.7660894497535278 0.7924790496259203 0.8023999518335867 0.7700578106365943
0.9718489615405281 1.0030005944726006 0.9658964202159284 0.868671578580798 0.7305726198500821 0.5855290295739999 0.537115026800588 0.590489480677833 0.6944605358141765 0.8472424298122386 0.8492266102537719 0.9535945014784221 0.9321653527098627 0.9278001557384895 0.8994263754245637 0.9555786819199553 1.1039953789466441 1.1617350297952624 1.147448930616223 1.0849472467079249 1.077208942985945 1.0841535745313116 1.0079610455764338 0.9024026460868636 0.8395041260902588 0.8349405110747323 0.91113304002961 0.9942702005298542 1.0518114333343191 1.125622945759357 1.1543935621615893 1.0805820497365515 0.9879208231169477 0.8785924807884643 0.8619253650795848 0.8395041260902588 0.846845593723932 0.835932601295499 0.8145034525269396 0.8349405110747323 0.8623222011678915 0.8916880717025839
0.999627487721994 0.9839524622338811 0.9545865916991887 0.8458535035031653 0.6519990743653645 0.5190589847826352 0.43016770100194457 0.42917561078117794 0.5156858780320286 0.7061672004192229 0.8432740689291721 1.0079610455764338 1.1079637398297106 1.0922887143415978 1.0595497370562987 1.087526681281918 1.2162999919374275 1.2543962564148663 1.2216572791295672 1.1782037274599886 1.192489826639028 1.2192762625997273 1.1309802329514966 1.0127230786361137 0.8877197108195174 0.8643063816094247 0.9488324684187422 1.0942728947831313 1.205188581464841 1.2861431434793986 1.3258267523100642 1.2690791916822124 1.1817752522547484 1.1006222721960377 1.0678832949107386 1.0454620559214125 1.0327633010955997 0.9962543809713874 0.9766109946002081 0.9375226399020026 0.989309749426021 1.0010164140310673
0.9746268141586747 0.9180776715749764 0.8966485228064172 0.7891059428753138 0.6260063105812786 0.5210431652241685 0.46925605570015005 0.43413606188501114 0.48453424509995624 0.6621183946171842 0.8740288657729378 1.089907697811758 1.1801879079015218 1.2266177302334005 1.1831641785638218 1.275428569095119 1.3462638108578568 1.408765494766155 1.399043010602642 1.3829711490262224 1.3853521655560623 1.3887252723066688 1.3349539823411172 1.2018154747142344 1.0303822845657598 0.989905003558481 1.0107388981945804 1.1480441847486829 1.2666981751523725 1.371264484421176 1.3893205264391288 1.3575736393745965 1.325231498177604 1.3121359072634846 1.2807858562872587 1.265706084931606 1.2563804368563996 1.2325702715580003 1.1865372853144285 1.1006222721960377 1.097249165445431 1.0968523293571244
0.8141066164386329 0.7900980330960804 0.7700578106365943 0.7172786108918092 0.6777934201052971 0.6547769269835111 0.6529911645861312 0.6323556879941852 0.6430702623784648 0.8141066164386329 1.0224455627996267 1.2480468790019599 1.2774127495366523 1.2369354685293734 1.190505646197495 1.2817779465080255 1.400431936911715 1.499045704855919 1.5551980113513104 1.583968627753543 1.554205921130544 1.5151175664323384 1.4121386015167614 1.2930877750247651 1.1220514209645969 1.029390194344993 0.9591502067147153 1.0835583203988515 1.2349512880878402 1.368685049847183 1.3428907041072504 1.2964608817753716 1.285151053258632 1.3466606469461635 1.3726534107302495 1.370669230288716 1.368288213758876 1.3476527371669302 1.2998339885259782 1.184553104872895 1.1690764974289356 1.162131865883569
0.527987796769535 0.5180668945618686 0.5079475743100489 0.5273925426370749 0.5942594235167462 0.6968415523440166 0.791090123316847 0.8018046977011266 0.834146838898119 0.9635154036860885 1.1631239561043358 1.2579677812096262 1.2569756909888596 1.0694706392639652 0.9595470428030219 0.9581581164939486 1.1089558300504774 1.268682355593906 1.4147180360907547 1.5113476235934251 1.4879342943833325 1.3853521655560623 1.2363402143969136 1.188124629667655 1.1260197818476634 1.0532003596433923 0.9147045648243699 0.9785951750417413 1.1700685876497021 1.3081675463804179 1.2593567075186995 1.1651081365458689 1.1573698328238893 1.2369354685293734 1.2905083404507718 1.3032070952765848 1.285746307391092 1.2466579526928865 1.1938787529481014 1.1276071262008902 1.1103447563595505 1.1049874691674109
0.4375091686356177 0.44643798062251744 0.4468348167108241 0.4004049943789455 0.43651707841485105 0.5406865515953478 0.7823597293741006 0.8940690882324238 0.9722457976288348 1.0033974305609072 1.032366465007293 0.989905003558481 0.9037915723959369 0.6656899194119441 0.46548611286123687 0.3482210487666204 0.4615177519781703 0.6523959104536712 0.8609332748588182 1.0758200166768717 1.1601476854420358 1.1416948073357764 1.037723752199433 1.1059795593881774 1.1270118720684301 1.1089558300504774 0.9037915723959369 0.9307764264007894 1.1059795593881774 1.320866301206231 1.3024134230999715 1.2045933273323812 1.1075669037414042 1.1363375201436365 1.140305881026703 1.0948681489155911 1.0156993492984134 0.9605391330237885 0.9307764264007894 0.944467271447369 0.9502213947278155 0.9428799270941424
0.7944632300674536 0.7920822135376137 0.7539859490601748 0.49624090970500256 0.34187167135371394 0.3668723449170332 0.7208501356865691 0.9381178940344626 1.0361364078462063 0.91113304002961 0.7218422259073357 0.6089423587840925 0.47183549027414334 0.2535756417054833 0.04880822013924946 -0.11806135499369885 -0.07659198376565346 0.10853205142940103 0.3404827450446406 0.589894226545373 0.7002146590946231 0.7920822135376137 0.8408930523993321 0.9629201495536285 0.9980401433687673 0.9131172204711433 0.6988257327855498 0.680174436635137 0.8242259366904526 0.9752220682911348 1.0922887143415978 1.0938760586948244 1.0611370814095256 1.0180803658282533 0.9932781103090875 0.9508166488602755 0.8375199456487256 0.7744230076079675 0.7490254979563415 0.768073630195061 0.7670815399742944 0.7393030137928286
1.0932808045623645 1.0762168527651783 0.876608300346931 0.5460438387874877 0.4107227326749185 0.46350193241970356 0.7085482169490628 0.8486313561213119 0.7369219972629886 0.5186621486943286 0.38492838693498593 0.3013943903464351 0.19385181041533173 0.03174426834206334 -0.1160771745521656 -0.26945432268268765 -0.35636142602184495 -0.2797720609786606 -0.06488531916060714 0.10019849357496124 0.17341475186753907 0.25456773192624993 0.4625098421989369 0.6484275495706047 0.6861269779597368 0.5841401032649266 0.4287787746928713 0.3926666906569657 0.44008860320961096 0.6039819076802593 0.745652391205735 0.8960532686739572 0.9371258038136959 0.8990295393362571 0.8418851426200988 0.7676767941067544 0.6500148939238313 0.5414802237719611 0.481954810525963 0.4565573008743371 0.517074804341102 0.5440596583459545
1.0156993492984134 0.9131172204711433 0.733548890512382 0.5387023711538146 0.5635046266729806 0.6319588519058785 0.6510069841445979 0.46687503917031015 0.33453020372004083 0.24226581318874363 0.21012209003590454 0.1259928393148938 0.14305679111207992 0.0898807552789882 -0.058535941747700604 -0.24703308369336152 -0.35497249971277156 -0.29723284886415346 -0.28889929100971357 -0.2420726325895285 -0.1722294810475572 -0.09028282881223304 0.0952380424711281 0.25099620713148996 0.29702919337506195 0.2305591485836973 0.11488142884230745 0.0821424515570085 0.12123080625521399 0.33691122024988074 0.5635046266729806 0.7198580454658025 0.768668884327521 0.7442634648966617 0.6865238140480435 0.6349351225681784 0.5146937878112621 0.4057622815710853 0.18075621950121212 0.044443023167876294 0.10416685445802776 0.23889270643813698
0.725612168746249 0.6226332038306721 0.6734282231339239 0.6514038202329046 0.6764044937962238 0.5347340102707481 0.36726918100533984 0.18809768713488528 0.15972390682095938 0.15000142265744643 0.12956436410965366 0.1851214164725853 0.22857496814216405 0.19345497432702508 0.09484120638282145 -0.08929073859146641 -0.18215038325522348 -0.22104031990927575 -0.2136988522756026 -0.24504890325182827 -0.2908834714512468 -0.2083415650834627 -0.14345886464532476 -0.09762429644590609 -0.051194474114027555 -0.029765325345468163 -0.09504486187191286 -0.1277838391572118 -0.05794068761524063 0.19881226151916487 0.4263977581630314 0.5254083621955417 0.5361229365798214 0.5142969517229554 0.5337419200499814 0.527987796769535 0.4190562905293582 0.2974260294633686 0.08015827111547513 -0.07619514767734681 -0.2152861966288292 -0.09901322275497937
