static/ASC_sea/2025/01/ERA5V/00.asc
ncols         201
nrows         201
xllcorner     105.0
yllcorner     0.0
cellsize      0.25
NODATA_value  -32767
[rows 38 to 56 of 201, columns 129 to 171 of 201]
1.554885705484777 1.5573124994113297 1.551104765739924 1.5484260007973245 1.5497449950130155 1.5859740580200707 1.578859664596942 1.541794007128959 1.572130981716065 1.5146209364703822 1.3266423623859918 0.8051508347975871 0.6590160995734116 0.6115845589406318 0.6421458752366198 0.527231815183467 0.6290078915461748 1.3595782042174642 2.256007097766923 2.855876301639536 2.8961673192709747 2.6985994772526274 2.617090049256161 2.5606841164312613 2.4656881578950967 2.4354448000303863 2.392044472448389 2.3387887836712618 2.3183650771062014 2.3079428081044746 2.2909637406837 2.2858501348696114 2.278721827674749 2.2511196261119997 2.2287486528987683 2.209091168583021 2.19057124872462 2.168040703909228 2.146950094064667 2.120772880163658 2.0934545504583344 2.0865010196698783 2.069936065011023
1.4843916814559521 1.4941608535791113 1.4848434558700108 1.4843707970422044 1.4889775567446653 1.5194975867613714 1.5408942048842609 1.4992240703727049 1.5345472577000572 1.4655324546762798 1.279553341113397 0.8340313438679788 0.6759305167841012 0.6237580359239163 0.6014754606621341 0.486970275112091 0.5898931872681126 0.791138998209741 1.4791596524482808 2.0934169411799526 2.72791913407624 2.5984232677874286 2.5238655237636642 2.472558251602748 2.4383618260415703 2.407768597393793 2.3752785393709237 2.3397007152555123 2.326845068843019 2.302960272930222 2.2759352871334633 2.286996523943529 2.2657729956139843 2.233523144400067 2.2114015188236027 2.1890884862099984 2.1727587534299175 2.1456667978814457 2.121008251713841 2.0959635991332197 2.0739672838223653 2.060455311372598 2.0446907989023693
1.4370212144877361 1.4371417731803913 1.428040790916802 1.4380139053780328 1.443287046256828 1.4412934351213798 1.4924930822109568 1.5525212575714322 1.5304332846392892 1.5130329230721182 1.4046734266833194 1.0588681614787792 0.8017732588029489 0.6254234918734047 0.5226702982821351 0.42747003558782115 0.3899299452127194 0.36868803601884914 0.7665991832092651 1.4614292313716297 2.26432401824084 2.459598461523184 2.437862887465805 2.3885490247370837 2.393921607691338 2.368954600790722 2.3436974229135332 2.322248523010215 2.313463634476335 2.291067738843407 2.2671465574979157 2.2690568595449014 2.2470481368265327 2.229358281657966 2.22260085760177 2.188340943274911 2.1545523328346805 2.1265802877315276 2.1016862408713606 2.0806249452680445 2.072900647318671 2.0624595405544555 2.0606510407081813
1.3890765886177752 1.3925858260958979 1.373546134942087 1.400562003254929 1.422324296187444 1.3981424285732285 1.4605530853752677 1.4848406467626276 1.4836201369075224 1.626035781868405 1.5866449748245792 1.4149622525110057 1.0307682701896952 0.7525301404513288 0.5684494177820932 0.45508671749273044 0.41788631425847433 0.4091457943644561 0.5242492995833761 1.1849254205938085 1.8353301727645204 2.249468935029765 2.2697017762727367 2.2753276035451835 2.29985746572817 2.311295379529701 2.3074975986606745 2.3042538782292565 2.2935913762958653 2.276110828510043 2.2724174873909737 2.252789504527654 2.2291265444483237 2.2207315022582437 2.197926184133046 2.170601841496246 2.1386333253318943 2.1305068590681904 2.10878589008353 2.084676347149294 2.0859905813462607 2.0791577560827905 2.0755173477727755
1.3615291605401176 1.3396477257826573 1.3201278072060174 1.331855505001053 1.3484971887255157 1.3523942080063045 1.3943344488273794 1.4329485303520904 1.4746303234845406 1.614837753569914 1.5185006734559752 1.313614404249304 1.0183969087967375 0.7579116454872528 0.5755106343268934 0.4848783900826673 0.39900648257876414 0.3422293743403917 0.4231814773955329 1.034213536760479 1.5767654418484998 1.9616235957281831 2.0469272945054566 2.1787547885229896 2.2422565239228707 2.260325719523437 2.246263063323879 2.2638269614451025 2.2696150953886294 2.25822243753791 2.2595073381982873 2.2480899239449794 2.232192058086553 2.2190947209127287 2.2005229781910702 2.18160100118199 2.1631981914827683 2.134715263326438 2.1175174273194557 2.110125486039141 2.1139685410008955 2.115701623319394 2.11734760387653
1.2860064511881348 1.2561617319989034 1.2780753307245614 1.2829336331460834 1.2944500360643287 1.3444205745779052 1.3708808217598163 1.4244978987317114 1.4976846176790006 1.392475827223463 1.1850472826224205 0.9476867453377609 0.9575466216755477 0.90137524872791 0.8049880967270779 0.619232657937586 0.6078352957157322 0.5076132824826056 0.5741721199147725 0.9527828161181253 1.406452792648916 1.7741256577495796 1.9652202026130632 2.060846992412437 2.142732152579486 2.2098977777072957 2.2374784138146806 2.251588875896445 2.2599386603782667 2.257214128444706 2.2564142596681593 2.2468095921761755 2.233890298755375 2.2147186347603904 2.1941467415858447 2.179079460594143 2.17628038177251 2.1518452389155907 2.143040259392933 2.1479605363912238 2.1333388583015633 2.1397111894248013 2.1441844310970293
1.2482244046544966 1.2000451451047542 1.198618008685195 1.1925719125412524 1.2130128443870971 1.3121258634639608 1.2980093109389776 1.3732903644737 1.4961319831107918 1.5428650592618687 1.2221648615258385 0.9946408255090997 0.8905357138527535 0.8907724285651579 0.7706680902776634 0.5600753586320865 0.6907393385982448 0.7451423608593216 1.091366149556246 1.3610490327046703 1.6473192693511514 1.7522605236283535 1.9104690044954658 2.0137740080562043 2.120351214199002 2.1967767716341102 2.2214574380050123 2.230444206960004 2.2394835929546644 2.2501265523056357 2.262282698607048 2.253652424789473 2.238912887962913 2.2336507238856744 2.2139225060566297 2.2027476296589983 2.2042983520074984 2.184901276338259 2.17524031775702 2.1751017628769307 2.1686270200110442 2.177584858837167 2.184039171924512
1.2034152335610013 1.1533378771981053 1.1653915714725143 1.1331249354915043 1.149948742668777 1.1917944136241525 1.1025245258367322 1.1785623020578542 1.3948689380875905 1.5095368936213076 1.18643962390209 0.9342634639935252 0.8315487008643906 0.7823218244957425 0.723742308704362 0.608365209284043 0.8157736699353577 1.2103037106609817 1.5846447568428956 1.7471441143094792 1.7209350179351084 1.8340328639740184 1.9259479770155765 2.0188040009090464 2.1183840441702007 2.1677414183719783 2.1985861288472033 2.224463618192185 2.245405145470075 2.2417710196223517 2.260745120014329 2.2627605124084362 2.2513350043661453 2.2496604592675693 2.235734244249656 2.2264106783741 2.2303204966047954 2.217303583424769 2.2089033647009155 2.2049312537319077 2.2012736417058774 2.207253259132892 2.2009503215784623
1.1873534267554664 1.0931122299651808 1.0955498128456482 1.0596021311722397 1.0038875891071544 1.0310264675650629 0.9635409466341773 0.9706867671979851 1.1491886757032936 1.1612921677501504 0.9181184196450262 0.707327789829882 0.7094469235707692 0.6413021293679129 0.5975643177881432 0.9229974004510327 1.3577651803064064 1.780345073162462 1.8569495493064976 1.9079343018952493 1.9003994181596975 1.9229677887618972 1.9969664846284862 2.062692645674849 2.110492755526889 2.1614597181289774 2.1976862035765103 2.235499837490921 2.257236731039808 2.2414918481868664 2.2724369905449526 2.2761539268149593 2.270957437211699 2.2703417846662552 2.2583030764266163 2.25107109823628 2.254362395188383 2.242285310587707 2.2327147726172845 2.229419038894119 2.224102325180857 2.219732082328078 2.2149437465533106
1.1117345369390923 1.017161320684052 1.0006041224377147 0.8362196829236843 0.7095162269351842 0.7733041143631996 0.8526966011005293 0.8901615213351823 0.8802887575818052 0.752016299641511 0.6218041535983059 0.5093695384334197 0.5467582240130182 0.4744298940235515 0.6859574008470051 1.3707298656277525 1.9323800524906556 2.007066517316261 2.089760359484782 2.023003020709065 2.0174235250446 2.0388098743294725 2.0732641459656573 2.1001426702130317 2.1270261290311674 2.1812899766969633 2.2199686855514362 2.251574798275911 2.272736341916007 2.264542340383529 2.291610620082923 2.2893876934815864 2.292051401265622 2.2912682765546335 2.2824559079512166 2.2710806188846586 2.270045703698911 2.258608263625152 2.247550186593371 2.23947915167993 2.234255815144305 2.2326871459653845 2.230747088665839
1.0502631878454682 0.983582945403755 0.881374497524678 0.6778552612971716 0.49129071657571743 0.501689796352252 0.6831875875980518 0.7194567317145351 0.6771026847485985 0.5751072450714567 0.5900498360494655 0.5032197723770968 0.39978614344659924 0.3992994673394953 0.7841592929382484 1.7111170180865627 2.2544194053198185 2.2899969720118305 2.1729308651665726 2.1283197643950134 2.1160270029941244 2.106762460629166 2.1344546368769777 2.1746913409124113 2.171064647970012 2.20466184879119 2.245693687421088 2.274493059709684 2.2952714114650057 2.2989069770756716 2.300649490358272 2.3031772620090916 2.310845499851864 2.3110229266363054 2.2988898330117333 2.2835782600251577 2.2795854710195407 2.265765918573635 2.2527499907347464 2.241657152728922 2.2394110514577363 2.2385884876987237 2.2333108974121165
1.0634300962875394 0.9654311979939936 0.8575180567478196 0.7008335032718442 0.5318016754486092 0.5078853230167568 0.504914550010499 0.47088076718603783 0.3949277221302853 0.529062380487471 0.6105819078198448 0.5081222819538019 0.3267275908287737 0.3538439175907486 0.5878969636463167 1.5069656127576543 2.0679657246164886 2.3011502361074934 2.2017611982555336 2.2124064967911856 2.194927629746592 2.1751156635326776 2.1836208769388197 2.2360162574258085 2.212848532916888 2.2411159940240495 2.28508002343012 2.305467674224319 2.3188411894929883 2.321096203701691 2.3218629108472175 2.336695301092547 2.341786946121349 2.327280543574572 2.3105881010331597 2.3042579171751703 2.282744159719936 2.271746875327984 2.2608686967684717 2.2475655451393317 2.2421314635498275 2.2363300817312863 2.2311523331289336
1.083796184294392 1.0026953615051073 0.8415935570453148 0.6693938055484057 0.4845298960872657 0.35708500351414596 0.26955071373302975 0.182770812313381 0.2879197561544563 0.3962837564959314 0.4443196615701642 0.34820966734734027 0.38623860019090905 0.34034536667844684 0.41431701353239414 0.8227646764120234 1.7014166240079087 2.137225377563442 2.2611565118695287 2.1877213320723414 2.2160605480965616 2.230484267504099 2.244744810096229 2.2733959270370616 2.2793985252497286 2.296894453409048 2.3165512162485724 2.3295484449022 2.3553155258236265 2.361096220467217 2.3605204541028195 2.3619258078469785 2.3548811789324104 2.343383883995275 2.3294592885300722 2.3216715086466695 2.291040465430081 2.2767891459603593 2.2667962141136506 2.2492178589392067 2.243177006582326 2.2373275599839597 2.2262974433944893
0.9969941986183319 0.9777159432068026 0.7709073534494135 0.4246479028510315 0.227532456370386 0.15161560204230273 0.09439199592558883 0.11211543301323001 0.17858378639566275 0.2277133262395743 0.26768485680371157 0.3123872243814496 0.4383418834758265 0.4454840222547598 0.4865443835845622 0.7321602815799196 1.5343052675109345 2.0313720527793713 2.248534850205917 2.2317933753600503 2.2786253434712704 2.2955557893702334 2.3039962656686086 2.320695029922989 2.3283363610637426 2.338760700309998 2.3540915003550884 2.377502439594573 2.38960909897209 2.389997047889837 2.386794422700181 2.386018558319906 2.3872875172268895 2.3752501399998875 2.3532511695690204 2.3253870587979164 2.3102672960261295 2.2940416276076565 2.2762146959708365 2.2546401350585645 2.2409406835349515 2.229424889469556 2.2169308618518024
0.7036032287972559 0.55783418754538 0.27376140953435 0.16088915696974493 0.30807936778022116 0.20495333560256657 0.08707292591632332 0.05124796734226139 0.13248617091977 0.1882275405917735 0.22107416837762006 0.477536377065294 0.5548701222675416 0.5744830096897702 0.7477256270111983 1.2252805420923332 1.8198854657572976 2.064546410232516 2.187436098698357 2.279257558826406 2.3020472951659667 2.3189565723064085 2.34326903980513 2.3799657907070855 2.380496284152532 2.3866419791500553 2.4010016524653315 2.417846509909583 2.410693984866416 2.4146719547008413 2.416348981658133 2.409150681209138 2.397460464046797 2.3846703547339283 2.3670567717970723 2.3433514249122425 2.3250330026327504 2.300302086217024 2.2736321557172365 2.261994390843152 2.242355418735269 2.224694746958293 2.2103226528558624
0.29035208002526786 0.12114967364843832 0.0791798564892261 0.20795301578531822 0.3876785548494169 0.43506620273439656 0.33062020904162426 0.5454912810370904 0.3884619153051332 0.34680605519060836 0.39719698336083753 0.6259971203091131 0.6394526283549947 0.7504395411400027 1.0017149098240412 1.6369010058787559 1.936834381902296 2.17768981065763 2.2308305325034428 2.3120004987235925 2.3437610306499512 2.371987717575267 2.400066584072668 2.4088109554746264 2.421249793016783 2.42727433270597 2.433268147647343 2.443112031618951 2.4443032026131393 2.4389875625708783 2.4363066592629665 2.4281270846126306 2.416613596830248 2.403950769450266 2.384630369375832 2.355584682987114 2.334829334251644 2.310253440622172 2.28710846223272 2.269618708237218 2.2402587530459606 2.2252500648035003 2.2140730140413023
0.09056912360380792 0.13203190234066908 0.13063456945022467 0.2625695125666583 0.3875063564301086 0.46624541489899074 0.5455666214624066 0.5336739914431828 0.4626808639559699 0.6336123682163688 0.7072539997363088 0.6325729383142089 0.826742937450596 1.0492150745292912 1.5076505968770544 2.039095064237864 2.203393583839596 2.252593393487415 2.323111406009337 2.3564030220580436 2.3826825699560983 2.4143036526665305 2.435813041297777 2.4509937347810444 2.4643899420742414 2.4670778473222206 2.473449377410454 2.469176801310722 2.4733603195578358 2.4676963459443586 2.4549228904110754 2.4517184819007354 2.435037932189445 2.414879257136346 2.3949826132364764 2.366543143639571 2.3421096059311552 2.318183183635693 2.2927931839608053 2.272304287333024 2.247876483919632 2.2288778136939436 2.215872155909218
0.3315674085216076 0.25940290177205416 0.14450396844684954 0.20116435989375014 0.35597045201915123 0.4364199530810659 0.4749698423719585 0.6048384278430536 0.5442831843921478 0.7797241775865131 0.9566484582961267 0.8974535052677107 1.0539179217798575 1.3992198610502253 1.8906417339043198 2.2697804099311996 2.2832249394260895 2.3570030522727143 2.384018123394653 2.4156890968805262 2.450463157542706 2.4677889923749703 2.49279708638965 2.51891770975968 2.5002301327041137 2.504669141784992 2.509937764724836 2.501768424540279 2.5044718065993514 2.494039588641927 2.48227448685609 2.4749904138039645 2.448381330682139 2.4293040430917987 2.408479418436622 2.38093243437323 2.3544657795687653 2.327969294323548 2.3028884960501506 2.2789877739620588 2.2611369146729112 2.2420167645100175 2.224009321428979
0.5407040737856532 0.3065773647594692 0.15358144254183093 0.1181978983951244 0.22424879109814289 0.263517258744 0.3134400685074582 0.47917687162273004 0.5783401571936426 0.9790331053957668 1.1944962881672576 1.2213830606361618 1.137863666756893 1.5067097032039027 1.8924124189172487 2.3101308613655127 2.3684661187547595 2.4237822106803177 2.463148377672141 2.491360583026227 2.536016071884092 2.5580354252949165 2.5562662585531384 2.5842352967606503 2.5540868012797446 2.555964112020705 2.561522776198508 2.5351522807357547 2.5347598484589637 2.5246751485340253 2.5046124796511346 2.4931107116675575 2.4659575221139023 2.441088593091836 2.421727672591145 2.3913840633278047 2.364981040194939 2.339343963029525 2.3158449836535455 2.291183080091222 2.274211352008552 2.256644304567318 2.2391920309792983
