static/ASC_sea/2025/01/ERA5V/00.asc
ncols         201
nrows         201
xllcorner     105.0
yllcorner     0.0
cellsize      0.25
NODATA_value  -32767
[rows 152 to 170 of 201, columns 43 to 85 of 201]
5.355627904472769 5.285771379668182 5.2139620933812125 5.1559834120940256 5.023659120150761 4.999522548374054 4.839827719786743 4.794955833698169 4.652203039563692 4.50234886898185 4.367649373094221 4.215844895181939 4.035844290004082 3.922821812483812 3.641701977426844 3.4642543549723026 3.280408850151347 3.2198753485217244 3.326441956583771 3.4053098200046144 3.7185232962383354 3.845419111433916 3.9139004335095327 4.106576079080559 4.735731686174172 5.306994337238991 4.801433802857603 4.035051047225828 3.63860429434946 3.59057383436484 3.273762774902529 3.4013638606390373 3.38368872530234 3.6177545749486364 3.5398418201745803 2.904249908636568 2.2258153369664004 1.9675200017189032 1.8584074239790487 2.1722088709224043 2.8954922531439067 3.331688619736291 3.4728167893269237
5.309029025656428 5.2349620919660955 5.154054451302413 5.088923704824149 4.981764040450792 4.929686865073102 4.791238030648887 4.719522908060723 4.591212229070898 4.4609595359748 4.36270537699025 4.213649675416564 4.042336438361946 3.859207275704115 3.7529311506787706 3.7094517824373976 3.5452889467416435 3.6458392802460504 3.721688899792051 3.9338325723419896 4.090284489942419 4.003029404425674 4.0811724741642355 4.27712311451665 4.743463241440758 4.548303145570598 3.1301020988413253 2.506566792366906 2.7413862507316136 2.897238809117478 3.4432838197499844 3.671132025044756 3.694488993130972 3.5493669410157698 3.6179943118014055 3.664592853840725 2.8948399618456846 2.0402647905043447 1.7985104074467815 1.9613103918697465 2.7558582322494862 3.3595801095874713 3.473606212856986
5.243372737482618 5.168987258540141 5.092287216811565 5.0266243241421495 4.932767775218746 4.840736206215325 4.74886197031852 4.6329575439207815 4.525253960807315 4.414391357649346 4.308234628781172 4.215541795396767 4.0818858718287485 3.974659436532925 3.927565450722738 3.6545085443426064 3.7509313000879008 3.810621617984893 3.960048523649909 4.07314110378885 4.138103766354137 4.076905843713422 3.9827530404179257 4.086399164063211 4.037344433783304 2.6370848909952462 1.6994811731849822 1.3492856463270135 1.631527427576906 2.846526091882392 3.7173942720179673 3.6328473106387347 3.3270948135811143 3.2769122856911705 3.437714266928691 3.3688362347642578 2.525220514199195 1.7030491997912813 1.6162629632842203 1.8689724818903874 2.87411626388629 3.3439822869333033 3.4985293091226
5.1993935287988915 5.141331116293619 5.068229980116166 4.957933889317525 4.8814806265504815 4.770270018958069 4.703589377872624 4.578529308544911 4.4988751292746025 4.383998135724337 4.323977529507146 4.226634981910898 4.1357212358698625 4.046955072119328 3.8123596200703487 2.959120047627959 3.3269345363147798 3.844480347589707 3.9390473665086905 4.030445561437452 4.058302794531501 3.9544308817506284 3.755100139560011 3.581583418111241 3.2403283354056622 1.7531172629487097 1.386822027635749 1.0417189532792228 1.7070745412982424 2.880317569333747 3.5495946186171485 3.198430383033799 2.7861633766577896 2.8013708485442854 2.9237017950813224 2.421908770185368 1.582683952064723 1.6669663444253096 1.6174483354056552 2.250416445195002 3.159276142647702 3.4161587810408385 3.5713484189461706
5.1230740762645945 5.065899178977435 4.999851318864599 4.864280570623859 4.831142534103204 4.709696385673835 4.643955480708411 4.541034924473652 4.456723276068431 4.352480817102575 4.2858634773416755 4.192436223233194 4.065321055512822 4.002146134182168 3.549416246722153 2.3508504965698043 3.1594067022670744 3.7149609301071385 3.917098664583789 3.977554788986207 3.913159555504086 3.714330749161735 3.3193821666216117 2.840254995849217 2.4266214901910788 1.4674274893577623 1.2270181114284016 1.5294338802783853 2.3736844506639447 2.376028290984591 2.844093892580417 2.231652626853723 2.239335873758965 2.3593352561124106 2.4511603624769784 1.853003816280653 1.363332559849435 1.4443349820946079 2.025992257362274 2.8069591282548467 3.3113220749751093 3.5434049634929856 3.6250276234357663
5.0612572877604975 4.986731034760292 4.910179360843633 4.802124802610913 4.786439947588584 4.641175721970747 4.608131772589384 4.507911405014587 4.424736394297283 4.314306681681941 4.213770080577608 4.092150768075137 3.802396615523032 3.842853314309386 3.3047271817348016 2.19385254929349 3.128529992122635 3.7896504970773597 3.9170054400351115 3.882823527364257 3.7880039688927045 3.4405858437164567 2.907575453942005 2.3344736540753748 1.7945128656534726 1.4483314405299523 1.7009835191533393 1.8782338542306876 2.2881665591638294 2.743343891443674 1.9811941744880637 1.3644375742360775 1.8050287261518922 2.3711733198668843 2.3991173697271733 1.9424333886685754 1.58483154324771 1.3893545551881061 1.9039063259862101 2.882222455376505 3.2989487852839896 3.6081833482079038 3.5783641488686686
4.988209122100249 4.914914000422307 4.851308928506592 4.770386960975605 4.685713421378772 4.591258921279928 4.584065230335223 4.428129326267084 4.3737894909037065 4.265936741668693 4.158092075110936 3.9290653941474925 3.6493113987462666 3.0584209338780575 2.496609338448019 2.0310245867553256 3.2419830699275414 3.863144486493476 3.9292259087410017 3.818088620849692 3.595544788488745 3.2384588390133238 2.870044685505122 2.547806284599499 2.1133699625324596 2.2739665585399487 2.6773764873803882 2.0775163922519306 1.2985483386944376 1.6375584593962338 1.4372534848195224 1.893877673616072 1.771318139415679 2.5671967523374963 2.4640269820549676 2.049782752491767 1.624664113162377 1.263023080143362 1.7720989150124744 2.988332814835898 3.524078946623782 3.6849898923378013 3.613628592010635
4.918143675813076 4.856455740219881 4.771979900921453 4.694283900953831 4.6374673823285 4.5923646745764115 4.438248672102556 4.370429932426223 4.289002745845604 4.167050215124191 3.965952421685088 3.5145315656384275 2.702417500736871 1.831130253178702 1.8092967366295245 2.8650984610821455 3.81556322953875 3.8946462163296904 3.843507148167938 3.707726237721887 3.468292346909972 3.30866307514028 3.0472671260219353 3.0979533848465044 3.1524203166243545 3.2986669986840513 3.5096322786015177 2.5774924000972126 1.7528069281247833 1.3525944366115128 1.5240854758422695 1.8348973624370144 1.6991220338958903 2.5688033394930816 2.4392603998754794 2.127269164929929 1.7135162531885801 1.7244986772910806 2.4965746703586995 3.6195184942163006 3.8851834873278843 3.5973976248101107 3.4621509113907254
4.838031424731275 4.759692594639116 4.684756509800775 4.639143996520292 4.526679745660141 4.454356321203367 4.331249768289898 4.337644913863272 4.087734149075343 3.9651526008206655 3.5750517020310184 2.7454926993551134 2.041741166124895 2.5289121796848484 3.43641460251084 3.6864272469129635 3.9434302476015493 3.801606335669172 3.7445848670439497 3.657798090940706 3.486816620215226 3.4355988335326515 3.34989421253354 3.353975327161109 3.4266772533023344 3.4287890805877828 3.2327286427383957 2.436807058447072 1.6591288314770272 1.2818731495903166 1.330581849979005 1.283683915465219 1.9855130623583102 1.8268689022361893 1.6287800589056682 2.1845475919619166 2.6867396473205956 3.347664089841445 3.7454631910121035 3.65507887708028 3.765070076112245 3.469265820813663 3.0724144856193716
4.74567802155844 4.678417960600219 4.606077940781326 4.542411174600471 4.413074118100887 4.417150560966844 4.233994166728172 4.137800111179693 3.918463602598066 3.6466130140993642 3.115418430084479 2.16417655600298 1.655002147801357 3.0327072900420715 3.7680678599144652 3.7171291680157936 3.797753954618197 3.7487768117995057 3.6871772601256017 3.6078086002332665 3.5271311079045455 3.461491908262812 3.4650533543838042 3.452859335208959 3.3581974699372092 3.1819325332892863 2.9270387953967836 2.281357862862338 1.526171003630768 1.6354584565172992 1.7434431141524598 1.4787092279440244 2.239217853450805 1.864084457431056 2.015246139607486 2.7702519289244134 3.5566635870699215 3.877424355884708 3.1610677045112925 2.4938688466411647 2.518323158147138 2.4405525289725447 2.331654082299315
4.646757408450188 4.57110033437419 4.487734195628888 4.430036697257002 4.329986439567675 4.216452290689879 4.054352072230704 3.9549483386066338 3.4096377557808113 2.913969919540411 2.2415219288260215 1.4915343605600835 2.370211950635753 3.4637991218912028 3.6889889344017908 3.8192701403864016 3.785411377519329 3.6959094199074345 3.635437309016169 3.607271680200466 3.557526060433516 3.4985075951690807 3.466738357799452 3.396739561285797 3.2975632850508574 2.9680449750349585 2.577571868721011 2.141865702776954 1.8272874465301974 1.7775776633369367 1.5460169250305855 1.7283323264862802 2.559959146291601 2.8076014796482576 3.230766153028198 3.6251466991589307 4.071776484233433 3.2959483528347913 2.304174893895917 1.3997533786614302 1.4464326693040965 1.047925517702441 1.5374795455973231
4.522754955085891 4.449540134914894 4.371298067898501 4.302952103654741 4.165718594536301 4.0279088337590725 3.8602012044953784 3.1402623630269586 2.474996320058922 2.1064478936015094 1.4327939783749768 2.5389343661118415 3.5189924597648923 3.7349066035359417 3.7383894490739404 3.8079195916001405 3.658023009588163 3.6195584213784655 3.5974584066578625 3.569126700985132 3.520451171388511 3.45492323687354 3.4311065328217754 3.3080975567565387 3.187229903058641 2.919934008804361 2.470902971491533 2.3102155594690514 2.101253937472552 1.7437102599691832 1.473561029980702 2.234122220878009 2.8717884179435074 3.2636058574479585 3.6373542072842353 3.901600593960581 3.4363735769326427 2.595591865540802 1.2643435205771119 0.5758129252058785 0.7697705885306206 0.4068981572394764 1.0068243015880074
4.426280832142815 4.346134517120743 4.270867962158329 4.124247208192194 3.9945200284192057 3.7572576535607087 3.1392599292793455 2.255033938336612 1.8210588137294954 1.39189957324113 2.408359911481043 3.503474227916405 3.744208658147009 3.7487348599595167 3.7746247728315168 3.7011100631434264 3.5900179791493807 3.557833419886017 3.5366285897179934 3.5186716898375665 3.4739481377947223 3.3846859824299846 3.352534671436003 3.254353324687646 3.1063049963261853 2.9333237617658163 2.751873343920569 2.553404171032506 2.7136069555568683 2.4270409594354767 2.052231692633183 2.468885112046747 2.551645585534295 2.8769258108409037 3.126488643496063 2.7626853407107674 2.32849621782263 1.6575143598905038 0.6273627140058153 0.5235621242586868 0.48219977621909926 0.45545946745232857 0.8907678402544887
4.281766498075203 4.202965894973558 4.105576630980218 3.9395907221587043 3.7587686797721074 3.3350846293572287 2.337020179568268 1.9682025468027975 1.7471177784624508 2.5596741254133626 3.5464460486459606 3.6931014342181485 3.7088235591463654 3.66882470799991 3.6845705410829828 3.590306638125056 3.5716300220566213 3.5038059174282523 3.4722852001507154 3.4543432597024775 3.424461757277846 3.3370412999017605 3.2671115345022588 3.229688282250584 3.107133749420983 2.9690394844721384 2.7807140487888398 2.635406291552382 2.690766009428151 2.831391198368968 2.6982377127898287 1.9667922351651068 1.856054486311225 2.11156760016548 1.8155781078684528 2.1053881539247032 1.2306549922744427 0.45588703167788924 0.3743255202386845 0.4897033274237666 0.40119842343241036 0.6780739426819764 1.088496992647526
4.147880098503449 4.05563722036035 3.9600379977990445 3.788579242364994 3.57970765436204 3.0894297673238276 2.2184515820960753 2.467075766281756 3.162111164896244 3.694800154604266 3.727321639265434 3.688648764358991 3.6521388724746346 3.639129444731992 3.538641108454488 3.4911397886650093 3.4584071424561884 3.3958394525828877 3.393857801187579 3.352647995329722 3.2876615903087973 3.288770291208589 3.212932899041072 3.164612151137413 3.1003528998872127 2.8383009991698254 2.6770886194255024 2.442620755254781 2.174156980708386 2.2663958212157795 1.9450907988767319 1.4510506281307587 1.597639578074556 1.694560997000507 0.9523095161971883 0.7601841590804972 0.28793299131642086 0.5718643654617691 0.6108732955794187 0.35273400815892575 0.3755421708112219 0.7600136833752458 1.274898353857455
4.03182782071969 3.9298847764931826 3.8165259043220776 3.652080373799939 3.5078349070453347 3.3144095756514385 3.13692240412271 3.4567007088708492 3.6191520031742503 3.5652486239661014 3.572136289216089 3.5672086499925992 3.4803481153202647 3.405616301470633 3.3808822101031035 3.39706550818222 3.338931178951167 3.3011654157288586 3.2788730913026534 3.2299051757593293 3.189263273697908 3.1915005359131055 3.152436665759074 3.0470779112105086 2.978249085352376 2.856943799551272 2.4792061091565376 1.9720928068015628 1.662283132144439 1.372442205256506 0.8195929699828483 0.5785458649826076 1.318727230066274 1.2840144898060917 0.36933673526403377 0.13102574535482753 0.3146562529671412 0.614940143915917 0.6603928002869477 0.46339008427279205 0.5503250785806475 0.8052636013454637 1.0163011389299694
3.882567745930705 3.7923734843987846 3.698533883787748 3.610647735519219 3.510411638942532 3.472616571016257 3.5380829438368693 3.553146069851855 3.493046078723678 3.463153233737204 3.409662940403632 3.3211681283883645 3.2720234115510527 3.300275996045398 3.2612182503267197 3.201617058379087 3.169030836115408 3.1753335973851353 3.1319182731605326 3.1358054084469624 3.145240621721185 3.0521962978247634 3.051672151650147 3.048391628984313 2.845740828920774 2.7252475464826063 1.7301169918337362 1.0284889149147771 0.8253681561707751 0.7201128696252552 0.6553601398723058 0.7266642025557652 1.2642134041911088 1.6392611566795159 0.5865636745240569 0.6441941086258028 0.6368695936700502 0.7165276073104768 0.8228377213069732 0.8177897048382652 0.8757814447284754 0.8984693456112367 0.6892009290973241
3.7654434217966544 3.6937867642515467 3.6071806660850343 3.525679111739573 3.491938084546212 3.50564994042841 3.4721006038899285 3.3965774807530544 3.343727846960123 3.255243918159404 3.136077741772681 3.073871753396031 3.0847866635336985 3.0473255509521335 3.006150213562783 3.064054545112491 3.0311757647074202 3.0610385426349733 3.039869973378786 3.013355082229501 3.0009698116131416 2.9699795398470794 2.9660438109076317 2.843883786872678 2.812624568666401 2.4212957981123138 1.4017921948541527 1.081330119700347 1.0094619826770526 0.7712332578293406 1.0642376263934472 1.6960498477399963 1.5071933842385254 0.7569448543214652 0.561788924367714 0.845839467928408 0.8244668786768804 0.8403451320612281 1.0425796703346757 0.8335648720661761 0.9495453005361346 0.9494863751267089 0.5588557468297493
3.6291308094288235 3.5544118241027935 3.5008850170266768 3.4907863094001903 3.4872098644619585 3.4188801539215263 3.314853436818907 3.2035976012457903 3.057966794596916 2.9190478991227273 2.8485635591308918 2.8403373118891477 2.8095340302468017 2.8307396519005086 2.8556429089233433 2.8955718363443026 2.8840599235340125 2.889350521322486 2.9132451762825786 2.90895467609781 2.8919206381858196 2.8669562240428896 2.816738752568604 2.684236166254216 2.694272610199921 1.78091751977068 1.1286308313950244 1.3327575607355073 1.3219037504082576 1.173014402016207 1.488529156780914 1.7458767614264297 1.1215625404537604 0.32645232963641213 0.2913229901713343 0.8146256198025259 0.7648981661886416 0.6723477189040078 1.0344453680579486 0.8452800536244393 1.12156083503664 0.6769914582902004 0.3827194803958301
