static/ASC_sea/2025/01/ERA5V/00.asc
ncols         201
nrows         201
xllcorner     105.0
yllcorner     0.0
cellsize      0.25
NODATA_value  -32767
[rows 114 to 132 of 201, columns 129 to 171 of 201]
1.4483131509661629 1.4379085912418779 1.4298033161630896 1.4251306084394972 1.430321002499921 1.4368797466819543 1.444545687623053 1.457900821417677 1.4635122935852598 1.4688788787232907 1.4689991134604248 1.4693256843105735 1.4723053311836116 1.4773253213772142 1.4834672406719922 1.4818975128389682 1.4821239556931172 1.4798879338744264 1.4758867755286453 1.4695146053816885 1.46065223809447 1.4624537659527244 1.4502049019650811 1.4412408762284437 1.4329255940181573 1.4271889186718703 1.4256989674408396 1.4202651636652308 1.41368842461661 1.40514721099336 1.3941860529844607 1.382471798976558 1.3737605126665082 1.3725689108209367 1.373623651044595 1.375158275871586 1.3736740358492323 1.3730129206996868 1.3730739917345365 1.3707933305736697 1.3679440327744392 1.368335439227581 1.3632573702765303
1.4270751678015663 1.4158033794272762 1.4076942596902686 1.4087553119852707 1.413930880106089 1.4216285405145292 1.4315138508502785 1.4454863841895835 1.4539934841503692 1.4612028348402064 1.4585315911054986 1.4589297661783602 1.4628798633900018 1.4650851266393992 1.4738077575195225 1.470740667040288 1.4774757179638427 1.4756549028039063 1.4715011184860316 1.4673610921615143 1.457682085026068 1.4568939884984746 1.451192894816288 1.4471814843606658 1.4429003017951882 1.4379572352630365 1.433710421763506 1.4268356646599996 1.4203149307601937 1.4099776597823226 1.3974559642108821 1.385838844951679 1.3788720169408193 1.3796386676984667 1.3760847786497972 1.375617125121611 1.3738205921888356 1.3694057779042619 1.3661430612562286 1.364723444133519 1.359065229182384 1.3567813554573696 1.3526446208231842
1.4136257848932758 1.4034950352895046 1.4016873632067797 1.4027582052630305 1.407173097911404 1.4137863203759902 1.4267755336877443 1.4374410602865777 1.4441895330136703 1.4524264656862003 1.4520896047726404 1.4548776066077411 1.459876170788828 1.4626327954946845 1.4762870709971052 1.474982571676056 1.4822741501295722 1.4815145673389352 1.4787642434361397 1.477202627866209 1.471406457876964 1.4695354983923719 1.4674118115993213 1.4640951920299896 1.4574795496401785 1.4529494848120041 1.4485274308812475 1.439112102512988 1.433969015924899 1.4210807683897184 1.4099193704362945 1.4011456550197758 1.3946043283329557 1.38959584679968 1.3856849387096788 1.381218944483022 1.3763168680006297 1.3722192184276563 1.3677524576548583 1.3634429784964621 1.3607927946669265 1.3560961720703926 1.3547153767940854
1.41041524796798 1.4078357188926165 1.4064142168482205 1.4077321036452877 1.4120660477112756 1.4186792409978972 1.430443991443965 1.4430386135383308 1.4501880046494828 1.4584410053640768 1.4594265584021509 1.4651788796038767 1.4713729313885482 1.4765146087758803 1.4870902853925996 1.4910303870147503 1.4999107307734625 1.5019718585103812 1.503423084630549 1.4951410473453728 1.4920689464437817 1.4905417472707945 1.4878938367435937 1.4835952358055051 1.4796794481500175 1.47170944758461 1.4671922212222461 1.4555169817787292 1.4508008198151483 1.439625019472666 1.4295115472227016 1.4194716360425712 1.4095085333342192 1.4015461084801197 1.3958251390790184 1.3924709028381757 1.3840006505829088 1.3814733492676101 1.375017231265112 1.3700432710100179 1.3694430434037863 1.3664582065830402 1.3628322110609705
1.425244007893982 1.4257305752314933 1.4244667769335133 1.4260265512112067 1.4301920419732626 1.4400680069879686 1.4464127378200171 1.4596114903469108 1.4646771522742 1.4706536426109782 1.4747486647410226 1.480624532136337 1.4885084897568222 1.5002110142211178 1.5091368034867738 1.5170174623599744 1.5267895560244074 1.525852965142032 1.5307902368996738 1.5209491066018392 1.516748409402938 1.5143030574317575 1.5065438111533425 1.5045684426915908 1.5001049738748575 1.492021153248694 1.486566513558695 1.477824012532591 1.4751989364326885 1.4647632489996214 1.4563772340464176 1.4423998914725753 1.4316236717535804 1.4231966500052593 1.413968618867913 1.4104231664540299 1.4024144174681652 1.3985531956182293 1.3939916674449049 1.3888236828512528 1.3898598729341631 1.3874679119495528 1.3825249556702923
1.4600184674958907 1.4555055062309892 1.4550323601044788 1.4580798249604232 1.4648236570509354 1.4706259559239574 1.4795401979819487 1.4852930365801083 1.4907090555331934 1.494094870901546 1.4996671169861289 1.506194179161891 1.513876786278947 1.5272380371122263 1.5336253823844888 1.5430045231955027 1.5521385895957183 1.55120703056267 1.5556753262119578 1.5474947809712662 1.5432914287278408 1.537506339785765 1.531756267254515 1.5252370652654919 1.5229116266367377 1.5160873481317592 1.5112971092424488 1.502880514314867 1.5030061412891031 1.4934656200079597 1.489006870670425 1.4755302277523965 1.4625017889770766 1.454116328940668 1.4425598876805652 1.438453849328726 1.4329171413971693 1.4254940464879917 1.4221937898241004 1.417417462517303 1.41905043475787 1.4150558677413856 1.410216926035564
1.5113807086977324 1.5041020581816995 1.5025391868232125 1.5049454348505487 1.5042557323142587 1.5116439854675678 1.5163566002197157 1.521045275023432 1.5264133624133525 1.530023767090626 1.5323225704176293 1.5398269070717507 1.5461523774442454 1.5556389827848527 1.5635665403672814 1.5660253100800414 1.5755192746530424 1.5776875504358667 1.5792821196464248 1.5736515096982702 1.5695803365483867 1.5659068818069102 1.560477117047054 1.5559099049102558 1.5489478394773761 1.5447586633511334 1.5393816348311624 1.5284290676891974 1.5315087028879404 1.5212492389464485 1.5203063685642495 1.5116035429508803 1.4988118497682934 1.4914571168384807 1.4808391285538751 1.4753769682998388 1.4696906748028198 1.4605174139109516 1.4558842080159349 1.4515901325308338 1.4525109581557962 1.448977668602239 1.437788439751011
1.5700278188213237 1.5638357890652883 1.5603173558455716 1.5568260554363054 1.5576624481545833 1.5597643190651054 1.5625250191516242 1.5627567110659544 1.5673356746179499 1.5722876161244854 1.5685406823401835 1.5774533896989644 1.5782902787776032 1.5883601978275332 1.595215499793866 1.5995962924750646 1.6022900169669674 1.6065163810662888 1.605011936969512 1.6029839672484751 1.6003860604749733 1.5955084221242233 1.5915148466170779 1.5872695552642302 1.5827279830375938 1.575346279897536 1.5711203207513167 1.5585656760000548 1.5620172365702252 1.552857597343114 1.5522114645269545 1.5472347322849793 1.5407393886463732 1.533113782813595 1.5246898010967533 1.5156120869275518 1.5065390134903578 1.4954894161075392 1.4888545361346566 1.4843899501734752 1.4873117182835527 1.4830404262082206 1.471542369770169
1.6351730170062355 1.6270389626996313 1.621259008204393 1.6156105722434595 1.6177181389541868 1.6191111923881354 1.618766785230274 1.6236458988146363 1.617844551629243 1.625595657670568 1.6232431743469733 1.6193284677094 1.6194619319907635 1.6238281335994942 1.6290715084702545 1.634610954378612 1.6395428965385865 1.639886057909397 1.6368501603568069 1.6346650614403395 1.6319689409402716 1.6332621844806958 1.627619485564157 1.6233701055302445 1.619327742664054 1.610279296281555 1.6096807180163348 1.5975366042484866 1.5932454042214195 1.5929334301946119 1.5911877132677321 1.5894828134520695 1.5853121994226331 1.57842778714196 1.5712520020053242 1.559857289417625 1.546774457671686 1.5269110704884392 1.5177199847388287 1.5154882887826466 1.5136492498698404 1.509117634968634 1.4994980902081725
1.7061245951747597 1.695599962229029 1.6909068806071201 1.6786454781037494 1.682859026350061 1.6827701017128462 1.677893686543543 1.6820982993226012 1.6755851767045566 1.677948958238777 1.6684783702515964 1.6569713829190849 1.6553673166057252 1.662104687715709 1.6707890342380547 1.6770145663611244 1.6791308069282653 1.6793654877526039 1.675849887354934 1.6787453710503168 1.6700104044478503 1.6752337460982791 1.6706544917294917 1.6645852270974077 1.6610297343382023 1.651582354222635 1.6486385350430872 1.6422548588213544 1.634338214652352 1.6378339373998099 1.6376268662191742 1.6387431154818977 1.6354550238953771 1.6277517499939296 1.6206456011613701 1.6056824690986033 1.5903734223725547 1.5641079373682496 1.5437097448641 1.544995178074863 1.5447133255745946 1.5382187269207135 1.5264905951502943
1.7781273904857402 1.7633595695400226 1.760039340484885 1.7512401940309577 1.7547849450329718 1.7557557806504733 1.749828311934658 1.74491951735979 1.7385614613120373 1.7361913128739985 1.7218965483017699 1.7147012778749278 1.7058075002759652 1.706619535515832 1.714613009763593 1.7216637834465232 1.722574851633217 1.7293127402109332 1.7147737624600485 1.7240358569192602 1.716905580107626 1.7191371557322173 1.7165050138383413 1.7096706316738826 1.7057101371386167 1.701817502032672 1.696596070148796 1.6893421346547792 1.6834851097416146 1.6828266760373416 1.6795923070194139 1.6802252671057611 1.6786146209946189 1.6754569310609666 1.6735287167788302 1.6555785216301393 1.636246837965456 1.6136016257176085 1.5892510317457522 1.5766338784335239 1.5745794378175777 1.5684173505141001 1.555796346500546
1.8440084649583643 1.8290914749139482 1.8290099045294501 1.829066364627029 1.8261375935845705 1.823576711483331 1.8161214300302464 1.8108533183967208 1.8007279252910746 1.7963201134113396 1.779175146501951 1.7681200905911 1.761542947767556 1.7579190413347199 1.7626825767810868 1.7643594554805473 1.762312435679815 1.7741043360276652 1.7652513808308163 1.771168896951501 1.7668960688954214 1.7669157262061894 1.766489756576188 1.7619787771598725 1.7549910477943933 1.7511142204029926 1.7470067309537614 1.7398763233392387 1.7325087455319101 1.7308191622472515 1.731298941728297 1.7316677371232658 1.73168102708631 1.7327656260988804 1.7310200687930863 1.7136310646984367 1.68916271498174 1.6616107816124148 1.6436956349924383 1.627055919333749 1.6157668899871607 1.604946969220061 1.5890363947877133
1.902242762014012 1.900980261504575 1.905862067778136 1.9040284471332067 1.901718552464171 1.8936979579402435 1.8858484843225534 1.879060515467628 1.8704637511290056 1.8612464715013957 1.8513627242432058 1.8355402335044233 1.8283231250830796 1.8200676650976093 1.811811212889269 1.8116089614540885 1.809134045585353 1.8135759555166588 1.816309368787003 1.8170435185556988 1.816614538923119 1.8156211955317878 1.8154733098286355 1.8125839353436795 1.8084740763262963 1.8002254694973652 1.7949293150457581 1.7879893057790568 1.7805423963114304 1.7774574454674168 1.7754593979020838 1.775677836087778 1.7708967768248156 1.7721985450607072 1.767290617593439 1.7546122551386798 1.7389113885033733 1.7168635596966397 1.7001678969630794 1.6750044026714748 1.660844227534993 1.6436375740254223 1.6262445615188326
1.9747374283157035 1.979884176327852 1.9828850754067764 1.980085923681659 1.9705979382638912 1.9634784336199167 1.9510555335306026 1.9431735668349388 1.9400953592527834 1.9249371400839843 1.9182572325736675 1.8971154504902947 1.8892039105856049 1.8787910292170684 1.8698876339796016 1.8644448604291624 1.8628531130369494 1.8599733441655677 1.8672725714427933 1.8646942549600554 1.8642384268157932 1.8635587286343522 1.85792765361944 1.8562032025781003 1.8504905233041256 1.8437862500457953 1.8368871516157999 1.827657947355923 1.8217212177466786 1.817378796554169 1.8171347578657149 1.8137560667872186 1.8107774114228317 1.8038566422445097 1.8009129786962168 1.79211925054758 1.7807741197364422 1.7643143366797966 1.7497703213759395 1.7259389070636857 1.7013934322238895 1.6822163657200386 1.6614554204212744
2.060953340531646 2.06264325643415 2.0638101081251174 2.0593648431558127 2.0496977328032076 2.035280922124768 2.023572933188165 2.00844393031185 2.0068482727279564 1.988945562710558 1.9796117277574887 1.9592519489991318 1.9433953142203406 1.9338168067247494 1.9241208959937381 1.9186580854100703 1.9152429529793258 1.9107995482331508 1.9141565857031009 1.9108698716962 1.9092541622503831 1.9031726219981588 1.898142348635358 1.8913104940686232 1.8864646754541035 1.8791881549362701 1.8740497567158916 1.8633910572128798 1.8574894965013873 1.853698470047223 1.8475552642674717 1.845985895097201 1.8415381625020504 1.836729744778148 1.8334023781435405 1.8252050464893248 1.8157776627254534 1.8031969883653032 1.7883770187586894 1.768765188387075 1.7439778373806942 1.7156577577153724 1.6939537462685568
2.144489868286734 2.144251779699142 2.136556318313045 2.134245614004894 2.118520309865501 2.104575856425478 2.0936870247371138 2.076084801597145 2.067325671668864 2.0519282637585547 2.036678925541381 2.0217940805935743 2.002669899039959 1.9899979865439752 1.9811550233178243 1.9720771840505735 1.9665784329831855 1.960346772995778 1.9569227272367282 1.9535581832418787 1.9490648750314477 1.9415115646820396 1.9344017951423762 1.9280180477855993 1.9195328474843407 1.912422588614941 1.9059016034186098 1.8982668663743447 1.8907485572902165 1.8869718626890304 1.8794702842845044 1.8729311397357358 1.870354124979818 1.8638434207650145 1.861874197781615 1.8529146362247482 1.8439508249880654 1.8342763609367947 1.8160324800444871 1.7990246674125356 1.7724585793967966 1.7439991919550453 1.7168354794543266
2.221086085553458 2.2216742130604654 2.2064913682073684 2.2027343004756 2.1870080701020087 2.168886768340805 2.1572633970360284 2.139649385440469 2.1244795338911278 2.1109797690744183 2.087940761540049 2.076572467420532 2.0597335656604496 2.045574527754834 2.033867128816571 2.026012293107265 2.0151183182415067 2.008125451095601 1.9993710779877443 1.9906801635606226 1.9849629549693057 1.9758463174312215 1.967461409724247 1.9573773588701204 1.9494663403903125 1.9435406195420044 1.933968957680761 1.9318926727084529 1.92062476024119 1.9207158109275793 1.9134005169022745 1.9070264536074992 1.8998049559518164 1.8941047636950978 1.8877990215064941 1.8802575895175027 1.866114016678618 1.858099794544323 1.8397456137879042 1.818712601815351 1.7930361892019584 1.767385686220499 1.7430156727494155
2.2990916547453217 2.2959267129630296 2.281429423470651 2.273760773616575 2.2601939216668554 2.241930405419384 2.223749011687052 2.208540398776461 2.1845160240199677 2.169255277560651 2.1504813369393956 2.13185340395545 2.117686614388749 2.10390552679541 2.0899073584256165 2.0758543799847864 2.0610026378407937 2.0476635398817873 2.040472040714528 2.0276843683923165 2.0163070913182137 2.0070921905153707 1.9991919797294209 1.9889053923355404 1.977798849126481 1.9721317006851162 1.960749177846699 1.9644476073064023 1.9526422733840194 1.9467313305174945 1.939105137721826 1.9302168419103038 1.9233322337992895 1.9160137404941393 1.9095501957738032 1.9053417951350582 1.8880398149490536 1.8763683726748184 1.8550858989611259 1.837930090521676 1.8109193810830173 1.7833424415937271 1.7608743501938737
2.388825402443648 2.3739796263373396 2.3606106232791837 2.3403821979504578 2.324299971894267 2.30818878754697 2.2892346726587363 2.271125917708927 2.2495722187992024 2.223176052619448 2.2080845367836295 2.1859821342415975 2.167216158052648 2.1524856312029517 2.138418005846181 2.1253667816808837 2.1129549099647096 2.0942997950461653 2.0797737822788918 2.0600459972931944 2.05014203661477 2.0338638739208306 2.023885245528689 2.0147840997222444 2.0036707455839 1.9958085091242075 1.9861949981865425 1.9808207317003212 1.977078302799406 1.9722878384421394 1.9640858400669536 1.9541436823062663 1.9467868157339905 1.9396443908114431 1.9282177683773734 1.9188313967045993 1.9049886148499686 1.8980827748863223 1.870203432599943 1.848860186808539 1.8272384074551353 1.8046050396324977 1.78180951195825
