static/ASC_sea/2025/01/ERA5V/00.asc
ncols         201
nrows         201
xllcorner     105.0
yllcorner     0.0
cellsize      0.25
NODATA_value  -32767
[rows 133 to 151 of 201, columns 0 to 42 of 201]
1.7153015433932763 1.7075347526361442 1.780928250125482 1.8700308551390967 1.6315873122488698 2.058979900729635 2.3026779938382083 1.9946107679831395 1.8112486754919062 2.0144428300214936 1.929925446618659 1.769401741806214 1.6530400361224866 1.8601897636373437 1.988402159132615 2.187087269230355 2.376967340655061 2.5730349013491236 2.7464735837705705 2.963244637466155 3.1504495065438016 3.3998088148018177 3.6214545250587133 3.906446828688463 4.149799190993193 4.371784554993054 4.549551428006095 4.70211371708003 4.890305006093603 5.000757735791017 5.115552362672323 5.243998823602158 5.329217209017592 5.403600380132583 5.474675611586125 5.517880030645184 5.529854707413368 5.5456725210524604 5.53884021456283 5.467124173020842 5.43028296111938 5.330318235682455 5.27118808261961
2.0847992552425856 2.0635862659983197 1.6024310947923026 1.5133134379017934 1.4993042253904547 1.4260670054187417 2.1246640922268614 2.2433864098902023 1.8491902144395098 1.2239880401152647 0.9849159447085281 0.8871180903278286 0.9034181915462391 1.3242046475864147 1.7729907934413176 2.0058048772884156 2.216125234913133 2.391233729697691 2.5921713463016784 2.797716432198322 3.0878201802142256 3.376610123479066 3.614048938728257 3.9288968118977445 4.1533929654458746 4.40387513756474 4.609236625020011 4.797512239449711 4.983338804020247 5.103292530781219 5.22934572964218 5.326067306329751 5.44511540883578 5.517469375532118 5.554259973547086 5.592851697323246 5.63071926210161 5.641951694571578 5.594948380429211 5.565351293513634 5.513605597340662 5.42369631392753 5.355342745606559
2.3566219353803124 2.098094689627307 1.5358242476875157 1.086357298617726 1.365598768414657 1.3173693979742345 1.3663607235543398 1.8838419310220573 1.7735965523636916 1.1997773827358083 0.7181467180813085 0.6706144235901843 0.5818711186855058 1.0253942010757071 1.5086008831068183 1.8804266790278714 2.087532145755354 2.31276997583329 2.518242468358996 2.770868388834889 3.061866342368721 3.354362912799613 3.6500507153976787 3.990042824699454 4.2955164768444885 4.526392991604174 4.726817216392605 4.914169276123059 5.0920584135397196 5.204228081471662 5.356804900093827 5.428343237717409 5.5414961833466165 5.602164573039255 5.649402694593893 5.695290808180533 5.727022417715141 5.714569985343658 5.6895382401379235 5.645532981432147 5.587055063896974 5.504249930419596 5.400924380184339
2.496152936883468 2.2458469264174297 1.3594112443001016 0.9146514666372554 1.2209993644803088 1.114868178766499 1.0866816383112696 0.8610785344118402 1.2703073225063517 1.460592367064445 0.8756417418362725 0.6544956316812379 0.6362808840039007 0.9090861722186917 1.3202217286834903 1.6904180515845237 1.9582232422898442 2.1678437726977506 2.471066343895308 2.7469248199551197 3.1159076145753133 3.4452962046430504 3.802810879686161 4.115578157883156 4.4150832663265565 4.654093196516354 4.850414212168898 5.0501133914643574 5.222772094455726 5.330687095917418 5.468765892450653 5.548726112686237 5.64871026032893 5.7003590510664175 5.753487838652281 5.798484781373594 5.8012470535992495 5.792069331554483 5.7588165523266195 5.695868267368903 5.653346232219047 5.579840439902977 5.476096325293212
2.475102845435404 2.13376071164275 1.3269098198027138 0.865040807868183 1.1141750604864922 1.0254013764265866 0.547204260663175 0.5703544911190696 1.4280864816842984 1.7380907965356833 1.0663854588964352 0.8076024129822758 0.6826518108691829 0.7669944559634043 1.0792308798665893 1.2837460382682397 1.5666218535633527 2.1259257007930765 2.413687728259879 2.862248873130689 3.2744702971770323 3.639836086166499 4.027759741156409 4.3216632306461005 4.599647193380387 4.830538820349038 5.025375829183086 5.219549511868443 5.3538088150667456 5.470926489439409 5.572681093613781 5.6644691497647575 5.749298472558042 5.791072929297706 5.842103098412333 5.865934819120415 5.866924020466816 5.856280215372215 5.805697153685465 5.755935537374262 5.699310474642481 5.6217168276941925 5.526154880638147
2.268163220643142 2.006615903519162 1.396478013034311 0.7984905683271439 1.0754513280977753 1.2431253308178503 0.5750325462837536 0.264007056353954 0.9458269744618754 2.027048092755198 1.2184411307755156 1.0502681888833332 0.769299509897779 0.6572704829916215 0.6584647259200365 0.9045109087417005 1.459736692659827 1.9837326312697654 2.609643104075994 3.070897537151092 3.572415356036511 3.947911446994239 4.292979693825122 4.58162837570327 4.845381534098997 5.01017109726693 5.19706883427501 5.363371483618915 5.473071189887462 5.597674167145962 5.670248469187567 5.76802772537442 5.813780822880079 5.8611491019088025 5.893639359121987 5.914806950824247 5.913903631275727 5.904305105640505 5.8464749772629485 5.815338489782614 5.724171865383312 5.647608374153075 5.55665235841927
2.0488632327378173 1.9166674653892093 1.5878306552562333 0.7874117264310024 0.6961869210533641 1.0798341350245515 0.8205168518590193 0.5638422983247282 0.3687811061636055 1.3265168148092732 1.6314623227425227 1.635721993727382 1.0190246925125408 0.5985715448702154 0.6586405447448606 0.7703831816409825 1.3654574646839206 2.2254505062558136 2.8690951581841206 3.452110263352095 3.9649194755153405 4.347151469035784 4.623648467257746 4.874793496236052 5.057662173498339 5.201826052391539 5.341745259415583 5.507733098521037 5.606624372502096 5.720721437604804 5.752440103357669 5.86864677944075 5.887747193560592 5.943995308867674 5.966728705078309 5.9655103243225645 5.960755035984365 5.929250686487047 5.887903305219354 5.8338692464209805 5.732720003996787 5.681152016532028 5.561356925293493
1.7976524243943932 1.7495697060325974 1.454459993652523 0.8543467592012473 0.4563942759268712 0.7760238128144069 0.7256447470025714 0.7560843511713348 0.5185861673758767 0.7616812487902426 1.3394684370748153 1.6374969224623577 1.1302518734253844 0.7451019482821757 0.5741408531422795 0.8758331345079773 1.6852157720328047 2.633290239451326 3.369913082160216 3.9628018152298825 4.380859039608463 4.67096505039101 4.932769016699527 5.089236876635784 5.282085960776409 5.405833115063219 5.519100361565668 5.624887357843022 5.7106923780791226 5.816290782936551 5.83060151323738 5.942136815773752 5.959166373881083 6.003522240384118 6.006838277127178 6.003751794001126 5.991503262715536 5.945313434972084 5.920360725749966 5.839206974424301 5.754915836088582 5.679346149402921 5.547010474811258
1.5447388274255003 1.3903563635095182 1.114006391322084 0.7857037596234971 0.4364905155395863 0.35348097749730945 0.6924477745294693 0.9095111976870174 0.7710068232473549 0.5784461544530904 0.5074137086083549 0.5184295600402594 0.6142073995616032 1.0835168292998083 0.813837514286467 0.933318817061044 1.9440760682370892 3.119972531513184 3.876439489193097 4.397598350798994 4.848222615601221 4.974202690719582 5.2042907369211635 5.3246987728271575 5.450515339085749 5.529769895049096 5.624061775353568 5.735422728352874 5.806755289561646 5.893831515181818 5.943225708168685 5.9850739174631205 6.0075130951223 6.047262586002375 6.049381869216984 6.032370575812928 6.0024651396287725 5.94471731951834 5.904096821553577 5.829069625931345 5.755996780939987 5.660146360588814 5.575978066837982
1.2863959337572006 1.0384011863425213 0.8795653667160763 0.8811396799266485 0.7044855047775902 0.58373288054371 0.9223449182119124 1.1854830113113521 1.0216771181357633 0.8945255993500624 0.9079511188884398 0.9089026064256324 0.9218654399927159 1.1321398254849235 1.0270645582307756 1.0205577918012927 2.0470191322256315 3.3969229280402793 4.321786617458061 4.675665215110569 5.049182960463829 5.168679970699914 5.3342655477926755 5.433259835085634 5.56759187731202 5.655889077353228 5.7367622160203595 5.82913996481048 5.88754317319601 5.944282427050499 5.993190781888835 6.0304935985332735 6.058950049304626 6.057320997637405 6.056871319836311 6.039074533670009 6.0031798924515245 5.963955134128894 5.903376304974444 5.8281168006317055 5.746638867195928 5.645920264385856 5.557478342196752
1.1190977916725369 0.9326749683361207 0.9988803124661706 0.99591246127446 0.8790091161407505 0.7415060875453656 0.8158575936434802 0.8928153948329614 0.8840139436609618 0.871790855927681 0.894743203723374 1.1829735364714302 1.3315892124909423 1.2098824711424263 1.112422869534728 1.0650282053799351 1.5111617369052612 2.9515213091921493 4.324600904985334 4.837670635856236 5.0892909501619705 5.260907615846838 5.425533971870128 5.5063620652880845 5.615875749720343 5.706221298996939 5.788714793426621 5.878197849067763 5.951812742723201 6.015189252938951 6.047853923005815 6.069270011505115 6.091598702676754 6.076608082899038 6.077545138731094 6.05470879302737 5.993586019892682 5.949868276044235 5.878417725739195 5.821198485378728 5.729280891234827 5.641836592172704 5.550293976252565
1.00236831688199 1.053798576737404 1.1297924408550912 1.0536354639620347 0.9345746165831462 0.7969705373563036 0.7079711857844204 0.7997601495834765 0.7729207586338488 0.7465465694611539 1.0463230820231861 1.5494261938403608 1.9664695745782372 1.599519361840834 1.5161622651560045 1.394308391139334 1.6064062165383235 2.642793333400288 4.109001739292904 4.760522439404937 5.007473722379415 5.2525183212755495 5.382225957823535 5.515425266564441 5.622038684825173 5.723481683064571 5.847804426851246 5.945641685842826 5.998149468955349 6.035455399381142 6.0887592226448355 6.092879415726555 6.1063525764071604 6.0870855533520665 6.075947876499924 6.0386658675427185 5.983235021145712 5.939589829975445 5.860664246519541 5.82141022578297 5.71321151057659 5.634912237407736 5.525203613313707
1.1004777084681243 1.1373163871402858 1.243337905407632 1.1643215907994393 1.04045864502777 0.9405981237154658 0.8180213212979097 0.7545893389887144 0.6615949879969927 0.7647903664673383 1.1805970746238321 1.7976346788774362 2.367397980130267 2.09107730082434 1.912838236129889 1.7247508299945973 1.4187735915281623 2.4604347773356308 4.0338223959105415 4.692801839884425 4.908679025205511 5.213518043727552 5.331328548823656 5.509525100804607 5.624536285002533 5.758907888592582 5.881759877404178 5.973624429327692 6.03954169211748 6.068053228814414 6.118125126365519 6.113284517376801 6.109668216200603 6.087473813174647 6.0622025349534425 6.025026006808568 5.972524952243404 5.920458280681007 5.84075309884173 5.807049820253858 5.697042571721685 5.639141743780497 5.530110508482883
1.1962639555134715 1.2288143850581268 1.3167606580302031 1.2633755038381311 1.1762847091002913 1.0999598606618486 0.947073717495156 0.8468456330438107 0.8368021552548759 0.9436523370216386 1.1466737992125358 1.701809056553429 2.449445802820686 2.4535559989745064 2.033959530149335 1.6144993867433444 1.348636808710809 2.3831981538647335 3.9888117257118765 4.616325552698011 4.802746232833318 5.103328011737892 5.276440929823815 5.4823585261359105 5.62936140946776 5.764839290101103 5.902882540083173 5.992490404175436 6.0734692063075055 6.094183804100933 6.130763609904829 6.120147320492499 6.112388964023025 6.070102664063652 6.045198436572641 6.009454377249286 5.95745932468823 5.909678702441382 5.836073550119888 5.788723872553096 5.688317527569713 5.632099271792877 5.533065650828985
1.2679777875956966 1.2773868190190047 1.3570988939051227 1.3066238350419999 1.2522139309504379 1.1956881526473353 1.0294816887193652 0.8745032603273627 0.8357834840328557 0.8465589668617999 1.105518686293446 1.4427027370334997 2.2643616679700305 2.626926350416129 1.9390851388927557 1.6082900915971385 1.392111575174022 2.3852007599682743 3.7297492687828937 4.378872650312821 4.670023662087455 4.986882134746247 5.226453037073251 5.518496357086075 5.665083493571847 5.822077213955438 5.95857051417158 6.02756794526166 6.103667847431319 6.1027092202957895 6.141164357122544 6.113390356982274 6.106859952343869 6.060157272690626 6.029827994406796 5.99533180274001 5.944894274309308 5.905681744426673 5.826340795382468 5.7695979391206835 5.6839223346210845 5.615711653594835 5.522174547805301
1.2057815578376239 1.2219535695624686 1.3218277048259486 1.3372839225540836 1.3466341587638178 1.2203149744750643 1.0621819465941416 0.8647158914662791 0.40720995723410924 0.35178863642500846 0.815550806960087 1.2113323068668431 1.998806934772448 2.9116964409940973 2.251028133744465 1.6621494198269724 1.3909225310640037 2.027074805054661 3.2825349552843903 4.05503288942764 4.500831727805331 5.007790746793314 5.285323567171884 5.604474029363604 5.761537332446561 5.90442238222601 5.990223626777734 6.055446593939938 6.1070925408484875 6.101678290101839 6.1514280172956575 6.078556151264417 6.085811510461333 6.038439803900775 6.00758217127266 5.968256540156664 5.918432221508242 5.888712525758323 5.7950742296997015 5.7518939298967435 5.673698913962898 5.598258301062091 5.533447186522732
1.1922874856102377 1.1917817372465707 1.28166659015038 1.4087674477193965 1.4761748073668401 1.2787455837996546 1.0153657688303679 0.6496362972857468 0.22044765790708976 0.1342160431007553 0.6816759050629393 0.8472824396618444 1.6565460578763216 2.7012138973759283 2.31423956989121 1.5379335929681286 1.1359229017509118 1.7567793782356174 3.3728996880001882 4.084778247776239 4.587197491080701 5.195315681821858 5.471991266183275 5.712835730123696 5.873048715737958 5.984410650969933 6.057643228258337 6.0860326944374314 6.1342994026612185 6.084878247382305 6.116734914161097 6.0397183526898965 6.060326808361965 6.004376696860983 5.976906146481521 5.940329210770318 5.884407605043114 5.8525520669144635 5.784170086144393 5.744366501059288 5.643184004963496 5.585890004681018 5.52170965603869
1.2477413194504305 1.2930594638446777 1.2929907190874679 1.4460254270418746 1.430764193695457 1.2964741272994165 0.8936155816709783 0.432013433306218 0.24113559228239145 0.5595339460483377 1.3883442344151544 1.6327159751722817 1.436612762760075 1.6889490909040432 1.5578098727318455 0.966389408145759 0.7749544982552734 1.6625474093153572 3.627644431154088 4.496475846156008 5.050288549517025 5.487522101326047 5.707254308264782 5.883964431862272 5.954079016294709 6.040608682996523 6.079122058730236 6.07674773776649 6.1018752329598005 6.066036728687102 6.090095071337901 6.022637529540391 6.022779905354846 5.973727605496299 5.948601844812507 5.906661779377169 5.850782918521945 5.822516840752401 5.744191454382528 5.6898812981442966 5.623438329609735 5.5771925475131665 5.4917163348554725
1.4035022851856676 1.4959084121699453 1.5278638544530974 1.571270029742218 1.4285956499884283 1.287582321365773 0.9456875246474612 0.5154949281427408 0.48821146626784007 1.405328108373963 2.084976432143299 1.4173591665887955 1.3904400029867379 1.6243602499841907 1.353901305320441 0.7859153721485104 0.5889143994985455 1.8943930237781872 3.902812632965822 4.791956003287694 5.38744528798712 5.691231249012551 5.784464740969357 5.928522693529485 5.987198921547516 6.057271826144759 6.083268868289252 6.076723379386342 6.080481185795273 6.052625175535024 6.034288964943371 5.978919701836467 5.965882233399957 5.937498494579023 5.906584821289964 5.862504386634817 5.817054847937255 5.783236146094794 5.703623440135739 5.6823647673570274 5.58777342444877 5.533629208840018 5.455866377464589
