static/ASC_sea/1979/10/ERA5U/00.asc
ncols         201
nrows         201
xllcorner     105.0
yllcorner     0.0
cellsize      0.25
NODATA_value  -32767
[rows 38 to 56 of 201, columns 43 to 85 of 201]
1.0398430876741842 0.8459711339686082 0.6786352801573607 0.6111068468441827 0.3142589831009157 -0.1622026314196312 0.13365507934250398 0.47684210260273163 0.8651801018025624 0.5627873813649584 0.4631779914631151 0.372876039583909 0.6317020288517208 0.5297162717951616 0.5954624297423026 0.9291439843836664 1.0194459362628723 0.9051822822402809 0.6263552027536097 0.4774361943914107 0.3811933246254149 0.3631725403688191 0.40753139392351656 0.42515611698765987 0.2918815257273406 0.14137827259533076 -0.017640296174411096 0.1316747733802408 0.2132633790254881 0.42911672891218644 0.39485743576503163 0.3602020814254241 0.3295073390103431 0.28019772054998726 0.19860911490473976 -0.059226721381940184 -0.1158634719026701 -0.07883175040834667 -0.05487004826496089 -0.055266109457413615 -0.05150352812911341 0.09167259294252239 0.09840563321421758
1.1297489783609374 0.8889437733497219 0.61071078565173 0.32792309424053245 0.030085077516134096 -0.2770603772309017 0.035431903614244975 0.3798071104518306 0.5530838821498683 0.35525131651976594 0.28455439366696655 0.3734701313725881 0.447533574361235 0.30455548388582576 0.26831588477640755 0.6960619726252775 0.8069591065120219 0.7723037521724141 0.47882240856499503 0.4045609349801218 0.40951169988577996 0.38614408953107304 0.3645587545424034 0.2108870118707722 0.058403452776499165 -0.14279563298945086 -0.10219936076305358 0.05404677965951987 0.45288040045934586 0.6770510353875498 0.6429897728366214 0.3988180476895582 0.3142589831009157 0.2665336094103705 0.15761678148588976 -0.09982299360833746 -0.17111400824981593 -0.11724968607625441 -0.04358230428006027 0.02236188426330732 -0.02595758121591696 0.08236515491988494 0.020381578301043923
0.9925137751760915 0.8542884190101141 0.5237753539083716 0.20593624696511403 -0.010313164114037043 -0.1578459583026519 0.06176997291234665 0.14771525167457344 0.16296360758400064 0.07602817584064225 0.2079165529273772 0.36713315229334564 0.36515284633108225 0.24455221322924814 0.24791873336509562 0.424562025198981 0.39050076264805234 0.4231758110253967 0.4031747208065375 0.460801624308399 0.4584252571536831 0.40357078199899 0.3205959621801584 0.1506857106179682 -0.0025899708612100447 -0.11190285997814353 0.021371731282175732 0.20890670590850902 0.586749083508344 0.7117063897271576 0.7489361418177074 0.5950663685498498 0.553479943342321 0.45347449224802494 0.2885150055914931 0.032659475267076354 -0.07150461834797261 -0.03724532520081758 0.16533997473871653 0.16533997473871653 0.08573167505573243 -0.05229565051401863 0.01166823206708556
0.5657578403083532 0.5887293894706076 0.3368344710707174 0.19662880894247659 0.14335857855759415 0.21029292008209333 0.21029292008209333 0.1570226896972109 0.0500861677349933 0.047709800580277406 0.13959599722929394 0.28594060784055086 0.32990340020279585 0.33525022630090673 0.31128852415752095 0.24692858038396404 0.2972283518254515 0.39248106861031573 0.5160521606555446 0.5051604778630967 0.47347558246688415 0.4134723118103065 0.33525022630090673 0.22158066406699395 0.17167695381795922 0.23960144832358998 0.4285226371235076 0.557044494074395 0.641405528066811 0.6839821062554714 0.8202271564591856 0.9408277895610198 1.0388529346930526 0.9329065657119666 0.747351897047897 0.4804066533348057 0.2708902825273498 0.2562360184066015 0.2738607414707448 0.21861020512359897 0.07404786987837908 0.0687010437802682 0.19900517609719248
0.3314876449726065 0.3405970523990176 0.14236842557646257 0.1316747733802408 0.26831588477640755 0.38852045668578916 0.3768366515084356 0.32356642112355316 0.30752594282922074 0.236630989380195 0.2409876624971743 0.28693076082168245 0.2522754064820749 0.2146495931990724 0.18098439184059667 0.19524259476889227 0.290891372746209 0.3778268044895674 0.43109703487444984 0.3835696917801308 0.4188191379084174 0.4661484504065099 0.49011015254989587 0.43149309606690234 0.43188915725935506 0.5491232702253415 0.680021494330945 0.8342873287912549 0.9735028379383643 1.0008310602175974 1.0857861859986926 1.1394524775760275 1.1467796096364018 1.1160848672213208 1.0725181360515283 0.9774634498628907 0.8338912675988026 0.6677435973649124 0.5041703248819651 0.2728705884896132 0.1726671067990908 0.16395376056513222 0.26158284450471236
0.2356408363990634 0.1326649263613724 0.12573385549345084 0.16236951579532177 0.30594169805941007 0.372876039583909 0.3998082006706898 0.39287712980276823 0.331883706165059 0.32416051291223225 0.30019881076884647 0.26554345642923893 0.22455112301038893 0.2562360184066015 0.2786134757801766 0.2708902825273498 0.2605926915235808 0.2952480458631883 0.293861831689604 0.34119114418769647 0.3724799783914565 0.437830075146145 0.5604110142102425 0.6380390079309635 0.7249744396743214 0.7620061611686451 0.9182523015912185 1.0441997607911633 1.1473737014250807 1.1038069702552886 1.1008365113118934 1.1184612343760367 1.084796033017561 1.1346997432665957 1.1394524775760275 1.1750979848967669 1.185395575900536 0.9822161841723225 0.7170532158252683 0.4241659640065283 0.28693076082168245 0.17227104560663808 0.17860802468588055
0.16633012771984834 0.06038375873876234 0.1120697443538341 0.19266819701795002 0.28990121976507743 0.3445576643235442 0.34950842922920233 0.33227976735751175 0.21524368498775148 0.2982185048065833 0.2928716787084724 0.2992086577877149 0.2508891923084906 0.2766331698179134 0.3015850249424308 0.28059378174244 0.26791982358395483 0.24158175428585316 0.22158066406699395 0.2772272616065923 0.3138629219084632 0.3724799783914565 0.5360532508744038 0.7723037521724141 0.8812205800968949 0.960828879779879 1.025188823553436 1.1244021522628267 1.1107380411232097 1.0838058800364294 1.077072839764734 1.0731122278402077 1.056477657757196 1.1073715209873622 1.1634141797194135 1.2069809108892056 1.2600531106778616 1.0754885949949236 0.8065630453195691 0.5711046664064643 0.4231758110253967 0.3138629219084632 0.2732666496820657
0.09662335784818055 0.10296033692742301 0.1483093434632523 0.22930385731982073 0.26455330344810735 0.3304974919914747 0.3304974919914747 0.23920538713113726 0.07404786987837908 0.15603253671607908 0.23821523415000567 0.2629690586782967 0.22692749016510483 0.22455112301038893 0.24296796845943747 0.22930385731982073 0.2576222325801858 0.23128416328208412 0.22831370433868914 0.30217911673110986 0.34851827624807075 0.4641681444442467 0.6160576117498406 0.8212173094403172 0.9261735254402716 0.9948901423308079 1.0281592824968309 1.0341002003836208 1.025188823553436 1.025188823553436 1.0228124563987202 1.0184557832817407 1.0228124563987202 1.04816037271569 1.1063813680062307 1.1814349639760091 1.1867817900741202 0.9998409072364658 0.8152763915535277 0.6703179951158549 0.5130817017121498 0.4794165003536739 0.47783225558386344
0.1526660165802316 0.17761787170474896 0.20593624696511403 0.2298979491084998 0.26890997656508664 0.3362403792820383 0.3201999009877057 0.22890779612736822 0.0071135283538799055 0.03701614838405565 0.11900081522175565 0.16969664785569583 0.13801175245948327 0.13563538530476738 0.17227104560663808 0.18435091197644415 0.2180161133349201 0.28930712797639835 0.3104964017726155 0.38812439549333644 0.4641681444442467 0.5784317984668381 0.6946757584516932 0.7645805589195875 0.8699328361119942 0.9012216703157541 0.9085488023761283 0.9144897202629183 0.9475608298327152 0.9574623596440315 0.9592446350100685 0.9958802953119394 1.0125148653949507 1.0271691295156993 1.0521209846402169 1.1204415403383 1.084796033017561 0.8762698151912369 0.6913092383158457 0.684972259236603 0.5837786245649492 0.5501134232064735 0.6077403267083348
0.2332644692443473 0.23623492818774228 0.2142535320066199 0.23029401030095253 0.28594060784055086 0.34554781730467576 0.3602020814254241 0.2986145659990358 0.08870213399912741 0.0910785011538433 0.11305989733496591 0.1302885592066565 0.08672182803686401 0.057017238602914855 0.049096014753861716 0.1116736831613816 0.20197563504058746 0.3162392890631791 0.41188806704049585 0.49248651970461177 0.5687282992517484 0.6317020288517208 0.69863637037622 0.7366582448516752 0.7526987231460076 0.784977710330899 0.798641821470516 0.8372577877346501 0.8869634673874587 0.9115192613195231 0.9538978089119574 0.9798398170176066 1.022218364610041 1.0384568735006 1.0261789765345677 1.07350828903266 1.0384568735006 0.8895378651384007 0.6707140563083076 0.6839821062554714 0.6267512639460624 0.6283355087158733 0.6297217228894576
0.3118826159461998 0.28930712797639835 0.2562360184066015 0.2566320795990542 0.2986145659990358 0.3592119284442925 0.40079835365182137 0.3582217754631607 0.3128727689273316 0.26257299748584395 0.2576222325801858 0.20435200219530336 0.12870431443684582 0.01879733353123325 -0.045958671434776166 0.03899645434631882 0.1669242195085272 0.3138629219084632 0.422779749832944 0.5453606888970413 0.6117009386328616 0.6713081480969865 0.6443759870102057 0.6473464459536009 0.6614066182856702 0.7010127375309358 0.7190335217875319 0.7736899663459984 0.8352774817723865 0.9235991276893292 1.00122712141005 1.03251595561381 1.0535071988138007 1.0970739299835932 1.056477657757196 1.0628146368364382 1.0804393599005815 1.0853901248062399 0.9192424545723501 0.8445849197950239 0.8348814205799342 0.808939412474285 0.7229941337120582
0.3182195950254425 0.3362403792820383 0.3128727689273316 0.30455548388582576 0.34317145014995987 0.40911563869332723 0.4611976855008517 0.47585194962160005 0.45387055344047766 0.38852045668578916 0.3425773583612808 0.2982185048065833 0.18534106495757574 0.025728404399154803 -0.06992037357816194 0.0027568552369008348 0.1316747733802408 0.1946485029802132 0.2742568026631975 0.42911672891218644 0.6019974394177714 0.6839821062554714 0.6164536729422934 0.6027895618026768 0.6130871528064459 0.659426312323407 0.6917052995082984 0.7536888761271392 0.8645860100138831 0.9861767960968493 1.097469991176046 1.13608595744018 1.1531165887156445 1.177672382647709 1.1517303745420602 1.1447993036741386 1.1731176789345037 1.2806482926854001 1.2293583682627807 1.2440126323835292 1.2396559592665501 1.179454658013746 0.8861713450025532
0.3132688301197841 0.3338640121273224 0.3338640121273224 0.36614299931221383 0.42376990281407556 0.5194186807913925 0.5544700963234526 0.5671440544819375 0.5520937291687367 0.49545697864800653 0.4554547982102881 0.3562414695008975 0.20197563504058746 -0.007936796959320924 -0.04259215129892846 0.015430813395385767 0.08276121611233744 0.08434546088214812 0.13563538530476738 0.26554345642923893 0.44476114601406636 0.6237808050026676 0.6170477647309722 0.6083344184970141 0.6194241318856886 0.669723903327176 0.7323015717346957 0.8622096428591672 1.0057818251232558 1.128362764187353 1.2147041041420326 1.254706284579751 1.2533200704061667 1.228368215281649 1.2390618674778708 1.2430224794023976 1.26500387558352 1.3156997082174602 1.3729305505268692 1.3768911624513955 1.3382751961872619 1.2899557307080376 1.105391215025099
0.2928716787084724 0.3118826159461998 0.3538651023461816 0.4207994438706806 0.498823498783854 0.5833825633724965 0.6111068468441827 0.6394252221045478 0.6423956810479425 0.5907096954328708 0.5311024859687459 0.4158486789650224 0.2605926915235808 0.0853356138632797 0.05107632071612489 0.0253323432067023 0.03602599540292406 0.13127871218778808 0.26930603775753914 0.3182195950254425 0.3954515275537105 0.5960565215309814 0.6297217228894576 0.6253650497724781 0.6317020288517208 0.6903190853347141 0.7420050709497858 0.90359803747047 1.1087577351609466 1.3192642589495343 1.3636231125042317 1.3826340497419594 1.3685738774098901 1.324016993258966 1.295698617998601 1.2927281590552062 1.3046099948287857 1.310352882119349 1.3113430351004811 1.2450027853646608 1.1604437207760183 1.1331154984967853 1.130739131342069
0.24831479455754835 0.25722617138773307 0.30217911673110986 0.39287712980276823 0.504764416670644 0.5804121044291017 0.5744711865423118 0.6233847438102149 0.662000710074349 0.7103201755535733 0.7283409598101693 0.6483365989347325 0.539815832202704 0.3831736305876783 0.33227976735751175 0.21762005214246738 0.17524150455003307 0.2556419266179226 0.47050512352348917 0.46812875636877327 0.41287822002162744 0.5324887001423302 0.659426312323407 0.7709175379988298 0.8275542885195599 0.8812205800968949 0.8768639069799158 1.0491505256968217 1.2780738949344577 1.4612521964438119 1.4749163075834284 1.4499644524589113 1.4182795570626983 1.389565120609881 1.3422358081117882 1.3230268402778345 1.3020355970778437 1.285401026994832 1.2507456726552242 1.1790585968212932 1.0980640829647248 0.9921177139836392 0.8255739825572967
0.22593733718397324 0.1970248701349293 0.22831370433868914 0.2298979491084998 0.2982185048065833 0.33089355318392744 0.43109703487444984 0.49545697864800653 0.6453661399913373 0.7826013431761831 0.9182523015912185 0.972908746149685 0.8851811920214216 0.7445794687007283 0.7039831964743306 0.5857589305272124 0.4675346645800942 0.46575238921405737 0.5990269804743766 0.6366527937573792 0.6257611109649308 0.7826013431761831 1.0754885949949236 1.2103474310250535 1.324611085047645 1.3499590013646152 1.3026296888665225 1.30005529111558 1.4602620434626803 1.4681832673117334 1.5052149888060566 1.4808572254702184 1.440260953243821 1.4006548339985554 1.3562959804438575 1.3230268402778345 1.299263168730675 1.2636176614099357 1.185395575900536 1.1145006224515104 1.002811366179861 0.8548825107987934 0.5920959096064551
0.24831479455754835 0.14296251736514143 0.08137500193875313 0.05503693264065146 -0.03585911102723327 0.02236188426330732 0.21524368498775148 0.38951060966692075 0.5374394650479881 0.7982457602780633 1.0681614629345493 1.1287588253798058 1.1410367223458384 1.0701417688968125 1.0281592824968309 0.94459037088932 0.8342873287912549 0.7572534268592133 0.7352720306780909 0.788344230466747 0.9665717670704428 1.2040104519458108 1.4198638018325092 1.4188736488513776 1.4955114895909665 1.458875829289096 1.3875848146476173 1.3842182945117698 1.4061996906928922 1.4159031899079824 1.442637320398537 1.4149130369268508 1.3723364587381903 1.360652653560837 1.3210465343155708 1.2873813329570951 1.2576767435231457 1.22401154216467 1.1493540073873438 1.0598441778930434 0.9451844626779993 0.8192370034780541 0.5134777629046026
0.23623492818774228 0.11305989733496591 0.020381578301043923 -0.13388425615926614 -0.2251763610196036 -0.16952976348000526 0.020381578301043923 0.1946485029802132 0.39287712980276823 0.6966560644139568 1.0004349990251447 1.169355097606203 1.1824251169571411 1.2434185405948504 1.1840093617269516 1.1008365113118934 1.0550914435836116 1.007762131085519 1.0457840055609742 1.2160903183156169 1.3953080079004443 1.5081854477494518 1.4856099597796502 1.4838276844136131 1.3786734378174326 1.334908676051414 1.2772817725495522 1.2972828627684114 1.3196603201419865 1.3440180834778253 1.3592664393872527 1.3319382171080192 1.3036198418476541 1.2972828627684114 1.254706284579751 1.2356953473420234 1.205990757908074 1.154700833485455 1.0921231650779348 1.001821213198729 0.8879536203685903 0.7810170984063727 0.5501134232064735
0.26455330344810735 0.12870431443684582 0.024342190225570493 -0.13051773602341843 -0.22814681996299857 -0.199432383510181 -0.06318733330646675 0.03345159765198158 0.2322743162632157 0.5544700963234526 0.8845871002327423 1.05410129060248 1.0935093792515191 1.1877719430552518 1.1327194373043326 1.112124255296794 1.066181156972286 1.1184612343760367 1.3416417163231094 1.5121460596739782 1.5155125798098257 1.5012543768815303 1.4153090981193035 1.3465924812287673 1.2410421734401345 1.2063868191005267 1.1867817900741202 1.2069809108892056 1.2507456726552242 1.2766876807608734 1.293322250843885 1.2689644875080468 1.2400520204590024 1.2156942571231641 1.1721275259533717 1.1531165887156445 1.138462324594896 1.0750925338024708 1.0164754773194775 0.9315203515383823 0.8172566975157909 0.7346779388894116 0.6556637309951063
