static/ASC_sea/1979/10/ERA5U/00.asc
ncols         201
nrows         201
xllcorner     105.0
yllcorner     0.0
cellsize      0.25
NODATA_value  -32767
[rows 57 to 75 of 201, columns 129 to 171 of 201]
-0.09883284062720588 0.038006301365187234 0.22534324539529416 0.277623322799045 0.07008725795385251 0.016024905184064853 0.03166932228594477 -0.03130440731402784 0.11840672343307679 0.05899754456517803 -0.20477920960829188 -0.7212430045665571 -0.8263972511627377 -1.2432516562191596 -1.7492198295774295 -2.246672687297967 -2.2090468740149647 -2.1153784019999113 -2.001708839765999 -1.9034856640377396 -1.8234813031623027 -1.7315951065132862 -1.6353522367472906 -1.5610907631624171 -1.4503916598718996 -1.371179421381368 -1.306819477607811 -1.239885136083312 -1.180872018407866 -1.0713610986947062 -0.9780886878721055 -0.8994705411702529 -0.8321401384533011 -0.7648097357363494 -0.7218370963552361 -0.6798546099552544 -0.6485657757514944 -0.5972758513288753 -0.5372725806722977 -0.5040034405062745 -0.48004173836288877 -0.45766428098931344 -0.43964349673271763
-0.0968525346649427 -0.12616106290643936 0.006123375372748319 0.15226995538777888 0.14731919048212072 0.010083987297274888 -0.14556806133661948 -0.10457572791776948 -0.0748711384838201 -0.33369712775163185 -0.6149005743930186 -0.7877812848986036 -0.8917473479174262 -1.356129096068167 -1.9044758170188711 -2.3233105280375566 -2.1324090332753753 -2.0391366224527747 -1.9484386093811161 -1.8389276896679565 -1.7769441130491155 -1.6890185283246255 -1.6016870353888146 -1.5167319096077196 -1.4357373957511512 -1.3697932072077836 -1.3062253858191322 -1.2101805466493627 -1.1032440246871453 -0.9840296057588953 -0.8794694509513937 -0.8107528340608576 -0.7657998887174811 -0.7281740754344785 -0.6921325069212868 -0.651932295887342 -0.6099498094873603 -0.5649968641439838 -0.5323218157666395 -0.5123207255477803 -0.4919235741364685 -0.47627915703458834 -0.45905049516289775
0.11464414210477636 0.028698863342549785 0.05266056548593556 0.22257081704812554 0.18969773807455503 -0.16180657022717848 -0.4039979894119785 -0.2604258071478902 -0.6646062540458271 -0.9367002932608027 -0.9933370437815328 -0.7149060254873145 -0.8757068696230935 -1.399497796641733 -1.9797274435848762 -2.1450829914338607 -1.9621027205207329 -1.9205162953132038 -1.8985348991320814 -1.7612996959472356 -1.7276344945887596 -1.6593139388906764 -1.575348966090713 -1.503661890256782 -1.4258358659398347 -1.3468216580455294 -1.253153186030476 -1.139285593200337 -1.0056149407475652 -0.8780832367778094 -0.7764935409137028 -0.7267878612608943 -0.6822309771099703 -0.6442091026345153 -0.6071773811401917 -0.567571261894926 -0.5348962135175818 -0.5075679912383484 -0.48103189134402036 -0.4606347399327084 -0.4440001698496969 -0.4303360587100802 -0.4063743565666944
0.3798071104518306 0.28693076082168245 0.2629690586782967 0.2582163243688649 -0.2031949648384812 -0.7358972686873054 -1.0329431630267984 -0.8174858743325528 -1.0503698554947154 -1.2472122681436861 -1.337514220022892 -1.277907010558767 -1.4494015068907677 -1.6729780500302929 -1.8721968298339795 -1.848235127690594 -1.8351651083396563 -1.812193559177402 -1.7692209197962887 -1.6709977440680297 -1.6745622948001035 -1.606043708505794 -1.5153456954341353 -1.4517778740454839 -1.3307811797511968 -1.2321619428304853 -1.1295820939852468 -1.006011001940018 -0.8741226248532828 -0.752531838770317 -0.6608436727175269 -0.6208414922798084 -0.5851959849590692 -0.5469760798873878 -0.5059837464685377 -0.46004064814402956 -0.441623802694981 -0.42340498784215863 -0.4069684483553735 -0.39766101033273604 -0.37171900222708687 -0.33904395384974273 -0.2990417734120243
0.8489415929120034 0.6111068468441827 0.460801624308399 0.06434437066328891 -0.5529169977741777 -1.1109672179399719 -1.5044540126416872 -1.4907899015020705 -1.4244496517662504 -1.2632527464380188 -1.2394890748908594 -1.4870273201737703 -1.5866367100756136 -1.6642647037963345 -1.6373325427095538 -1.6389167874793644 -1.6496104396755862 -1.6309955636303113 -1.5903992914039138 -1.582676098151087 -1.5210885827246987 -1.4464310479473728 -1.3571192490492987 -1.2915711216983838 -1.167603968460702 -1.0709650375022537 -0.9703654946192786 -0.8327342302419801 -0.7467889514797534 -0.6475756227703628 -0.5915329640383118 -0.5762846081288845 -0.5230143777440021 -0.4727146063025145 -0.43132621169121177 -0.41429558041574754 -0.4220187736685743 -0.407364509547826 -0.3883535723100986 -0.3697386962648237 -0.33270697477050004 -0.29646737566108206 -0.2584455011856268
0.6614066182856702 0.4255521781801126 0.14098221140287825 -0.31508225170635695 -0.7687703476608759 -1.1006696269362028 -1.4137559995700286 -1.6056476473133412 -1.377120339268158 -1.2018632616078568 -1.1052243306494085 -1.2818676224832937 -1.3497921169889244 -1.4327669368077562 -1.450787721064352 -1.469402597109627 -1.4497975680832205 -1.4367275487322828 -1.4093993264530493 -1.376130186287026 -1.298898253758758 -1.2355284629663328 -1.1618610811701384 -1.062251691268295 -0.9644245767324887 -0.8721423188910196 -0.8004552430570886 -0.7022320673288295 -0.655496846619416 -0.6095537482949077 -0.5602441298345519 -0.5622244357968151 -0.5045975322949534 -0.464595351857235 -0.4493469959478078 -0.43132621169121177 -0.4259793855931009 -0.40241374464216784 -0.37964022607614 -0.35805489108747013 -0.3267660568837103 -0.2911205495629712 -0.2574553482044952
-0.13289410317813455 -0.12952758304228684 -0.3380538008686109 -0.6949049352684553 -0.9703654946192786 -1.0978971985890342 -1.2485984823172704 -1.321869802921012 -1.1553260714946696 -0.9883862788758745 -0.8941237150721421 -0.9772965654872001 -1.0333392242192512 -1.1446324192984478 -1.1929518847776721 -1.195922343721067 -1.1885952116606928 -1.1988928026644619 -1.154930010302217 -1.1182943500003462 -1.0596772935173528 -1.0172987459249185 -0.9460077312834402 -0.8584782077514029 -0.7852068871476613 -0.7285701366269313 -0.6642101928533745 -0.6319312056684828 -0.6051970751779284 -0.5762846081288845 -0.5459859269062561 -0.5455898657138035 -0.5049935934874061 -0.4913294823477894 -0.47429885107232517 -0.45766428098931344 -0.451327301910071 -0.4216227124761218 -0.37904613428746115 -0.3443907799478536 -0.30636890547239837 -0.2790406831931651 -0.2580494399931741
-0.809762681079726 -0.7457987984986219 -0.8854103688381836 -0.9527407715551354 -1.1046302388607294 -1.111561309728651 -1.0226455720230294 -0.9937331049739854 -0.8877867359928996 -0.7541160835401276 -0.6915384151326077 -0.6852014360533653 -0.7564924506948436 -0.8291696795099063 -0.8658053398117771 -0.8751127778344145 -0.9020449389211952 -0.9093720709815694 -0.8790733897589411 -0.8673895845815877 -0.8351105973966961 -0.7945143251702987 -0.7325307485514578 -0.6705471719326169 -0.6299508997062195 -0.5788590058798267 -0.567571261894926 -0.5632145887779467 -0.5396489478270137 -0.5449957739251245 -0.5293513568232445 -0.5259848366873969 -0.5065778382572168 -0.49964676738929525 -0.4883590234043944 -0.4737047592836461 -0.46400126006855613 -0.41706800876291616 -0.3731052164006712 -0.33607349490634775 -0.29508116148749775 -0.2824072033290126 -0.2727037041139224
-1.1925558235852194 -1.1036400858795978 -1.0456171211852836 -1.1105711567475194 -1.0889858217588495 -0.9780886878721055 -0.8747167166419618 -0.7511456245967327 -0.6442091026345153 -0.5436095597515402 -0.4845964420760942 -0.47865552418930446 -0.4527135160836553 -0.4933097883100528 -0.520638010589286 -0.564600802951531 -0.5915329640383118 -0.6251981653967876 -0.6226237676458454 -0.6188611863175452 -0.6158907273741502 -0.5752944551477528 -0.5469760798873878 -0.5059837464685377 -0.4669717190119509 -0.45726821979686094 -0.448356842966676 -0.4727146063025145 -0.4733086980911936 -0.4816259831326992 -0.5020231345440112 -0.49766646142703186 -0.49925070619684253 -0.49093342115533667 -0.48004173836288877 -0.4756850652459095 -0.4649914130496877 -0.41706800876291616 -0.39766101033273604 -0.3600351970497335 -0.3237955979403153 -0.3200330166120151 -0.3067649666648511
-1.3438511991021347 -1.212160852611626 -1.1466127252607112 -1.0582910793437685 -0.9840296057588953 -0.8467944025740495 -0.712133597140146 -0.5879684133062378 -0.47528900405345675 -0.3786500730950084 -0.33508334192521616 -0.2618120213214745 -0.22913697294413016 -0.1798273544837743 -0.18675842535169584 -0.22973106473280924 -0.2871599376384446 -0.33171682178936845 -0.3657780843402971 -0.3839968991931193 -0.3877594805214195 -0.41132512147235256 -0.39667085735160423 -0.3610253500308651 -0.34934154485351177 -0.34043016802332704 -0.36142141122331783 -0.3907299394648145 -0.410334968491221 -0.448356842966676 -0.4699421779553459 -0.4792496159779833 -0.4903393293666578 -0.47964567717043605 -0.4859826562496785 -0.4845964420760942 -0.48103189134402036 -0.46538747424214044 -0.4507332101213921 -0.425385293804422 -0.3887496335025511 -0.37904613428746115 -0.32835030165352097
-1.384447471328532 -1.2691936643248087 -1.152553643147501 -1.0323490712381196 -0.9141248052910013 -0.7648097357363494 -0.6305449914948985 -0.4942999412911844 -0.3830067462119877 -0.2580494399931741 -0.15012276504982514 -0.060612935555524494 0.009687926104822164 0.062364064701025734 0.06038375873876234 0.01444066041425418 -0.04655276322345503 -0.08754509664230525 -0.10655603388003265 -0.15685580532152033 -0.21111618868753435 -0.24577154302714188 -0.2598317153592111 -0.24676169600827347 -0.24577154302714188 -0.27349582649882787 -0.3000319263931559 -0.35706473810633854 -0.3996413162949992 -0.43627697659687015 -0.46538747424214044 -0.4845964420760942 -0.4919235741364685 -0.49766646142703186 -0.5079640524308011 -0.521232102377965 -0.523608469532681 -0.5279651426496602 -0.5099443583930643 -0.48400235028741534 -0.448356842966676 -0.4307321199025329 -0.35845095227992285
-1.3697932072077836 -1.258500012128587 -1.142256052143732 -1.0396762032984936 -0.938086507434387 -0.7560963895023909 -0.5885625050949168 -0.43528682361573834 -0.2871599376384446 -0.142201541200772 -0.023185152868748338 0.07602817584064225 0.146923129289668 0.1726671067990908 0.1540522307538159 0.13226886516891967 0.11900081522175565 0.10098003096515984 0.061373911719893925 -0.007936796959320924 -0.04952322216685001 -0.08516872948758913 -0.12616106290643936 -0.16418293738189438 -0.20517527080074438 -0.25448488926110024 -0.31607240468748854 -0.38003628726859273 -0.41132512147235256 -0.44003955792517035 -0.469348086166667 -0.5065778382572168 -0.5172714904534385 -0.5358863664987134 -0.5489563858496511 -0.5616303440081362 -0.5689574760685103 -0.5758885469364318 -0.5606401910270045 -0.5319257545741868 -0.49093342115533667 -0.4160778557817846 -0.33844986206106364
-1.252559094241797 -1.167603968460702 -1.1002735657437501 -1.0289825511022719 -0.8931335620910105 -0.7095591993892036 -0.5436095597515402 -0.376669767132745 -0.2041851178196128 -0.04655276322345503 0.07939469597648996 0.1702907396443749 0.21960035810473078 0.21861020512359897 0.1869253097273864 0.20098548205945588 0.20256972682926633 0.17524150455003307 0.1273181002632615 0.09068243996139058 0.04869995356140899 -0.0006096648989468711 -0.0562562624385452 -0.11051664580455922 -0.18576827237056426 -0.2580494399931741 -0.322409383766731 -0.37132294103463415 -0.4289498445364959 -0.47825946299685174 -0.5245986225138126 -0.5719279350119052 -0.5909388722496328 -0.5939093311930277 -0.5905428110571801 -0.5909388722496328 -0.6026226774269862 -0.5859881073439746 -0.5606401910270045 -0.5249946837062653 -0.47766537120817265 -0.40439405060443123 -0.33745970907993206
-1.0293786122947246 -0.9976937168985119 -0.9723458005815419 -0.9060055508457218 -0.7648097357363494 -0.6125242072383026 -0.43805925196290696 -0.2691391533818486 -0.10655603388003265 0.0253323432067023 0.14197236438400984 0.21762005214246738 0.2552458654254699 0.2742568026631975 0.2865346996292297 0.290891372746209 0.26692967060282324 0.19860911490473976 0.15563647552362658 0.11504020329722908 0.05899754456517803 0.004737161199164008 -0.04417639606873913 -0.1408153270271877 -0.22973106473280924 -0.31072557858937766 -0.37567961415161344 -0.4489509347553551 -0.5202419493968334 -0.5689574760685103 -0.610939962468492 -0.6515362346948894 -0.6642101928533745 -0.6588633667552636 -0.6515362346948894 -0.639258337728857 -0.6305449914948985 -0.6055931363703811 -0.5782649140911478 -0.538658794845882 -0.47766537120817265 -0.4049881423931101 -0.33508334192521616
-0.8986784187853476 -0.894717806860821 -0.8600624525212135 -0.7788699080684187 -0.6582692749665845 -0.49766646142703186 -0.3434006269667218 -0.18279781342716928 -0.04694882441590775 0.08771198101799582 0.19900517609719248 0.2582163243688649 0.29227758691979333 0.3168333808518582 0.32693294125940087 0.30891215700280483 0.2522754064820749 0.18831152390097072 0.14771525167457344 0.09899972500289644 0.04671964759914582 -0.0152639290196952 -0.08358448471777868 -0.19685798575923852 -0.2833973563101442 -0.3657780843402971 -0.4507332101213921 -0.5372725806722977 -0.6145045132005659 -0.6792605181665754 -0.7252036164910837 -0.7564924506948436 -0.7618392767929545 -0.7477791044608851 -0.7257977082797626 -0.7095591993892036 -0.6701511107401643 -0.6362878787854621 -0.6075734423326444 -0.5665811089137943 -0.5079640524308011 -0.44201986388743353 -0.384392960385572
-0.8174858743325528 -0.8008513042495412 -0.7491653186344694 -0.668170804777901 -0.5469760798873878 -0.3810264402497243 -0.2428010840837469 -0.13487440914039772 -0.003976185034794355 0.10929731600666548 0.17524150455003307 0.2322743162632157 0.24791873336509562 0.26554345642923893 0.27029619073867095 0.2298979491084998 0.17524150455003307 0.14038811961419917 0.09939578619534917 0.0500861677349933 -0.007936796959320924 -0.07190067954042512 -0.15546959114793601 -0.2451774512384628 -0.33706364788747933 -0.4269695385742327 -0.5133108785289119 -0.6006423714647229 -0.6808447629363861 -0.739857880611832 -0.7725329289891762 -0.8014453960382202 -0.8297637712985853 -0.8194661802948161 -0.7955044781514303 -0.7560963895023909 -0.7125296583325986 -0.683221130091102 -0.668170804777901 -0.6281686243401826 -0.5925231170194434 -0.5285592344383392 -0.45905049516289775
-0.7281740754344785 -0.6915384151326077 -0.639258337728857 -0.5440056209439929 -0.42003846770631115 -0.2881500906195762 -0.20715557676300778 -0.0992289018196586 -0.021600908098937666 0.05939360575763075 0.1116736831613816 0.1302885592066565 0.1459329763085364 0.146923129289668 0.1283082532443931 0.08830607280667468 0.05404677965951987 0.021371731282175732 -0.02358121406120106 -0.06992037357816194 -0.12715121588757095 -0.17250022242340024 -0.2471577572007262 -0.30874527262711426 -0.37409536938180277 -0.46400126006855613 -0.5329159075553185 -0.6226237676458454 -0.6968852412307186 -0.7521357775778643 -0.784414764762756 -0.838081056340091 -0.8790733897589411 -0.8757068696230935 -0.8683797375627194 -0.8297637712985853 -0.7877812848986036 -0.7755033879325711 -0.7638195827552178 -0.7511456245967327 -0.7141139031024093 -0.6509421429062104 -0.5733141491854895
-0.6685668659703536 -0.6275745325515036 -0.5449957739251245 -0.4493469959478078 -0.3463710859101168 -0.2800308361742967 -0.2004225364913126 -0.15150897922340945 -0.08160417875551529 -0.03526501923855441 -0.02219499988761675 -0.0035801238423418535 -0.011897408883847493 -0.016254082000826786 -0.05586020124609248 -0.09625844287626362 -0.13091379721587115 -0.16952976348000526 -0.2174531677667768 -0.2624061131101534 -0.3004279875856086 -0.3463710859101168 -0.37033278805350256 -0.39766101033273604 -0.45429776085346596 -0.4933097883100528 -0.5606401910270045 -0.6471795615779101 -0.7052025262722245 -0.7614432156005018 -0.8384771175325437 -0.8980843269966686 -0.941651058166461 -0.969375341638147 -0.9616521483853202 -0.9567013834796619 -0.922442090332507 -0.9200657231777911 -0.9250164880834494 -0.9117484381362854 -0.8761029308155461 -0.8160996601589685 -0.737481513457116
-0.699459638981661 -0.6255942265892404 -0.5412331925968242 -0.4517233631025237 -0.366372176128976 -0.3170625576686201 -0.2647824802648693 -0.2160669535931925 -0.19646192456678602 -0.16655930453661028 -0.16715339632528936 -0.18913479250641174 -0.199432383510181 -0.2218098408837561 -0.27408991828750673 -0.3097354256082461 -0.36043125824218625 -0.4039979894119785 -0.4527135160836553 -0.4933097883100528 -0.5299454486119235 -0.5293513568232445 -0.5406391008081453 -0.5396489478270137 -0.5562835179100253 -0.595295545366612 -0.6388622765364044 -0.7135198113137302 -0.7701565618344602 -0.8620427584834768 -0.9400668133966503 -1.0093775220758654 -1.0582910793437685 -1.0969070456079026 -1.1095810037663878 -1.1070066060154455 -1.101263718724882 -1.101263718724882 -1.1052243306494085 -1.087995668777718 -1.0539344062267895 -1.0016543288230384 -0.9244223962947704
