static/ASC_sea/1979/10/ERA5U/00.asc
ncols         201
nrows         201
xllcorner     105.0
yllcorner     0.0
cellsize      0.25
NODATA_value  -32767
[rows 171 to 189 of 201, columns 86 to 128 of 201]
-0.021600908098937666 0.7186374605950792 1.4675891755230541 1.7790913033870694 1.8973155693341877 2.0159358964737586 2.084256452171842 2.1917870659227385 2.2864456909189235 2.3593209503302126 2.4369489440509335 2.523686345198066 2.5828974934697375 2.6575550282470632 2.7098351056508148 2.7825123344658773 2.82984164696397 2.8856862750997947 2.942719086812977 2.9944050724280484 3.0559925878544374 3.111639185394035 3.1658995687600497 3.217585554375121 3.2522409087147284 3.2625384997184983 3.2649148668732138 3.2631325915071767 3.257191673620387 3.2405571035373755 3.219169799144932 3.1908514238845664 3.1585724366996755 3.1346107345562895 3.1195604092430886 3.110252971220451 3.079360198209144 3.0526260677185895 3.0052967552204968 2.9656906359752315 2.9147967727450648 2.864100940111124 2.79419613964323
0.8655761629950152 1.417883495870246 1.8289950136361042 2.131783795266161 2.22782863443593 2.328428177318905 2.4056601098471733 2.4910112968207208 2.554975179401825 2.5979478187829383 2.6648821603074375 2.694586749741387 2.7518175920507963 2.8015232717036045 2.8528131961262235 2.9056873653186535 2.9349958935601506 2.974998073997869 3.0120297954921917 3.0676763930317903 3.108272665258188 3.1615428956430702 3.1912474850770196 3.2288732983600217 3.246498021424165 3.261548346737366 3.2649148668732138 3.26887547879774 3.2625384997184983 3.2435275624807702 3.220556013318516 3.1722365478392915 3.134214673363837 3.1072825122770564 3.10490614512234 3.0955987070997026 3.082330657152539 3.0506457617563263 3.0120297954921917 2.973017768035605 2.9417289338318455 2.8920232541790365 2.8167716276130323
1.4838276844136131 1.798102240624797 2.2068373912359394 2.4266513530471645 2.5266568041414605 2.6082454097867074 2.686467495296107 2.7484510719149484 2.7840965792356873 2.810830709726242 2.8290495245790646 2.860140328186598 2.901132661605448 2.9500462188733514 2.9847015732129587 3.026287998420488 3.0437146908884043 3.077577922843107 3.1106490324129035 3.1556019777562807 3.1946140052128675 3.2062978103902204 3.2356063386317175 3.2375866445939807 3.255211367658124 3.2708557847600033 3.2795691309939623 3.2845198958996202 3.2605581937562342 3.241151195326055 3.2045155350241834 3.1565921307374123 3.115005705529883 3.0882715750393284 3.091242033982723 3.0799542899978225 3.0696566989940535 3.0373777118091625 2.9999499291223857 2.9793547471148476 2.947669851718635 2.9003405392205424 2.8290495245790646
1.78067554815688 2.0466306388888396 2.3997191919603837 2.619929214964061 2.7522136532432486 2.8371687790243434 2.8870724892733786 2.9367781689261867 2.951036371854483 2.9587595651073095 2.9706414008808895 3.0017322044884227 3.0427245379072727 3.0647059340883955 3.0969849212732874 3.127283602495915 3.149264998677038 3.1825341388430615 3.1975844641562623 3.236200430420396 3.241151195326055 3.2528350005034077 3.26352865269963 3.262142438526045 3.2831336817260364 3.290856874978863 3.301154465982632 3.2835297429184886 3.2538251534845393 3.220556013318516 3.1845144448053246 3.154611824775149 3.1155997973185623 3.0886676362317815 3.084310963114802 3.0716370049563166 3.0476753028129315 3.015990407416719 2.994009011235596 2.973413829228058 2.949650157680898 2.901726753394127 2.8304357387526484
1.937317749771906 2.2527804895604477 2.6252760410621723 2.7977606903753043 2.9197475376507227 2.9906424910997482 3.0290604267676566 3.0540122818921733 3.034605283461994 3.0573788020280213 3.085697177288386 3.1112431242015828 3.132234367401573 3.150651212850622 3.1756030679751395 3.2098623611222945 3.2419433177109593 3.258181826601519 3.2625384997184983 3.2678853258166085 3.274222304895851 3.2785789780128307 3.2835297429184886 3.287490354843015 3.3074914450618746 3.311848118178854 3.314818577122249 3.2762026108581144 3.2474881744052966 3.2181796461638004 3.193623852231735 3.1635232016053334 3.133620581575158 3.109658879431772 3.0886676362317815 3.075597616880844 3.0419324155223673 3.0130199484733233 2.988662185137485 2.969651247899758 2.9466796987375035 2.9041031205488426 2.8250889126545373
2.424076955296222 2.6555747222848 2.8088504037639788 2.9334116487903397 3.0080691835676654 3.0769838310544277 3.0765877698619755 3.089657789212913 3.089657789212913 3.135600887537421 3.1556019777562807 3.1756030679751395 3.1965943111751307 3.222932380473232 3.2474881744052966 3.279173069801509 3.30452098611848 3.3051150779071583 3.307887506254327 3.3035308331373483 3.311848118178854 3.3187791890467753 3.3128382711599857 3.30986781221659 3.303134771944895 3.313234332352438 3.3074914450618746 3.2938273339222577 3.268479417605288 3.2371905834015275 3.216199340201537 3.1829302000355137 3.1516413658317535 3.1223328375902573 3.0839149019223497 3.0647059340883955 3.03104073272992 3.0052967552204968 2.9759882269790006 2.959353656895989 2.932421495809208 2.879151265424326 2.805483883628131
2.7997409963375675 2.848456523009245 2.9403427196582608 3.012623887280871 3.0647059340883955 3.086291269077065 3.075993678073296 3.0849050549034813 3.1296599696506315 3.164909415778918 3.1872868731524933 3.214219034239274 3.2375866445939807 3.2674892646241562 3.3177890360656437 3.3415527076128027 3.3514542374241194 3.328482688261865 3.3205614644128123 3.3308590554165813 3.3480877172882715 3.344127105363745 3.320165403220359 3.3015505271750842 3.3035308331373483 3.3308590554165813 3.3298689024354498 3.3324433001863922 3.307887506254327 3.2728360907222673 3.225902839416627 3.1635232016053334 3.1053022063147933 3.0902518810015915 3.0803503511902757 3.0819345959600857 3.0629236587223585 3.039952109560104 3.0013361432959704 2.961333962858252 2.918757384669591 2.8581600222243346 2.8031075164734154
2.9573733509337257 2.9540068307978777 2.966086697167684 2.9520265248356146 2.962720177031836 2.99539522540918 3.0526260677185895 3.103321900352529 3.154215763582696 3.197188402963809 3.22788314537889 3.258577887793971 3.2938273339222577 3.337196034495824 3.380168673876937 3.3758120007599577 3.3621478896203416 3.3397704322467665 3.342146799401482 3.3554148493486458 3.36274198140902 3.347493625499593 3.320165403220359 3.3015505271750842 3.299570221212821 3.3205614644128123 3.3465034725184615 3.336799973303371 3.3138284241411173 3.2785789780128307 3.2215461662996474 3.160948803854391 3.1346107345562895 3.126887541303463 3.1122332771827144 3.1076785734695087 3.087281422058197 3.056982740835569 3.014010101454455 2.966680788956363 2.918361323477139 2.857367899839429 2.786869007582856
2.78884931354512 2.798750843356436 2.8201381477488794 2.841723482737549 2.9177672316884595 2.968067003129947 3.027674212594072 3.1136194913562982 3.177979435129856 3.2385767975751123 3.2785789780128307 3.325116168126018 3.364524256775057 3.3837332246090113 3.38808989772599 3.3841292858014635 3.367494715718452 3.352840451597704 3.3461074113260083 3.347493625499593 3.35086014563544 3.3480877172882715 3.3415527076128027 3.3261063211071495 3.3381861874769556 3.3518502986165717 3.3538306045788358 3.3205614644128123 3.3068973532731953 3.2952135480958424 3.2645188056807615 3.249864541560013 3.2282792065713433 3.197188402963809 3.1805538328807974 3.154611824775149 3.1189663174544093 3.0813405041714073 3.028268304382751 2.9720276150544733 2.9074696406846905 2.8460801558545286 2.7815221814847457
2.537548486933908 2.665476252096117 2.687853709469692 2.704884340745156 2.769838376307392 2.915390864533743 3.0203470805336976 3.115005705529883 3.1926336992506035 3.2625384997184983 3.348879839673177 3.3944268768052326 3.415814181197676 3.4231413132580504 3.3870997447448583 3.371455327642979 3.3548207575599673 3.377792306722221 3.3621478896203416 3.357197124714683 3.3597715224656253 3.3754159395675054 3.3768021537410893 3.371455327642979 3.3734356336052422 3.361157736639209 3.3484837784807246 3.3328393613788445 3.3465034725184615 3.3435330135750667 3.3568010635222305 3.3484837784807246 3.3051150779071583 3.268479417605288 3.2185757073562526 3.1706523030694815 3.138571346480816 3.0955987070997026 3.0409422625412357 2.973413829228058 2.906677518299785 2.82607906563567 2.7508274390696648
2.356350491386818 2.401699497922647 2.4387312194169706 2.4743767267377095 2.717162237711188 2.8787552042318727 3.020941172322377 3.116986011492146 3.224516625243043 3.298184007039237 3.3791785208958056 3.4197747931222024 3.439775883341062 3.4280920781637083 3.3924465708429694 3.376406092548637 3.366108501544868 3.3948229379976858 3.3771982149335424 3.374821847778826 3.3734356336052422 3.3890800507071224 3.4110614468882443 3.4065067431750387 3.39185247905429 3.378188367914674 3.381752918646748 3.3928426320354226 3.410467355099565 3.420764946103335 3.4304684453184247 3.393436723824101 3.348879839673177 3.3001643130015004 3.2419433177109593 3.2152091872204056 3.1805538328807974 3.1375811934996842 3.0696566989940535 3.000345990314839 2.901132661605448 2.812811015688505 2.7128055645942095
2.122872418435976 1.8822652440209868 1.9280103117492686 2.411402997137737 2.67121913938668 2.8850921833111154 3.038367864790294 3.159562589680807 3.2835297429184886 3.352444390405251 3.4007638558844753 3.439775883341062 3.429478292337293 3.4168043341788077 3.390070203688254 3.385119438782595 3.388485958918443 3.407100834963718 3.398783549922212 3.4061106819825864 3.405120529001455 3.4148240282165445 3.436409363205214 3.434429057242951 3.429478292337293 3.431062537107104 3.4520537803070943 3.4657178914467113 3.4833426145108546 3.492452021937266 3.473441084699538 3.4373995161863458 3.4110614468882443 3.3690789604882627 3.3205614644128123 3.2948174869033893 3.241151195326055 3.1658995687600497 3.0965888600808342 2.99539522540918 2.896379927296016 2.7874630993715352 2.6854773423149756
1.9729632570926454 1.7054239215908753 1.9286044035379475 2.411997088926416 2.6991414534545926 2.9144007115526116 3.0882715750393284 3.2288732983600217 3.34709756430714 3.4128437222542813 3.451459688518416 3.4197747931222024 3.4094772021184334 3.3964071827674958 3.369871082873168 3.381752918646748 3.391456417861838 3.407100834963718 3.418784640141071 3.4251216192203136 3.439775883341062 3.449479382556152 3.4851248898768916 3.483738675703307 3.5071062860580136 3.5174038770617826 3.5360187531070575 3.533642385952342 3.5467124053032797 3.5340384471447943 3.515027509907067 3.5160176628881987 3.4964126338617922 3.477401696624064 3.4280920781637083 3.372841541816563 3.2795691309939623 3.1961982499826775 3.075993678073296 2.974998073997869 2.8753886840960248 2.76508564199796 2.672605353560265
1.9339512296360586 2.150200640715209 2.3616973174849285 2.559925944307484 2.7737989882319183 2.956383197952594 3.1278776942845945 3.2748163966845305 3.400169764095796 3.468688350390106 3.4661139526391636 3.425715711008993 3.3724454806241106 3.3568010635222305 3.34551331953733 3.3534345433863826 3.369871082873168 3.3973973357486273 3.410467355099565 3.42908223114484 3.4484892295750202 3.489085501801418 3.5296817740278157 3.574634719371192 3.6023590028428782 3.612062502057968 3.612062502057968 3.598398390918351 3.593645656608919 3.5823579126240186 3.5774071477183607 3.5843382185862818 3.5603765164428967 3.5477025582844113 3.4764115436429326 3.3958130909788173 3.3035308331373483 3.1872868731524933 3.0629236587223585 2.9500462188733514 2.8524171349337712 2.7537978980130595 2.665872313288569
1.8010726995681918 2.1424774474623827 2.366648082390587 2.5149729989641068 2.7248854309640156 2.957769412126178 3.1326304285940263 3.298184007039237 3.4417561893033253 3.4983929398240554 3.4880953488202864 3.4164082729863554 3.3518502986165717 3.3084815980430062 3.287490354843015 3.299570221212821 3.339176340458087 3.374425786586374 3.4074968961561702 3.437795577378799 3.475421390661801 3.519780244216499 3.5873086775296774 3.6459257340126707 3.677016537620204 3.692264893529631 3.675234262254167 3.6643425794617186 3.670283497348509 3.666916977212661 3.65998590634474 3.6213699400806054 3.579387453680624 3.5263152538919678 3.4510636273259627 3.377792306722221 3.274222304895851 3.162533048624202 3.0476753028129315 2.930441189846945 2.817761780594164 2.7284499816960897 2.65022789618669
1.7190880327304918 1.9846470622699988 2.2351557664963044 2.5145769377716545 2.7844926404281405 2.971433523265795 3.160948803854391 3.378188367914674 3.4817583697410437 3.5124531121561247 3.422745252065598 3.3128382711599857 3.244913776654355 3.2264969312053062 3.22253631928078 3.222932380473232 3.2595680407751026 3.316798883084512 3.3771982149335424 3.4168043341788077 3.466708044427843 3.5463163441108265 3.6336478370466376 3.70097823976359 3.7395942060277236 3.757218929091867 3.7665263671145044 3.782566845408837 3.769298795461673 3.7429607261635716 3.697611719627742 3.637608448971165 3.573050474601381 3.5007693069787718 3.4334389042618194 3.3621478896203416 3.2605581937562342 3.1468886315223217 3.027674212594072 2.9037070593563903 2.785086732216819 2.6902300766244083 2.6102257157489714
1.7503768669342517 2.0238571203228117 2.2947629759604293 2.54824213913013 2.766471856171544 2.9910385522922014 3.2528350005034077 3.42908223114484 3.5207703971976305 3.453439994480679 3.281153375763773 3.1286698166695 3.043318629695952 3.0316348245185982 3.063319719914811 3.1053022063147933 3.176593220956271 3.2562015206392556 3.3362058815146924 3.4134378140429606 3.4934421749183975 3.581367759642887 3.6605799981334184 3.7255340336956544 3.777616080503179 3.8251434235974977 3.857818471974842 3.8552440742238994 3.8182123527295766 3.7752397133484625 3.7186029628277333 3.6542430190541757 3.595031870782504 3.532058141182531 3.4641336466769004 3.3498699926543085 3.2219422274921006 3.065300025877075 2.930441189846945 2.8324160447149116 2.7488471331074016 2.6619117013640428 2.5848777994320007
1.728791531945582 2.014945743492627 2.3177345251226837 2.5809171875074743 2.8440998498922654 3.1312442144204415 3.2249126864354953 3.433042843069367 3.538989212050453 3.193227791039283 2.9686610949186263 2.824494820865859 2.776769447175314 2.83142589173378 2.904697212337522 2.9930188582544646 3.091242033982723 3.2029312902543725 3.313234332352438 3.4148240282165445 3.513047203944804 3.6029530946315567 3.6932550465107625 3.7665263671145044 3.817222199748445 3.875245164442759 3.9065339986465193 3.8797998681559647 3.8352429840050406 3.7722692544050678 3.7136521979220745 3.6605799981334184 3.601962941650425 3.511660989771219 3.418784640141071 3.287490354843015 3.1296599696506315 2.997375531371444 2.9060834265111057 2.821128300730011 2.7351830219677846 2.641514549952731 2.551608659265978
1.7747346302700904 2.0652455149341145 2.3460529003830484 2.597551757590486 2.8700418579979146 3.1009455331978137 3.1771873127449504 3.4354192102240826 2.9740079210167365 2.4799215834320467 2.4310080261641436 2.3616973174849285 2.4799215834320467 2.572203841273516 2.7438963682017428 2.871032010979046 3.0237136006695455 3.1809498940732506 3.3025406801562167 3.4177944871599393 3.5174038770617826 3.6116664408655157 3.70097823976359 3.7683086424805414 3.833856769831456 3.883562449484265 3.910890671763498 3.893860040488034 3.8568283189937103 3.7962309565484538 3.7259300948881067 3.659589845152287 3.5207703971976305 3.4065067431750387 3.2904608137864106 3.197188402963809 3.062329566933679 2.9603438098771204 2.865487154284709 2.7894434053337984 2.7074587384960984 2.5965616046093545 2.4939817557641164
