static/ASC_sea/1979/10/ERA5U/00.asc
ncols         201
nrows         201
xllcorner     105.0
yllcorner     0.0
cellsize      0.25
NODATA_value  -32767
[rows 95 to 113 of 201, columns 86 to 128 of 201]
-3.5689229783011642 -3.5685269171087115 -3.5825870894407807 -3.600805904293603 -3.6198168415313305 -3.6382336869803793 -3.6641756950860285 -3.656848563025654 -3.6237774534558573 -3.590508313289834 -3.600211812504924 -3.6099153117200142 -3.600211812504924 -3.5972413535615293 -3.5865477013653075 -3.5661505499539956 -3.5611997850483372 -3.5148606255313766 -3.4992162084294964 -3.46396676230121 -3.4176276027842487 -3.3800017895012466 -3.3093048666484473 -3.2920762047767567 -3.285739225697514 -3.283758919735251 -3.280986491388082 -3.2770258794635554 -3.2390040049881006 -3.2247458020598048 -3.1593957053051165 -3.1114723010183445 -3.0974121286862752 -3.1300871770636194 -3.235043393063574 -3.30376000995411 -3.399606818527653 -3.458619936203099 -3.4865422502710115 -3.505553187508739 -3.5279306448823142 -3.5841713342105916 -3.6667500928369705
-3.6711067659539496 -3.678433898014324 -3.6867511830558297 -3.7124951605652523 -3.724773057531285 -3.7414076276142967 -3.7277435164746797 -3.7014054471765783 -3.6944743763086567 -3.7184360784520423 -3.720812445606758 -3.749724912655802 -3.716455772489779 -3.6998212024067674 -3.6847708770935665 -3.6505115839464115 -3.649125369772827 -3.61823259676152 -3.6075389445652983 -3.572487529033238 -3.52060351282194 -3.4776308734408268 -3.4606002421653623 -3.4445597638710295 -3.447332192218198 -3.4376286930031084 -3.416241388610665 -3.392279686467279 -3.3477228023163548 -3.3229689777880638 -3.259401156399412 -3.2277162610031995 -3.2306867199465947 -3.2643519213050705 -3.369308137305025 -3.435648387040845 -3.5269404919011826 -3.588131946135118 -3.626549881803026 -3.662789480912444 -3.686157091267151 -3.7241789657426057 -3.8083419691387954
-3.756061891735045 -3.7814098080520147 -3.790717246074652 -3.796460133365216 -3.8004207452897423 -3.790717246074652 -3.7950739191916316 -3.7627949320067398 -3.7423977805954283 -3.772102370029377 -3.7623988708142875 -3.82537260041426 -3.812698642255775 -3.8107183362935113 -3.7954699803840843 -3.7461603619237285 -3.7214065373954375 -3.6944743763086567 -3.675859500263382 -3.6588288689879174 -3.6378376257879266 -3.6012019654860556 -3.5938748334256814 -3.565160396972864 -3.577834355131349 -3.567140702935127 -3.541198694829478 -3.5186232068596768 -3.4732742003238473 -3.448916436988009 -3.3970324207767106 -3.366931770150309 -3.3776254223465303 -3.4273311019993393 -3.5259503389200506 -3.5914984662709655 -3.6788299592067766 -3.7427938417878805 -3.78438026699541 -3.819035621335017 -3.8366603443991605 -3.886960115840648 -3.9527062737877894
-3.782796022225599 -3.8097281833123797 -3.821015927297281 -3.814678948218038 -3.858641740580283 -3.791113307267105 -3.8077478773501165 -3.809134091523701 -3.8033912042331375 -3.849730363750098 -3.8566614346180197 -3.912704093350071 -3.90735726725196 -3.8950793702859277 -3.8697314539689573 -3.833095793667087 -3.788736940112389 -3.780419655070883 -3.7584382588897607 -3.7517052186180657 -3.7360608015161856 -3.719426231433174 -3.73150609780298 -3.7101187934105364 -3.716455772489779 -3.7027916613501626 -3.673483133108666 -3.651501736927543 -3.5992216595237925 -3.5831811812294596 -3.524168063554014 -3.4746604144974316 -3.4806013323842215 -3.549515979870984 -3.642788390693585 -3.722792751569022 -3.8121045504670956 -3.8760684330482 -3.920625317199124 -3.9566668857123157 -3.98934193408966 -4.04221610328209 -4.094298150089614
-3.741803688806749 -3.780419655070883 -3.8018069594633266 -3.807351816157664 -3.880425106165179 -3.8540870368670777 -3.9136942463312026 -3.9180509194481816 -3.9156745522934657 -3.9420126215915676 -3.9426067133802465 -3.9527062737877894 -3.959637344655711 -3.943596866361378 -3.9156745522934657 -3.8980498292293224 -3.856067342829341 -3.8566614346180197 -3.8311154877048232 -3.8257686616067126 -3.829729273531239 -3.821015927297281 -3.847750057787835 -3.8303233653199182 -3.8311154877048232 -3.811114397485964 -3.782796022225599 -3.7584382588897607 -3.710514854602989 -3.6891275502105456 -3.61823259676152 -3.5689229783011642 -3.5768442021502174 -3.6475411250030167 -3.7481406678859917 -3.832105640685955 -3.9186450112368605 -3.9933025460141867 -4.04221610328209 -4.075287212851887 -4.120240158195264 -4.177867061697125 -4.23153335327446
-3.682196479342624 -3.722396690376569 -3.8130947034482277 -3.837452466784066 -3.92300168435384 -3.958647191674579 -4.016670156368893 -4.047958990572653 -4.046572776399069 -4.018254401138703 -4.021620921274552 -4.008946963116067 -4.003600137017956 -3.9859754139538124 -3.9527062737877894 -3.9386461014557197 -3.9180509194481816 -3.938052009667041 -3.9180509194481816 -3.92300168435384 -3.927358357470819 -3.920625317199124 -3.945973233516094 -3.935279581319872 -3.9220115313727084 -3.90141634936517 -3.8590378017727356 -3.829729273531239 -3.788736940112389 -3.75309143279165 -3.6827905711313034 -3.6318967079011366 -3.6398179317501898 -3.7427938417878805 -3.863988566678394 -3.9493397536519415 -4.034888971221715 -4.109942567191494 -4.157865971478266 -4.185788285546178 -4.2305432002933285 -4.294507082874432 -4.352728078164973
-3.6505115839464115 -3.7178419866633634 -3.809134091523701 -3.8932970949198906 -3.978648281893438 -4.046968837591521 -4.104595741093384 -4.135884575297143 -4.135884575297143 -4.099248914995273 -4.101625282149989 -4.065979774829249 -4.054295969651896 -4.0065705959613505 -3.9727073640066486 -3.9733014557953275 -3.968350690889669 -3.999639525093429 -4.002015892248146 -4.006966657153804 -4.015283942195309 -4.009937116097198 -4.035285032414168 -4.027957900353794 -4.010333177289651 -3.96993493565948 -3.927358357470819 -3.876662524836879 -3.833095793667087 -3.790717246074652 -3.7237829045501534 -3.673087071916213 -3.7124951605652523 -3.82537260041426 -3.97963843487457 -4.0836044978933925 -4.171926143810335 -4.241434883085777 -4.28876419558387 -4.312131805938575 -4.3517379251838415 -4.408374675704572 -4.465407487417754
-3.673483133108666 -3.738833229863354 -3.837452466784066 -3.9323091223764775 -4.0186504623311565 -4.129151535025448 -4.178857214678256 -4.225790465983897 -4.228166833138612 -4.186184346738631 -4.177867061697125 -4.130537749199032 -4.094892241878293 -4.046572776399069 -3.996669066150034 -3.9962730049575814 -4.002609984036824 -4.041622011493411 -4.044988531629258 -4.061227040519817 -4.068554172580192 -4.080237977757545 -4.102615435131121 -4.088951323991504 -4.061227040519817 -4.020234707100967 -3.9733014557953275 -3.917654858255729 -3.8629984136972624 -3.815075009410491 -3.7517052186180657 -3.7237829045501534 -3.763785084987872 -3.919041072429313 -4.084198589682071 -4.205789375765038 -4.312725897727255 -4.379462208655528 -4.425999398768715 -4.455307927010212 -4.488973128368688 -4.524024543900747 -4.578284927266761
-3.6584328077954646 -3.75309143279165 -3.853690975674625 -3.9649841707538216 -4.04221610328209 -4.160242338632981 -4.218859395115976 -4.269159166557463 -4.290744501546133 -4.256485208398978 -4.23589002639144 -4.187570560912215 -4.152519145380155 -4.091921782934898 -4.038651552550016 -4.019640615312288 -4.027957900353794 -4.060632948731138 -4.081228130738676 -4.101625282149989 -4.116279546270737 -4.131527902180164 -4.125586984293374 -4.109942567191494 -4.0851887426632025 -4.056870367402838 -4.012313483251914 -3.9552806715387314 -3.8976537680368697 -3.8487402107689666 -3.8140848564293592 -3.7901231542859732 -3.8540870368670777 -4.017264248157572 -4.184798132565046 -4.311141652957444 -4.418672266708341 -4.494319954466798 -4.5430354811384746 -4.582245539191288 -4.613930434587501 -4.64363502402145 -4.675517950013889
-3.6661560010482916 -3.7647752379690034 -3.8594338629651883 -3.9727073640066486 -4.055286122633028 -4.148162472263175 -4.221433792866917 -4.277080390406516 -4.299061786587638 -4.286783889621606 -4.273119778481989 -4.234107751025402 -4.200244519070701 -4.132914116353748 -4.068554172580192 -4.048553082361332 -4.056870367402838 -4.067564019599059 -4.09825876201414 -4.122220464157527 -4.132518055161295 -4.127567290255637 -4.118259852233 -4.120240158195264 -4.108952414210362 -4.086178895644334 -4.045582623417937 -3.9865695057424912 -3.937655948474588 -3.903000594134981 -3.8859699628595163 -3.9000301351915856 -3.9733014557953275 -4.121824402965074 -4.286783889621606 -4.405008155568725 -4.497290413410193 -4.578680988459214 -4.641654718059186 -4.678290378361058 -4.714529977470476 -4.735917281862919 -4.7668100548742265
-3.6558584100445226 -3.7653693297576822 -3.8594338629651883 -3.9606274976368425 -4.043206256263222 -4.128161382044317 -4.199452396685794 -4.252524596474451 -4.281437063523494 -4.289160256776322 -4.2935169298933005 -4.285793736640474 -4.257871422572562 -4.201828763840511 -4.139251095432991 -4.095288303070745 -4.07726751881415 -4.076871457621698 -4.100239067976404 -4.117269699251868 -4.122220464157527 -4.118259852233 -4.105585894074515 -4.123606678331111 -4.127171229063185 -4.1158834850782835 -4.075881304640566 -4.008946963116067 -3.9733014557953275 -3.955676732731184 -3.9527062737877894 -3.9873616281273967 -4.081228130738676 -4.22777077194616 -4.3620355161876105 -4.472338558285676 -4.564620816127145 -4.64957594190824 -4.715916191644061 -4.757898678044041 -4.80384177636855 -4.823446805394957 -4.843843956806269
-3.6475411250030167 -3.7517052186180657 -3.858047648791604 -3.9655782625425005 -4.043602317455674 -4.125190923100922 -4.1808375206405195 -4.227176680157481 -4.265792646421614 -4.29411102168198 -4.321835305153666 -4.326786070059324 -4.285793736640474 -4.225196374195217 -4.1655891647310925 -4.123210617138659 -4.10855635301791 -4.093506027704709 -4.087565109817919 -4.087961171010372 -4.087565109817919 -4.095882394859425 -4.1125169649424365 -4.161232491614113 -4.165193103538639 -4.144201860338649 -4.100239067976404 -4.0475629293802005 -4.021620921274552 -4.007560748942483 -4.019640615312288 -4.066573866617928 -4.1725202355990145 -4.321439243961214 -4.42837576592343 -4.519271809591316 -4.606603302527127 -4.690172214134638 -4.763839595930832 -4.826417264338351 -4.873152485047765 -4.9068176864062405 -4.939690765379812
-3.6431844518860372 -3.7404174746331647 -3.822996233259544 -3.9156745522934657 -4.0016198310556925 -4.078851763583961 -4.137270789470728 -4.188164652700895 -4.23153335327446 -4.282427216504626 -4.318072723825366 -4.330152590195172 -4.308765285802728 -4.254108841244261 -4.1964819377424 -4.147172319282044 -4.13548851410469 -4.106576047055647 -4.100239067976404 -4.088555262799051 -4.086178895644334 -4.101229220957536 -4.121824402965074 -4.167569470693356 -4.186184346738631 -4.175490694542409 -4.1501427782254385 -4.101625282149989 -4.060236887538686 -4.035285032414168 -4.058652642768875 -4.131923963372617 -4.243811250240492 -4.376689780308359 -4.4747149254403915 -4.56759127507054 -4.65551685979503 -4.738491679613862 -4.8180999792968455 -4.886816596187382 -4.948404111613771 -4.983059465953378 -5.022071493409964
-3.6134798624520883 -3.6915039173652615 -3.7726964618180565 -3.8697314539689573 -3.9610235588292952 -4.037661399568885 -4.101229220957536 -4.154499451342418 -4.21588893617258 -4.271139472519726 -4.307181041032917 -4.308171194014049 -4.282427216504626 -4.240840791297098 -4.185788285546178 -4.164797042346187 -4.171926143810335 -4.150934900610345 -4.12420077011979 -4.10855635301791 -4.090931629953767 -4.106179985863194 -4.132518055161295 -4.182223734814104 -4.203809069802774 -4.2115322630556005 -4.187570560912215 -4.136280636489596 -4.094892241878293 -4.072316753908492 -4.094892241878293 -4.1725202355990145 -4.2970814806253745 -4.428771827115884 -4.519667870783769 -4.611950128625237 -4.704826478255386 -4.803445715176098 -4.886816596187382 -4.949790325787355 -5.012764055387327 -5.049993807477877 -5.108016772172191
-3.572487529033238 -3.6485312779841483 -3.7261592717048693 -3.8220060802784124 -3.9136942463312026 -3.9938966378028655 -4.075287212851887 -4.132914116353748 -4.199848457878248 -4.246781709183887 -4.282427216504626 -4.297477541817828 -4.2594556673423725 -4.234503812217855 -4.209155895900885 -4.191531172836742 -4.199452396685794 -4.186580407931084 -4.166579317712224 -4.127171229063185 -4.116873638059415 -4.123606678331111 -4.1519250535914765 -4.19588784595372 -4.217473180942391 -4.224800313002765 -4.214106660806543 -4.164797042346187 -4.122616525349979 -4.099248914995273 -4.115289393289605 -4.193511478799005 -4.343816701334788 -4.48402236346303 -4.577690835478083 -4.667596726164836 -4.757502616851589 -4.852755333636454 -4.935730153455285 -5.003654647960916 -5.068014591734473 -5.116928149002376 -5.1769314196589535
-3.543575061984194 -3.6099153117200142 -3.6851669382860193 -3.774082675991641 -3.8667609950255626 -3.953696426768921 -4.041622011493411 -4.097862700821688 -4.164202950557508 -4.225790465983897 -4.2594556673423725 -4.291734654527264 -4.257871422572562 -4.247177770376339 -4.2321274450631385 -4.225196374195217 -4.23153335327446 -4.221433792866917 -4.202818916821642 -4.157469910285814 -4.1535092983612865 -4.161826583402792 -4.186184346738631 -4.214502721998995 -4.23311759804427 -4.240444730104645 -4.2184633339235225 -4.179847367659388 -4.147172319282044 -4.123606678331111 -4.14360776854997 -4.214106660806543 -4.38579918773477 -4.538282746829044 -4.642248809847866 -4.711559518527081 -4.795524491327044 -4.882459923070403 -4.964444589908103 -5.040686369455239 -5.1187104243684125 -5.178317633832538 -5.240301210451379
-3.51090001360685 -3.559219479086074 -3.634471105652079 -3.710514854602989 -3.802797112444458 -3.897059676248191 -3.9830049550104176 -4.041622011493411 -4.097268609033009 -4.164202950557508 -4.245197464414076 -4.280446910542363 -4.26876310536501 -4.275496145636705 -4.261435973304636 -4.257079300187657 -4.263416279266899 -4.2594556673423725 -4.240444730104645 -4.193907539991457 -4.183213887795236 -4.19588784595372 -4.223216068232954 -4.25153444349332 -4.259851728534825 -4.266782799402747 -4.226780618965028 -4.19054101985561 -4.160242338632981 -4.146182166300912 -4.168163562482035 -4.243811250240492 -4.426395459961167 -4.586008120519589 -4.672547491070494 -4.741858199749709 -4.815129520353451 -4.900480707326999 -4.977118548066588 -5.065044132791078 -5.14801895260991 -5.230201650043836 -5.292185226662676
-3.4582238750106464 -3.498622116640817 -3.5499120410634366 -3.62417351464831 -3.711108946391668 -3.804381357214269 -3.8980498292293224 -3.9727073640066486 -4.021224860082099 -4.120834249983942 -4.207571651131074 -4.267178860595199 -4.280446910542363 -4.30975543878386 -4.304804673878202 -4.299061786587638 -4.292724807508396 -4.284803583659342 -4.2628221874782195 -4.223810160021634 -4.209551957093337 -4.219453486904654 -4.246187617395208 -4.277080390406516 -4.283417369485758 -4.287179950814059 -4.240840791297098 -4.208165742919753 -4.16954977665562 -4.154499451342418 -4.182223734814104 -4.266188707614067 -4.4489709479309685 -4.612544220413916 -4.695519040232748 -4.75690852506291 -4.827803478511935 -4.909788145349636 -4.9854358331080935 -5.075737784987299 -5.173960960715558 -5.257925933515522 -5.323870122058889
-3.385942707388036 -3.4225783676899075 -3.46396676230121 -3.532881409787972 -3.6227873004747257 -3.703781814331294 -3.78438026699541 -3.871711759931221 -3.9776581289123065 -4.0905355687613145 -4.188164652700895 -4.24876201514615 -4.287774042602738 -4.31510226488197 -4.3277762230404555 -4.336093508081962 -4.32539985588574 -4.295101174663111 -4.263812340459351 -4.213116507825411 -4.21212635484428 -4.225196374195217 -4.263416279266899 -4.299853908972544 -4.308765285802728 -4.300844061953676 -4.2681690135763315 -4.2354939651989865 -4.189154805682026 -4.163212797576376 -4.192125264625421 -4.280446910542363 -4.460060661319643 -4.620663474859196 -4.719876803568587 -4.783840686149691 -4.845824262768532 -4.921471950526989 -4.993357056957146 -5.089995987915595 -5.192575836760833 -5.280897482677776 -5.349218038375859
