static/ASC_sea/1979/02/ERA5V/00.asc
ncols         201
nrows         201
xllcorner     105.0
yllcorner     0.0
cellsize      0.25
NODATA_value  -32767
[rows 114 to 132 of 201, columns 84 to 125 of 201]
-1.1902541751316433 -1.2600250080278559 -1.283529894163467 -1.2976625788652585 -1.294687276822776 -1.3269693039837103 -1.3849876938121173 -1.4285758687344847 -1.4461301507851307 -1.4621967818145358 -1.4973053459158283 -1.5394058698169544 -1.5632082861568137 -1.5725804875906335 -1.6121520047556495 -1.682964193366731 -1.753181321569316 -1.8132824228274607 -1.8669866246942681 -1.9290216722800266 -2.00712335089519 -2.069158398480948 -2.1423508287260153 -2.2150969636647106 -2.295727649015984 -2.3704077302822926 -2.4294674758255685 -2.4891222817773406 -2.5163462954660547 -2.520362953223406 -2.5159000001596823 -2.5129246981172 -2.5135197585256965 -2.5173876511809237 -2.530032684861474 -2.5471406716057476 -2.56960420202649 -2.5886461350983776 -2.6033738802086654 -2.6218207528720563 -2.6551441357478596 -2.694120592504379
-1.1755264300213555 -1.2707360953807925 -1.2991502298864996 -1.3128366192819187 -1.3460112370555977 -1.4035833315776323 -1.4679986207973768 -1.4934374532606012 -1.5212565273578118 -1.5413398161445682 -1.5706465412630197 -1.5989119106666028 -1.626284689457441 -1.6673438576436983 -1.732205442169815 -1.8064392281297512 -1.87680512143446 -1.9305093233012678 -1.9836184647595787 -2.0475874586729508 -2.114531754628805 -2.1838562922186453 -2.257643782872209 -2.321166481479209 -2.379184871307616 -2.4236656368427276 -2.472906885645812 -2.511585812198083 -2.551008564260975 -2.5721332087626 -2.561868416716036 -2.55443016160983 -2.5627610073287803 -2.567223960392504 -2.5989109271449418 -2.6175065649104567 -2.636102202675972 -2.657078082075473 -2.677012605760105 -2.6990298408744753 -2.733692109669395 -2.787396311536203
-1.204833155139807 -1.2952823372312725 -1.3171508072435183 -1.34645753236197 -1.3924259489183233 -1.4553535871168264 -1.5105454400048752 -1.5422324067573128 -1.5760020849394882 -1.6003995616878441 -1.6433926762017148 -1.668236448256443 -1.703940072766232 -1.760619576675522 -1.844523094273526 -1.9119136855357526 -1.9797505721043516 -2.05443065337066 -2.121821244632887 -2.19665009100132 -2.2531808298084854 -2.3137282263730024 -2.363564535584583 -2.4245582274554724 -2.466063690948102 -2.5047426175003733 -2.532561691597584 -2.564694953656394 -2.569157906720118 -2.5652900140648907 -2.567223960392504 -2.585224537749523 -2.6033738802086654 -2.6292590079782627 -2.6697231157560233 -2.690252699849152 -2.712716230269894 -2.730716807626913 -2.7527340427412827 -2.7878426068425752 -2.8235462313523643 -2.8723411848490756
-1.2561571153726288 -1.305993424584209 -1.344077290727984 -1.393318539531068 -1.461155426099667 -1.5242318294002941 -1.5544311451314907 -1.5890934139264108 -1.636103186197633 -1.6838567839794756 -1.722386945429623 -1.7448504758503651 -1.8006373891469103 -1.8811193093960596 -1.9694857800577874 -2.0462485727538335 -2.119441002998901 -2.2054272320266426 -2.2972153000372253 -2.357762696601742 -2.3962928580518894 -2.4499970599186973 -2.497899422802664 -2.540297476908038 -2.560827061001167 -2.567223960392504 -2.5745134503965863 -2.5931090881621013 -2.590133786119619 -2.5925140277536047 -2.619886806544443 -2.6453256390076674 -2.6726984177985056 -2.6979884851596063 -2.730716807626913 -2.743510606409587 -2.778172875204507 -2.8010827009316217 -2.825033882373605 -2.8635640438237524 -2.8909368226145906 -2.922177494060656
-1.2878440821250665 -1.3333662033750473 -1.3992691436160327 -1.4553535871168264 -1.5169423393962123 -1.569605185548151 -1.6194414947597315 -1.6590130119247475 -1.7229820058381193 -1.7912651877130907 -1.830836704878107 -1.8742761146983502 -1.9421130012669492 -2.029586881315932 -2.1204823587137698 -2.1990303326353056 -2.2747517696164827 -2.3714490859971615 -2.4563939593100343 -2.5060815034194905 -2.536429584252811 -2.5774887524390686 -2.6155726185828434 -2.6438379879864264 -2.650681182684136 -2.6521688337053773 -2.650681182684136 -2.6502348873777635 -2.6438379879864264 -2.649639826969267 -2.679541612496215 -2.7244686733376997 -2.753180338047655 -2.7771315194896387 -2.8006364056252497 -2.818636982982268 -2.8449684060582374 -2.8708535338278347 -2.9055158026227543 -2.9377978297836886 -2.9602613602044308 -2.981237239603932
-1.3103076125458086 -1.3909382978970821 -1.4636844328357772 -1.5310750240980038 -1.5925150112752657 -1.642351320486846 -1.6926339250047988 -1.776686207704927 -1.8474983963160083 -1.9206908265610758 -1.9754363841427522 -2.035388720298773 -2.124350251368997 -2.211675366315856 -2.2888844543182745 -2.3674324282398103 -2.429021180519196 -2.5237845505722607 -2.580315289379427 -2.6194405112380705 -2.6521688337053773 -2.6872773978066693 -2.7253612639504445 -2.742469250694718 -2.7493124453924276 -2.7512463917200414 -2.7488661500860556 -2.742469250694718 -2.7244686733376997 -2.7326507539545264 -2.762998834787847 -2.8079258956293316 -2.834257318705301 -2.8582085001472843 -2.865497990151366 -2.887515225265736 -2.900755319354783 -2.933334876719965 -2.9720138032722367 -3.004742125739543 -3.0276519514666576 -3.0154532130924796
-1.3620778680850028 -1.4656183791633905 -1.5501169571698912 -1.625243333742572 -1.6814765423454898 -1.7313128515570702 -1.816257724869943 -1.9129550412506215 -1.993436961499771 -2.062761499089611 -2.1361026944368025 -2.2214938630560477 -2.307926387390162 -2.365944777218569 -2.44360016052736 -2.4998333691302776 -2.559934470388422 -2.6267300012421524 -2.6673428741220375 -2.703939089244571 -2.745444552737201 -2.783974714187348 -2.814769090327041 -2.831877077071315 -2.8532992517771882 -2.851811600755947 -2.8421418691178792 -2.840654218096638 -2.8167030366546544 -2.8278604193139634 -2.8582085001472843 -2.877696728525544 -2.9040281516015134 -2.9236651450818973 -2.9241114403882698 -2.9441947291750257 -2.9572860581619484 -2.994477333692979 -3.029139602487899 -3.0632068108743224 -3.0661821129168048 -3.053983374542627
-1.4480640971127445 -1.5569601518676008 -1.6438389715080872 -1.717626462161651 -1.7713306640284587 -1.8528539399924768 -1.9510389073943963 -2.0510090560218055 -2.1305983856582102 -2.204832171618146 -2.293198642279874 -2.3802262270224843 -2.442707569914615 -2.4925438791261953 -2.5276524432274883 -2.5721332087626 -2.6305978938973795 -2.685343451479056 -2.7317581633417816 -2.7844210094937205 -2.8235462313523643 -2.8646053995386214 -2.8909368226145906 -2.9040281516015134 -2.931995990800848 -2.9489552124429976 -2.9324422861072206 -2.9163756550778155 -2.9001602589462863 -2.915780594669319 -2.9358638834560753 -2.9461286755026395 -2.9557984071407075 -2.977815642255077 -2.998345226348206 -3.016940864113721 -3.033007495143126 -3.0623142202615776 -3.083736394967451 -3.0989104353841115 -3.099356730690484 -3.074066663329383
-1.5291410777703902 -1.6277723404786821 -1.7332467978846837 -1.8109021811934747 -1.8855822624597833 -1.9769240351639934 -2.0818034321614984 -2.1726989095593363 -2.2664209238975324 -2.3372331125086134 -2.4270872341915823 -2.5095031007683453 -2.549669678341858 -2.578381343051813 -2.61363867225523 -2.6652601626922996 -2.7302705123205406 -2.765974136830329 -2.804058002974104 -2.8631177485173804 -2.907449748950368 -2.9416657224389158 -2.956393467549204 -2.961749011225672 -2.969038501229754 -2.97394774959985 -2.9743940449062225 -2.9632366622469135 -2.9743940449062225 -2.992543387365365 -3.0109902600287564 -3.0246766494241752 -3.031966139428257 -3.0388093341259665 -3.055471025563868 -3.0730253076145146 -3.0856703412950646 -3.10426597906058 -3.112596824779531 -3.113043120085903 -3.0954888380352568 -3.069157414959287
-1.6301525821126681 -1.7249159521657331 -1.8049515771085098 -1.9070044371656567 -2.0041480488527075 -2.094597230944173 -2.1917408426312237 -2.2952813537096115 -2.390491019069049 -2.4499970599186973 -2.5276524432274883 -2.6008448734725556 -2.6277713569570214 -2.657078082075473 -2.6990298408744753 -2.7497587406988 -2.8068845399144626 -2.8513653054495744 -2.8939121246570734 -2.9202435477330426 -2.956839762855576 -2.9675508502085126 -2.9836174812379177 -3.0139655620712387 -3.035387736777112 -3.036429092491981 -3.0417846361684493 -3.022296407790189 -3.0452062335173036 -3.0652895223040604 -3.074959253942128 -3.080909858027093 -3.0890919386439193 -3.101885737426594 -3.114977066413516 -3.121820261111226 -3.13208505315779 -3.1369943015278863 -3.1419035498979824 -3.1258369188685773 -3.09995179109898 -3.0715376565932733
-1.7214943548168782 -1.8231009195676526 -1.9168229339058487 -2.0432732707113512 -2.1419045334196434 -2.2195599167284343 -2.306885031675293 -2.399714455400744 -2.4763284829946666 -2.5749597457029583 -2.6243497596081666 -2.6701694110623957 -2.7122699349635218 -2.7522877474349103 -2.800041345216753 -2.851811600755947 -2.8958460709846867 -2.918309601405429 -2.9592200044895622 -2.9846588369527867 -3.022296407790189 -3.0501154818873997 -3.0652895223040604 -3.079868502312224 -3.093554891707643 -3.095935133341629 -3.098464140077739 -3.0989104353841115 -3.111555469064662 -3.118993724170868 -3.1297048115238044 -3.1335727041790316 -3.1408621941831134 -3.151126986229678 -3.140415898876741 -3.1262832141749497 -3.139523308263996 -3.1491930399020642 -3.151126986229678 -3.1355066505066453 -3.107241281103062 -3.0725790123081422
-1.843481738558657 -1.9202445312547034 -2.0340498343796556 -2.148747728117353 -2.24142838674068 -2.315662172700616 -2.390491019069049 -2.4827253823860036 -2.573025799375345 -2.6551441357478596 -2.6921866461767654 -2.7439569017159595 -2.789330257863816 -2.8312820166628185 -2.8708535338278347 -2.9020942052738996 -2.940178071417675 -2.967997145514885 -3.007122367373529 -3.0408920455557045 -3.0550247302574958 -3.0856703412950646 -3.1183986637623713 -3.1389282478554996 -3.1521683419445465 -3.15410228827216 -3.14145725459161 -3.1517220466381746 -3.163920785012352 -3.1555899392934013 -3.164813375625097 -3.171210275016434 -3.17611952338653 -3.1707639797100615 -3.1555899392934013 -3.1624331339911107 -3.1663010266463383 -3.178499765020516 -3.1857892550245976 -3.1755244629780335 -3.145325147246837 -3.105753630081821
-1.9324432696288814 -2.0178344382481264 -2.130152090351838 -2.2146506683583382 -2.312835635760258 -2.38944966335418 -2.4617495029865024 -2.5530912756907127 -2.6408626859439437 -2.6990298408744753 -2.744403197022332 -2.803462942565608 -2.844522110751865 -2.8909368226145906 -2.929466984064738 -2.9602613602044308 -2.982278595318801 -3.017833454726466 -3.0374704482068493 -3.0725790123081422 -3.09742278436287 -3.120481375192109 -3.1483004492893194 -3.152614637250919 -3.158565241335884 -3.158565241335884 -3.1604991876634974 -3.1780534697141434 -3.192632449722307 -3.198583053807272 -3.203343537075244 -3.2092941411602087 -3.207806490138968 -3.200963295441258 -3.179987416041757 -3.186384315433094 -3.1843016040033567 -3.2150959801430496 -3.222980530555628 -3.2200052285131457 -3.193673805437176 -3.1491930399020642
-1.9904616594572884 -2.0837373784891122 -2.1906994869163547 -2.2766857159440965 -2.3532997435380185 -2.429913771131941 -2.5022136107642634 -2.595489329796087 -2.659458323709459 -2.723873612929203 -2.767908083157943 -2.8205709293098815 -2.8646053995386214 -2.89525101057619 -2.9339299371284615 -2.9793032932763186 -3.00861001839477 -3.0417846361684493 -3.0593389182190953 -3.083736394967451 -3.1087289321243032 -3.13208505315779 -3.144283791531968 -3.1491930399020642 -3.1521683419445465 -3.15410228827216 -3.177607174407771 -3.2005170001348855 -3.211674382794195 -3.220451523819518 -3.2292286648448414 -3.2381545709722883 -3.2366669199510474 -3.226848423210855 -3.2088478458538363 -3.2249144768832414 -3.2336916179085646 -3.2619569873121477 -3.272221779358712 -3.267312530988616 -3.23711321525742 -3.192632449722307
-2.0212560355969815 -2.1252428419817417 -2.2264031114261438 -2.3122405753517614 -2.388408307639311 -2.4455341068549736 -2.517833946487296 -2.601886229187424 -2.656036726360604 -2.7341384049757673 -2.7771315194896387 -2.826967828701219 -2.8757627821979304 -2.9065571583376233 -2.9367564740688197 -2.9816835349103044 -3.0115853204372525 -3.0349414414707394 -3.0657358176104323 -3.086265401703561 -3.1076875764094343 -3.120481375192109 -3.1326801135662867 -3.13208505315779 -3.1355066505066453 -3.1604991876634974 -3.189210852373453 -3.21078179218145 -3.225360772189614 -3.2307163158660823 -3.2493119536315973 -3.2580890946569205 -3.2600230409845343 -3.2497582489379697 -3.2561551483293067 -3.273263135073581 -3.2918587728390962 -3.301528504477164 -3.3132809475449694 -3.3040575112132737 -3.273263135073581 -3.2326502621936957
-2.02914058600956 -2.1374415803559197 -2.236667903472708 -2.323100427806822 -2.387069421720194 -2.4441952209358564 -2.5071228591343595 -2.58909243040475 -2.653656484726618 -2.7292291566056717 -2.783974714187348 -2.840654218096638 -2.890490527308218 -2.9134003530353327 -2.9435996687665296 -2.970972447557368 -2.998345226348206 -3.0144118573776106 -3.0501154818873997 -3.0755543143506245 -3.0916209453800296 -3.09995179109898 -3.1061999253881933 -3.105753630081821 -3.1311924625450454 -3.162879429297483 -3.199475644420017 -3.217029926470663 -3.239493456891405 -3.2527335509804525 -3.2741557256863256 -3.2854618734477588 -3.287395819775372 -3.2918587728390962 -3.305396397132391 -3.313727242851342 -3.3308352295956154 -3.33425682694447 -3.3445216189910347 -3.3338105316380977 -3.294685309779454 -3.2542212020016934
-2.0315208276435457 -2.1277718487178516 -2.2326512457153567 -2.3025708437136934 -2.3693663745674236 -2.4367569658296504 -2.5013210201515186 -2.5734720946817173 -2.656036726360604 -2.7195594249676036 -2.7884376672510713 -2.8425881644242517 -2.8537455470835607 -2.884093627916881 -2.9163756550778155 -2.93928548080493 -2.969038501229754 -2.9978989310418336 -3.029139602487899 -3.052495723521386 -3.0657358176104323 -3.0734716029208866 -3.0890919386439193 -3.1198863147836127 -3.148746744595692 -3.1750781676716615 -3.219112637900401 -3.2420224636275154 -3.2664199403758714 -3.288437175490241 -3.303462450804777 -3.3143223032598383 -3.318190195915065 -3.3235457395915335 -3.3347031222508425 -3.3381247195996977 -3.3469018606250205 -3.365943793696908 -3.3704067467606316 -3.361629605735309 -3.327859927553133 -3.3025698601920324
-2.0475874586729508 -2.1423508287260153 -2.2287833530601295 -2.3000418369775835 -2.3616305892569693 -2.4294674758255685 -2.5154537048533103 -2.594596739183342 -2.6663015184071686 -2.7253612639504445 -2.7756438684683973 -2.820124634003509 -2.8411005134030103 -2.8674319364789795 -2.8967386615974315 -2.9314009303923516 -2.9645755481660303 -2.9876341389952694 -3.034048850857995 -3.066628408223177 -3.0783808512909827 -3.0847777506823197 -3.112596824779531 -3.1491930399020642 -3.1857892550245976 -3.2136083291218087 -3.2400885172999017 -3.278618678750049 -3.300635913864419 -3.318190195915065 -3.3259259812255193 -3.329942638982871 -3.335298182659339 -3.335298182659339 -3.339166075314566 -3.348984572054758 -3.341546316948552 -3.363563552062922 -3.3939116328962426 -3.399267176572711 -3.3762085857434725 -3.3494308673611304
-2.055472009085529 -2.134615043415561 -2.2014105742692913 -2.2972153000372253 -2.371895381303534 -2.4455341068549736 -2.5394048862952934 -2.6258374106294076 -2.6765663104537327 -2.7522877474349103 -2.7869500162298304 -2.8030166472592355 -2.825033882373605 -2.8474974127943478 -2.887515225265736 -2.9435996687665296 -2.9846588369527867 -3.0041470653310465 -3.0501154818873997 -3.0608265692403362 -3.0877530527248025 -3.1286634558089355 -3.1726979260376753 -3.2048311880964855 -3.2322039668873233 -3.262552047720644 -3.278172383443677 -3.3269673369403883 -3.3421413773570485 -3.3537450553227304 -3.365051203084163 -3.365051203084163 -3.362522196348053 -3.354786411037599 -3.339166075314566 -3.3455629747059037 -3.3654974983905355 -3.419201700257343 -3.444640532720568 -3.4538639690522634 -3.427978841282666 -3.398225820857842
