static/ASC_sea/1979/02/ERA5V/00.asc
ncols         201
nrows         201
xllcorner     105.0
yllcorner     0.0
cellsize      0.25
NODATA_value  -32767
[rows 38 to 56 of 201, columns 42 to 83 of 201]
-0.9968595423702864 -0.7278922377298764 -0.930956602129301 -0.9705281192943171 -0.8772524002624935 -0.8000433122600747 -0.6115579278688139 -0.6198887735877647 -0.757198962848328 -0.9264936490655775 -0.9857021597109774 -0.9934379450214317 -1.0281002138163517 -1.0364310595353026 -0.9739497166431719 -0.9192041590614954 -0.9354195551930247 -1.0725809793514638 -1.3244402972476002 -1.3640118144126163 -1.3967401368799228 -1.4373530097598077 -1.5565138565612284 -1.5193225810301982 -1.410426526275342 -1.3250353576560967 -1.2033455041185661 -0.7932001175623653 -0.5700524643761844 -0.4358663422602276 -0.9264936490655775 -1.1374425638775805 -1.3543420827745485 -1.271331155789289 -1.2551157596577598 -1.1883202288040298 -1.1755264300213555 -1.0407452474969021 -0.8132834063491217 -0.5760030684611492 -0.6155745856261652 -0.5843339141800998
-0.28353087768512797 -0.5026618731139576 -0.785464332251911 -0.9050714743597041 -0.8045062653237984 -0.7272971773213799 -0.7713316475501195 -1.006082978701982 -1.1438394632689177 -1.1038216507975291 -0.975437367664413 -0.9870410456300944 -1.0940031540573372 -1.1408641612264354 -1.0666303752664992 -1.156484496949468 -1.2566034106790012 -1.3152168609159047 -1.3034644178480992 -1.2097424035099031 -1.4084925799477284 -1.5535385545187461 -1.6658562066224571 -1.6457729178357008 -1.6198877900661037 -1.5652909975865517 -1.1956097188081118 -0.9607096225541252 -0.7356280230403307 -0.9769250186856544 -1.1804356783914514 -1.3924259489183233 -1.4279808083259882 -1.4172697209730516 -1.4065586336201148 -1.400756794637274 -1.318192162958387 -1.1863862824764162 -1.192188121459257 -1.1267314765246437 -1.28977802845268 -1.1506826579666272
-0.5539858333467793 -0.5510105313042968 -0.5374729070110018 -0.5789783705036315 -0.4876365977994215 -0.4944797924971309 -0.5828462631588587 -0.79662171491122 -0.7435125734529091 -0.6433936597233758 -0.5173896182242457 -0.6404183576808933 -0.7728192985713607 -0.8860295412878165 -0.9514861862224298 -1.1062018924315151 -1.3376803913366468 -1.3220600556136142 -1.3455649417492253 -1.3776982038080354 -1.6204828504746003 -1.7448504758503651 -1.7775787983176716 -1.8845409067449144 -1.7156925158340375 -1.536430567774472 -1.0687130866962367 -1.177609141451093 -1.340209398072757 -1.63997107885286 -1.660946958252361 -1.764487469330749 -1.7566029189181707 -1.7420239389100067 -1.7439578852376205 -1.7448504758503651 -1.6468142735505698 -1.525124420013039 -1.5383645141020856 -1.697543173374895 -1.6179538437384902 -1.3992691436160327
-0.9168239174275097 -0.7043873515942654 -0.47008231574877524 -0.4095349191842581 -0.40551826142690683 -0.41429540245223007 -0.4099812144906305 -0.292308018710451 -0.1731471719090305 -0.17017186986654798 -0.36594674426189067 -0.5618703837593577 -0.6975441568965557 -0.6590139954464085 -0.7683563455076372 -0.9938842403278041 -1.3357464450090335 -1.3757642574804219 -1.454907291810454 -1.5989119106666028 -1.8094145301722335 -1.9129550412506215 -1.944642008003059 -1.9305093233012678 -1.555026205539987 -1.2815959478358534 -1.2234287929053222 -1.4891232652990016 -1.6149785416960079 -1.6776086496902627 -1.7112295627703138 -2.0950435262505454 -2.4348230195020366 -2.619886806544443 -2.5734720946817173 -2.491502523411327 -2.295727649015984 -1.868027980409137 -1.7516936705480748 -1.6179538437384902 -1.285910135797453 -0.9084930717085589
-0.22685137377583797 -0.2659765956344817 -0.36505415364914606 -0.31863944178642045 -0.386030033048647 -0.5086124771989224 -0.4724625573827612 -0.4256015502136632 -0.38112078467855115 -0.3821621403934199 -0.42753549654127676 -0.5060834704628123 -0.5646969206997159 -0.5530932427340345 -0.6365504650256661 -0.8460117288164282 -1.2741576927296474 -1.4553535871168264 -1.6209291457809727 -1.7859096440366224 -1.8738298193919778 -2.0124788945716583 -2.1305983856582102 -2.1521693254662075 -1.7127172137915552 -1.3815660964632626 -1.2854638404910805 -1.4401795467001661 -1.6218217363937173 -1.82012561752517 -1.997304854154998 -2.3806725223288567 -2.673144713104878 -2.754667989068896 -2.8338110233989284 -2.8635640438237524 -2.787396311536203 -2.5715381483541035 -2.3440763072063233 -1.9324432696288814 -1.0666303752664992 -0.7272971773213799
-0.14190650046296516 -0.19114774926604894 -0.17552741354301626 -0.25124885052419366 -0.34348321384114855 -0.4769255104464847 -0.50816618189255 -0.5075711214840537 -0.5242328129219551 -0.500727926786344 -0.4685946647275341 -0.4690409600339065 -0.5272081149644376 -0.6414597133957622 -0.7829353255158009 -0.9929916497150593 -1.218073249228854 -1.421732674036775 -1.5877545280072938 -1.7116758580766862 -1.870408222043123 -1.9953709078273842 -2.07644788848503 -2.06380285480448 -1.8293490538568657 -1.5877545280072938 -1.3411019886855016 -1.5510095477826358 -1.8821606651109286 -2.1857902385462586 -2.251693178787244 -2.4568402546164068 -2.6823681494365736 -2.7952808619487812 -2.956839762855576 -2.986146487974028 -2.9324422861072206 -2.8513653054495744 -2.561868416716036 -1.9895690688445435 -1.0530927509732042 -0.6838577675011366
-0.16868421884530682 -0.111112124323272 -0.1433941514842063 -0.24291800480524306 -0.3440782742496451 -0.4446434832855506 -0.5150093765902597 -0.5505642359979246 -0.5608290280444888 -0.5471426386490696 -0.6155745856261652 -0.622864075630247 -0.6175085319537787 -0.7116768415983472 -0.8464580241228006 -0.9743960119495443 -1.1419055169413042 -1.3231014113284831 -1.4578825938529363 -1.5774897359607294 -1.8244398054867697 -1.8592508393838139 -1.8635650273454134 -1.648301924571811 -1.8733835240856054 -1.738602341561152 -1.7775787983176716 -1.868027980409137 -2.1335736877006926 -2.246337635110776 -2.3323238641385178 -2.5466943762993757 -2.7478247943711867 -2.8631177485173804 -2.977815642255077 -2.9724600985786087 -2.910871346299223 -2.8665393458662347 -2.460708147271634 -1.8474983963160083 -1.013521233808188 -0.46561936268505155
-0.111112124323272 -0.05740792245646453 -0.14384044679057872 -0.16050213822848014 -0.262554998285627 -0.3631202073215325 -0.46561936268505155 -0.5071248261776813 -0.5734740617250391 -0.625244317264233 -0.6701713781057175 -0.6945688548540734 -0.7082552442494925 -0.7659761038736512 -0.8068865069577844 -0.9217331657976056 -1.0349434085140614 -1.1804356783914514 -1.3156631562222771 -1.4656183791633905 -1.7253622474721053 -1.7897775366918496 -1.8742761146983502 -1.7073616701150867 -1.8958470545063477 -1.9880814178233024 -1.997304854154998 -2.0755552978722855 -2.1853439432398862 -2.3030171390200658 -2.4348230195020366 -2.564694953656394 -2.759577237438992 -2.865051694844994 -2.9538644608130937 -2.950442863464239 -2.866985641172607 -2.6599046190158315 -2.161839057104275 -1.4568412381380675 -0.8338129904422502 -0.463685416357438
-0.05934186878407788 -0.03687833836333576 -0.0969794396214807 -0.11557507738699568 -0.17761012497275397 -0.27475373665980474 -0.33232583118183956 -0.3714510530404833 -0.43824658389421334 -0.6004005452095049 -0.647261552378603 -0.6712127338205864 -0.717627445683312 -0.7360743183467029 -0.7771334865329602 -0.806440211651412 -0.8830542392453342 -1.0266125627951106 -1.2127177055523854 -1.388409291160972 -1.6106643537344083 -1.7931991340407043 -1.880226718783315 -1.818637966503929 -1.9163766385994763 -2.0090572972228036 -2.0550257137791568 -2.1624341175127717 -2.273264118595242 -2.3532997435380185 -2.477369838709535 -2.610217074906375 -2.770734620098301 -2.900755319354783 -2.9549058165279627 -2.9388391854985576 -2.8582085001472843 -2.6130436118467335 -1.8177453758911843 -1.1102185501888664 -0.6468152570722305 -0.7136107879259608
-0.052498674086368435 -0.020811707333930674 -0.012927156921352267 -0.030035143665626318 -0.046696835103527956 -0.12435221841231892 -0.14146020515659274 -0.2009662460062409 -0.2653815352259852 -0.4446434832855506 -0.4959674435183723 -0.5051908798500677 -0.5676722227421984 -0.5940036458181677 -0.6502368544210853 -0.6898083715861014 -0.7360743183467029 -0.8483919704504141 -1.0441668448457568 -1.283529894163467 -1.4607091307932947 -1.6613932535587335 -1.8181916711975568 -1.8265225169165074 -1.9236661286035581 -1.982725874146834 -2.0550257137791568 -2.188319245282369 -2.2728178232888694 -2.359696642929356 -2.464576039926861 -2.5847782424431505 -2.6970958945468615 -2.8723411848490756 -2.898672607925045 -2.849431359121961 -2.921136138345787 -2.7824870631661067 -2.161839057104275 -1.3357464450090335 -0.8928727359855262 -0.9256010584528327
-0.016348754270207433 0.06175292434495594 0.10608492477794407 0.11010158253529534 0.07826585068073344 0.06115786393645983 -0.003257425283284654 -0.08329305022606137 -0.15797313149237002 -0.2142063400952876 -0.2820432266638868 -0.26195993787713046 -0.3113499517823386 -0.3962948250952114 -0.46219776533619683 -0.4885291884121663 -0.5452086923214561 -0.6848991232160055 -0.8762110445476246 -1.104714241410274 -1.2264040949478048 -1.4299147546536017 -1.6658562066224571 -1.8156626644614466 -1.866540329387896 -1.943154356981818 -2.0154541966141406 -2.1545495671001933 -2.2356265477578394 -2.3186374747430984 -2.4275335294979548 -2.5539838663034575 -2.6453256390076674 -2.7473784990648142 -2.8582085001472843 -2.7824870631661067 -2.8547869027984296 -2.8909368226145906 -2.730716807626913 -2.117060761364915 -1.660946958252361 -1.5237855340939217
0.08704299170605667 0.18626931482284492 0.2712141881357182 0.2477093020001071 0.19251744911205826 0.1394083076537469 0.09983679048873118 0.023669058201181148 -0.05889557347770591 -0.11215348003814096 -0.15603918516475646 -0.17954407130036754 -0.2223884207121143 -0.2679105419620953 -0.30004380402090525 -0.282489521970259 -0.3918318720314877 -0.569606169069812 -0.6716590291269586 -0.6658571901441179 -0.7659761038736512 -0.8796326418964795 -1.1970973698293528 -1.4827263659076646 -1.7336930931910561 -1.828456463244121 -1.95297285372201 -2.0920682242080626 -2.1697236075168536 -2.2561561318509677 -2.323993018419567 -2.4788574897307765 -2.5847782424431505 -2.6799879078025874 -2.8167030366546544 -2.815661680939786 -2.845563466466734 -2.9012016146611552 -2.9816835349103044 -2.6448793437012954 -2.549669678341858 -2.4851056240199894
0.2292624293367158 0.3351831820490898 0.36151460512505906 0.3531837594061087 0.3238770342876567 0.2804376244674134 0.23551056362592915 0.12378797193071422 0.02069375615869884 -0.06722641919665628 -0.12375715800382237 -0.2009662460062409 -0.2679105419620953 -0.3122425423950832 -0.32697028750537105 -0.35374800588771294 -0.4290231475625179 -0.44657742961316416 -0.3714510530404833 -0.2580920452219033 -0.26106734726438563 -0.2918617234040788 -0.3768065967169516 -0.6194424782813923 -1.039406361577785 -1.4260468619983746 -1.7156925158340375 -1.8489860473372497 -2.1204823587137698 -2.299595541671211 -2.294239997994743 -2.453418657267552 -2.584331947136778 -2.66778916942841 -2.686384807193925 -2.786354955821334 -2.846902352385851 -2.893317064248577 -2.934376232434834 -2.8053968888932213 -2.723873612929203 -2.6438379879864264
0.3732670481928646 0.44750083415280084 0.4460131831315599 0.49436184132189886 0.47383225722877054 0.3991521759624619 0.267792590786863 0.17645081808265317 0.05877762230247363 -0.05160608347362361 -0.11750902371460925 -0.20825573601032277 -0.2595796962431445 -0.3147715491311933 -0.4343786912389862 -0.4973063294374893 -0.4534206243108738 -0.3278628781181159 -0.18341196395559467 -0.35583071731745064 -0.5510105313042968 -0.6667497807568628 -0.6331288676768114 -0.6081363305199592 -0.7869519832731522 -0.9617509782689939 -1.045654495866998 -1.1643690473620465 -1.7204529991020094 -2.25913143389345 -2.4592204962503925 -2.4679976372757157 -2.5715381483541035 -2.677012605760105 -2.7176254786399903 -2.8196783386971367 -2.8524066611644434 -2.8586547954536563 -2.864010339130125 -2.8196783386971367 -2.6945668878107516 -2.5652900140648907
0.4381286327189815 0.5172716670490134 0.5499999895163201 0.563240083605367 0.5256025127679642 0.47531990825001147 0.4592532772206064 0.4376823374126091 0.3756472898268508 0.29263636284159134 0.2966530205989426 0.14863174398544254 0.025156709222422524 -0.11944297004222282 -0.21227239376767404 -0.2580920452219033 -0.3357474285306943 -0.3387227305731766 -0.4583298726809697 -0.6316412166555703 -0.7805550838818149 -0.8796326418964795 -0.9485108841799472 -1.0188767774846563 -1.0940031540573372 -1.1857912220679196 -1.1799893830850792 -1.2751990484445161 -1.7576442746330394 -2.257643782872209 -2.5086105101556004 -2.5109907517895866 -2.5774887524390686 -2.666747813713541 -2.7165841229251213 -2.7415766600819733 -2.79379321092754 -2.850919010143202 -2.8909368226145906 -2.8312820166628185 -2.7713296805067977 -2.6834095051514426
0.46654276722468824 0.5020976266323531 0.5256025127679642 0.5870424999452264 0.711112595116743 0.729708232882258 0.8390505829434867 0.7130465414443563 0.6535405005947079 0.6441682991608886 0.736105132273595 0.5211395597042405 0.1882032611504587 -0.01887776100631733 -0.16094843353485255 -0.2546704478730486 -0.3528554152749681 -0.499389040867227 -0.6170622366474063 -0.6750806264758136 -0.6624355927952632 -0.7253632309937663 -1.0524976905647077 -1.3367878007239022 -1.4134018283178245 -1.4754368759035827 -1.5051898963284067 -1.6057551053643122 -1.8596971346901863 -2.271330172267628 -2.4568402546164068 -2.541338832622907 -2.599357222451314 -2.6609459747307 -2.706319330878557 -2.761511183766606 -2.810901197671814 -2.86058874178127 -2.813727734612172 -2.7634451300942193 -2.7244686733376997 -2.6765663104537327
0.415218806991867 0.45092243150165556 0.5226272107254819 0.6344985675228205 0.7262866355334032 0.623787480169884 0.5861499093324816 0.43083914271489965 0.3347368867427174 0.3307202289853661 0.46252610946733697 0.3326541753129799 0.04122334025182761 -0.07987145287720665 -0.22194212540574187 -0.34794616690487223 -0.36743439528313204 -0.4797520473868431 -0.5154556718966321 -0.5554734843680205 -0.5725814711122943 -0.8094155136938945 -1.1624351010344327 -1.4324437613897119 -1.5789773869819705 -1.6453266225293284 -1.755710328305426 -1.8625236716305447 -2.0965311772717863 -2.2693962259400147 -2.4183100931662596 -2.517833946487296 -2.600398578166183 -2.6613922700370725 -2.700517491895716 -2.7728173315280387 -2.815661680939786 -2.8113474929781863 -2.7796605262257486 -2.7728173315280387 -2.7375600023246225 -2.6765663104537327
0.3801102428905745 0.3732670481928646 0.4347070353701268 0.5206932643978686 0.3756472898268508 0.2701728324208492 0.00953637349938985 -0.07496220450711055 -0.17017186986654798 -0.16734533292618958 -0.10679793636167267 -0.21271868907404645 -0.2551167431794208 -0.37487265038933804 -0.3879639793762606 -0.4172707044947124 -0.4367589328729722 -0.4476187853280331 -0.5026618731139576 -0.6462201966637342 -0.8718968565860252 -1.10962348978037 -1.3518130760384384 -1.4915035069329878 -1.6395247835464877 -1.7897775366918496 -1.9299142628927712 -2.0310745323371733 -2.127176788309355 -2.2987029510584662 -2.415334791123777 -2.5295863895551016 -2.611555960825492 -2.6663015184071686 -2.7204520155803484 -2.781594472553362 -2.8312820166628185 -2.8278604193139634 -2.787396311536203 -2.7820407678597343 -2.7478247943711867 -2.7702883247919288
0.2741894901782005 0.26734629548049105 0.25455249669781654 0.2453290603661209 0.09983679048873118 0.07886091108922999 -0.14964228577341943 -0.17954407130036754 -0.22878532010345154 -0.225810018060969 -0.3928732277463567 -0.5730277664186667 -0.6155745856261652 -0.6067974446008422 -0.548630289670311 -0.5344976049685195 -0.6213764246090059 -0.6320875119619427 -0.7161397946620709 -1.0227446701398835 -1.2493139206749193 -1.3733840158464359 -1.5242318294002941 -1.6194414947597315 -1.740982583195138 -1.8918303967489964 -2.0188757939629953 -2.113044103607564 -2.2092951246818697 -2.323100427806822 -2.4397322678721327 -2.549669678341858 -2.5980183365321974 -2.6526151290117497 -2.738601358039491 -2.761511183766606 -2.8113474929781863 -2.8582085001472843 -2.809859841956945 -2.8113474929781863 -2.865497990151366 -2.8879615205721083
