static/ASC_sea/1979/02/ERA5V/00.asc
ncols         201
nrows         201
xllcorner     105.0
yllcorner     0.0
cellsize      0.25
NODATA_value  -32767
[rows 171 to 189 of 201, columns 126 to 167 of 201]
-3.017833454726466 -3.0612728645467087 -3.086265401703561 -3.1140844758007717 -3.1224153215197226 -3.1247955631537083 -3.1136381804943993 -3.0954888380352568 -3.0779345559846103 -3.0612728645467087 -3.0417846361684493 -3.034495146164367 -3.053983374542627 -3.0452062335173036 -3.036875387798353 -3.0081637230883977 -2.991502031650496 -2.9793032932763186 -2.9583274138768174 -2.9358638834560753 -2.9134003530353327 -2.8992676683335414 -2.88260597689564 -2.877696728525544 -2.8665393458662347 -2.8524066611644434 -2.8396128623817694 -2.8402079227902655 -2.8357449697265418 -2.834257318705301 -2.830835721356446 -2.8132814393057997 -2.7995950499103808 -2.7878426068425752 -2.7809994121448653 -2.778172875204507 -2.773263626834411 -2.7653790764218327 -2.7551142843752685 -2.7415766600819733 -2.7234273176228307 -2.7170304182314937
-3.046693884538545 -3.088199348031175 -3.121820261111226 -3.1380356572427552 -3.14145725459161 -3.13208505315779 -3.1194400194772403 -3.100844381711725 -3.083736394967451 -3.085224045988692 -3.0745129586357556 -3.064694461895564 -3.0681160592444185 -3.0603802739339643 -3.0632068108743224 -3.040296985147208 -3.0276519514666576 -3.0144118573776106 -2.9876341389952694 -2.965170608574527 -2.9358638834560753 -2.923070084673401 -2.8948047152698178 -2.8836473326105088 -2.8620763928025115 -2.82592647298635 -2.8128351439994272 -2.805991949301718 -2.8045042982804764 -2.813727734612172 -2.8117937882845583 -2.8019752915443665 -2.803462942565608 -2.7942395062339123 -2.79379321092754 -2.7908179088850575 -2.7897765531701886 -2.7824870631661067 -2.7673130227494465 -2.7463371433499453 -2.725807559256817 -2.7122699349635218
-3.057851267197854 -3.0989104353841115 -3.1297048115238044 -3.142796140510727 -3.147705388880823 -3.1335727041790316 -3.1194400194772403 -3.101885737426594 -3.095935133341629 -3.095935133341629 -3.0969764890564977 -3.086265401703561 -3.080909858027093 -3.0779345559846103 -3.0779345559846103 -3.0603802739339643 -3.0471401798449174 -3.0139655620712387 -2.987039078586773 -2.961749011225672 -2.9314009303923516 -2.916821950384188 -2.890490527308218 -2.8768041379127993 -2.850323949734706 -2.8143227950206686 -2.780106821532121 -2.7722222711195426 -2.7634451300942193 -2.765974136830329 -2.774156217447156 -2.780553116838493 -2.7835284188809757 -2.786354955821334 -2.785016069902217 -2.7835284188809757 -2.7824870631661067 -2.770734620098301 -2.7537753984561517 -2.734733465384264 -2.7131625255762666 -2.6994761361808477
-3.056512381278737 -3.098464140077739 -3.116018422128385 -3.138481952549127 -3.140415898876741 -3.1316387578514178 -3.118993724170868 -3.1140844758007717 -3.1081338717158067 -3.107241281103062 -3.1081338717158067 -3.0989104353841115 -3.0989104353841115 -3.0916209453800296 -3.0768932002697413 -3.058892622912723 -3.0379167435132217 -3.004742125739543 -2.969038501229754 -2.9416657224389158 -2.909978755686478 -2.8890028762869773 -2.865051694844994 -2.8402079227902655 -2.8181906876758958 -2.796619747867898 -2.7625525394814745 -2.7497587406988 -2.738601358039491 -2.7317581633417816 -2.748271089677559 -2.7610648884602336 -2.7664204321367016 -2.77177597581317 -2.7728173315280387 -2.770734620098301 -2.754667989068896 -2.740535304367105 -2.720005720273976 -2.7054267402658123 -2.689211344134283 -2.6872773978066693
-3.069157414959287 -3.092513535992774 -3.1038196837542076 -3.135060355200273 -3.1237542074388394 -3.1258369188685773 -3.118993724170868 -3.114530771107144 -3.120481375192109 -3.124349267847336 -3.117952368455999 -3.10679498579669 -3.092513535992774 -3.0642481665891914 -3.0510080725001445 -3.0359827971856084 -3.015899508398852 -2.9919483269568685 -2.9583274138768174 -2.9226237893670284 -2.8948047152698178 -2.857762204840912 -2.826967828701219 -2.79379321092754 -2.776238928876894 -2.7576432911113784 -2.7537753984561517 -2.7488661500860556 -2.7463371433499453 -2.7448494923287043 -2.75913094213262 -2.7649327811154603 -2.774156217447156 -2.77177597581317 -2.774156217447156 -2.7600235327453646 -2.740535304367105 -2.7170304182314937 -2.6936742971980068 -2.677012605760105 -2.677012605760105 -2.6857897467854284
-3.0359827971856084 -3.0608265692403362 -3.0681160592444185 -3.0989104353841115 -3.0931085964012706 -3.1061999253881933 -3.1081338717158067 -3.120927670498481 -3.127770865196191 -3.1198863147836127 -3.109621522737048 -3.086265401703561 -3.0632068108743224 -3.036429092491981 -3.0227427030965615 -3.005634716352288 -2.992543387365365 -2.970079856944623 -2.945533615094143 -2.9153342993629465 -2.8845399232232536 -2.830835721356446 -2.7952808619487812 -2.7809994121448653 -2.779065465817252 -2.7756438684683973 -2.775197573162025 -2.781594472553362 -2.774156217447156 -2.7820407678597343 -2.792305559906299 -2.800041345216753 -2.8068845399144626 -2.7942395062339123 -2.7771315194896387 -2.7576432911113784 -2.728336565992927 -2.708848337614667 -2.6932280018916344 -2.6686817600411543 -2.662879921058314 -2.669276820449651
-3.052495723521386 -3.067669763938046 -3.08224874394621 -3.1027783280393386 -3.120927670498481 -3.120481375192109 -3.1252418584600807 -3.1433912009192237 -3.147705388880823 -3.135060355200273 -3.114530771107144 -3.077488260678238 -3.0452062335173036 -3.0090563137011426 -2.9743940449062225 -2.9656169038808993 -2.970079856944623 -2.963682957553286 -2.9427070781537847 -2.9163756550778155 -2.8772504332191717 -2.8532992517771882 -2.82592647298635 -2.7878426068425752 -2.778172875204507 -2.780106821532121 -2.790371613578685 -2.8068845399144626 -2.8205709293098815 -2.8357449697265418 -2.8489850638155887 -2.8582085001472843 -2.849431359121961 -2.8425881644242517 -2.8196783386971367 -2.779065465817252 -2.738601358039491 -2.7176254786399903 -2.7082532772061705 -2.7122699349635218 -2.7058730355721847 -2.711674874555025
-3.0408920455557045 -3.057404971891482 -3.098464140077739 -3.111555469064662 -3.138481952549127 -3.1419035498979824 -3.145325147246837 -3.140415898876741 -3.126729509481322 -3.111555469064662 -3.086265401703561 -3.057404971891482 -3.0203624614625757 -2.9904606759356276 -2.9769230516423324 -2.963682957553286 -2.951484219179108 -2.9435996687665296 -2.9427070781537847 -2.945533615094143 -2.9255990914095107 -2.8894491715933492 -2.8620763928025115 -2.8479437081007197 -2.839166567075397 -2.837232620747783 -2.837232620747783 -2.8415468087093827 -2.848390003407092 -2.8586547954536563 -2.866985641172607 -2.8796306748531575 -2.8708535338278347 -2.862522688108884 -2.8367863254414107 -2.804058002974104 -2.7771315194896387 -2.75913094213262 -2.7493124453924276 -2.7473784990648142 -2.7317581633417816 -2.7356260559970087
-3.099356730690484 -3.130597402136549 -3.163920785012352 -3.192632449722307 -3.2058725438113544 -3.177012113999275 -3.1731442213440477 -3.15410228827216 -3.1346140598939005 -3.1038196837542076 -3.0661821129168048 -3.051603132908641 -3.0173871594200934 -2.9793032932763186 -2.9480626218302532 -2.9367564740688197 -2.9416657224389158 -2.9480626218302532 -2.960707655510803 -2.961749011225672 -2.9720138032722367 -2.9602613602044308 -2.9348225277412063 -2.910871346299223 -2.8845399232232536 -2.866985641172607 -2.8674319364789795 -2.8723411848490756 -2.8782917889340407 -2.8879615205721083 -2.8967386615974315 -2.8943584199634453 -2.883052272202012 -2.871448594236331 -2.8596961511685253 -2.8367863254414107 -2.809859841956945 -2.785016069902217 -2.785016069902217 -2.7897765531701886 -2.8094135466505725 -2.809859841956945
-3.0920672406864016 -3.1389282478554996 -3.179987416041757 -3.225360772189614 -3.214203389530305 -3.1906985033946937 -3.16927632868882 -3.146812798268078 -3.117059777843254 -3.087157992316306 -3.076000609656997 -3.061867924955205 -3.0237840588114304 -3.0026594143098055 -2.970079856944623 -2.9592200044895622 -2.9534181655067213 -2.9441947291750257 -2.9544595212215903 -2.9782619375614496 -2.9836174812379177 -2.9807909442975595 -2.978856997969946 -2.963682957553286 -2.95877370918319 -2.9388391854985576 -2.921136138345787 -2.9187558967118012 -2.9080448093588647 -2.9089373999716095 -2.9202435477330426 -2.9070034536439957 -2.8918294132273354 -2.872787480155448 -2.861630097496139 -2.8532992517771882 -2.8312820166628185 -2.8205709293098815 -2.818636982982268 -2.808372190935704 -2.837232620747783 -2.840654218096638
-3.094596247422512 -3.1369943015278863 -3.1843016040033567 -3.214203389530305 -3.188318261760708 -3.170168919301565 -3.146812798268078 -3.1297048115238044 -3.1003980864053524 -3.0661821129168048 -3.051603132908641 -3.045652528823676 -3.025718005139044 -3.015006917786107 -2.988526729608014 -2.97394774959985 -2.9538644608130937 -2.9450873197877705 -2.9557984071407075 -2.974840340212595 -2.979749588582691 -2.9705261522509954 -2.97141874286374 -2.963682957553286 -2.9598150648980583 -2.955352111834335 -2.9388391854985576 -2.9275330377371245 -2.913846648341705 -2.9031355609887686 -2.9089373999716095 -2.905069507316382 -2.891383117920963 -2.8748701915851855 -2.8571671444324154 -2.848390003407092 -2.8440758154454926 -2.8347036140116733 -2.8411005134030103 -2.843480755036996 -2.86058874178127 -2.871448594236331
-3.0755543143506245 -3.0931085964012706 -3.1355066505066453 -3.142796140510727 -3.1316387578514178 -3.1140844758007717 -3.093554891707643 -3.076000609656997 -3.045652528823676 -3.0115853204372525 -2.998345226348206 -2.9919483269568685 -2.9938822732844823 -2.992543387365365 -2.981237239603932 -2.9724600985786087 -2.9523768097918524 -2.9407731318261714 -2.9510379238727356 -2.949550272851494 -2.956839762855576 -2.9412194271325434 -2.9363101787624473 -2.928574393451993 -2.9192021920181737 -2.9153342993629465 -2.9089373999716095 -2.8973337220059276 -2.8748701915851855 -2.865497990151366 -2.8479437081007197 -2.855233198104802 -2.843480755036996 -2.8430344597306236 -2.826967828701219 -2.8347036140116733 -2.8312820166628185 -2.837232620747783 -2.843480755036996 -2.8513653054495744 -2.8479437081007197 -2.862522688108884
-3.0315198441218847 -3.0447599382109316 -3.0657358176104323 -3.058892622912723 -3.0652895223040604 -3.055471025563868 -3.039404394534463 -3.0212550520753205 -2.9904606759356276 -2.95877370918319 -2.9470212661153843 -2.938244125090061 -2.944641024481398 -2.9489552124429976 -2.9598150648980583 -2.951484219179108 -2.9461286755026395 -2.934376232434834 -2.9363101787624473 -2.930508339779607 -2.9177145409969323 -2.8948047152698178 -2.884093627916881 -2.868026996887476 -2.857762204840912 -2.850919010143202 -2.844522110751865 -2.8440758154454926 -2.821165989718378 -2.8117937882845583 -2.779065465817252 -2.785016069902217 -2.780106821532121 -2.783974714187348 -2.7918592645999265 -2.7995950499103808 -2.8143227950206686 -2.8254801776799776 -2.8289017750288323 -2.830835721356446 -2.823099936045992 -2.8299431307437013
-2.9978989310418336 -2.999832877369447 -3.016940864113721 -2.994477333692979 -3.0100976694160115 -3.007122367373529 -3.0184285151349624 -2.994477333692979 -2.975435400621091 -2.943153373460157 -2.929466984064738 -2.921136138345787 -2.9251527961031387 -2.93928548080493 -2.9397317761113024 -2.93928548080493 -2.9377978297836886 -2.930508339779607 -2.9324422861072206 -2.908491104665237 -2.875316486891558 -2.843480755036996 -2.826967828701219 -2.8053968888932213 -2.8053968888932213 -2.796619747867898 -2.7931981505190433 -2.7952808619487812 -2.7869500162298304 -2.7766852241832662 -2.7473784990648142 -2.7375600023246225 -2.7375600023246225 -2.7439569017159595 -2.7527340427412827 -2.773263626834411 -2.786354955821334 -2.801528996237994 -2.808818486242076 -2.80643824460809 -2.8113474929781863 -2.8053968888932213
-2.9241114403882698 -2.9153342993629465 -2.9187558967118012 -2.910871346299223 -2.9485089171366257 -2.947616326523881 -2.945533615094143 -2.940178071417675 -2.938244125090061 -2.9412194271325434 -2.926045386715883 -2.9523768097918524 -2.9485089171366257 -2.975435400621091 -2.960707655510803 -2.965170608574527 -2.9645755481660303 -2.9534181655067213 -2.9187558967118012 -2.866985641172607 -2.8216122850247505 -2.804950593586849 -2.790371613578685 -2.7747512778556525 -2.7796605262257486 -2.7820407678597343 -2.7796605262257486 -2.7728173315280387 -2.7634451300942193 -2.7561556400901375 -2.7420229553883457 -2.711228579248653 -2.7092946329210394 -2.7131625255762666 -2.72193966660159 -2.7503538011072965 -2.7702883247919288 -2.781594472553362 -2.7918592645999265 -2.7737099221407835 -2.7775778147960106 -2.770734620098301
-2.8836473326105088 -2.893317064248577 -2.8948047152698178 -2.877696728525544 -2.880225735261654 -2.8879615205721083 -2.902689265682396 -2.9055158026227543 -2.912358997320464 -2.9226237893670284 -2.934376232434834 -2.9724600985786087 -2.9735014542934777 -3.0135192667648663 -3.0026594143098055 -2.991502031650496 -2.9671045549021406 -2.947616326523881 -2.9264916820222555 -2.871448594236331 -2.8239925266587367 -2.7576432911113784 -2.723873612929203 -2.729824217014168 -2.734733465384264 -2.740535304367105 -2.7317581633417816 -2.7150964719038804 -2.7156915323123765 -2.7268489149716855 -2.7390476533458634 -2.743510606409587 -2.750800096413669 -2.7527340427412827 -2.7439569017159595 -2.7420229553883457 -2.748271089677559 -2.755709344783765 -2.7809994121448653 -2.783974714187348 -2.786354955821334 -2.7844210094937205
-2.836191265032914 -2.827414124007591 -2.8278604193139634 -2.8387202717690245 -2.8479437081007197 -2.8357449697265418 -2.831877077071315 -2.8357449697265418 -2.86058874178127 -2.8958460709846867 -2.9299132793711102 -2.967997145514885 -3.0261643004454166 -3.052495723521386 -3.023188998402934 -3.0144118573776106 -2.9865927832804005 -2.945533615094143 -2.896292366291059 -2.8254801776799776 -2.786354955821334 -2.759577237438992 -2.7497587406988 -2.723873612929203 -2.707360686593426 -2.708848337614667 -2.7058730355721847 -2.6936742971980068 -2.6883187535215383 -2.696649599240489 -2.698583545568103 -2.723873612929203 -2.7278902706865544 -2.740981599673477 -2.7473784990648142 -2.7503538011072965 -2.750800096413669 -2.7493124453924276 -2.7503538011072965 -2.760618593153861 -2.7576432911113784 -2.7375600023246225
-2.861630097496139 -2.8635640438237524 -2.88260597689564 -2.861630097496139 -2.8708535338278347 -2.8693658828065933 -2.8586547954536563 -2.8537455470835607 -2.8693658828065933 -2.900755319354783 -2.945533615094143 -2.99596498471422 -3.036429092491981 -3.056512381278737 -3.0471401798449174 -3.00861001839477 -2.9592200044895622 -2.918309601405429 -2.8890028762869773 -2.8524066611644434 -2.8143227950206686 -2.7649327811154603 -2.7478247943711867 -2.723873612929203 -2.7214933712952174 -2.7048316798573158 -2.6932280018916344 -2.68296320984507 -2.669276820449651 -2.6712107667772647 -2.6609459747307 -2.679541612496215 -2.7020051429169576 -2.7185180692527346 -2.7223859619079622 -2.720005720273976 -2.719113129661231 -2.7223859619079622 -2.724914968644072 -2.7326507539545264 -2.733692109669395 -2.73711370701825
-2.8674319364789795 -2.871448594236331 -2.8855812789381226 -2.8768041379127993 -2.8772504332191717 -2.877696728525544 -2.8659442854577386 -2.856720849126043 -2.8635640438237524 -2.8973337220059276 -2.956393467549204 -3.0129242063563697 -3.039404394534463 -3.02809824677303 -3.0251229447305477 -2.998791521654578 -2.9613027159192997 -2.9290206887583654 -2.892424473635832 -2.854340607492057 -2.8143227950206686 -2.781594472553362 -2.7952808619487812 -2.7835284188809757 -2.7702883247919288 -2.7473784990648142 -2.7223859619079622 -2.712716230269894 -2.69560824352562 -2.692632941483138 -2.6613922700370725 -2.648747236356522 -2.6551441357478596 -2.6613922700370725 -2.6735910084112504 -2.6921866461767654 -2.696649599240489 -2.6746323641261194 -2.66778916942841 -2.662879921058314 -2.6643675720795548 -2.6599046190158315
