static/ASC_sea/1979/02/ERA5V/00.asc
ncols         201
nrows         201
xllcorner     105.0
yllcorner     0.0
cellsize      0.25
NODATA_value  -32767
[rows 171 to 189 of 201, columns 84 to 125 of 201]
-0.694122559547701 -0.9523787768351744 -3.034048850857995 -4.882604009852319 -5.622859158021942 -4.93392797008514 -4.455350636551843 -4.297659628300275 -4.121819277589565 -3.9202425642113816 -3.761956495551317 -3.6570770985538124 -3.5340483590971643 -3.3948042235089875 -3.3250333906127745 -3.299148262843178 -3.205426248504982 -3.136548006221514 -3.083290099661079 -3.0725790123081422 -3.050561777193772 -2.9993865820630745 -2.985105132259159 -2.9572860581619484 -2.931995990800848 -2.9001602589462863 -2.8796306748531575 -2.9104250509928504 -2.890490527308218 -2.879184379546785 -2.855828258513298 -2.8498776544283335 -2.8387202717690245 -2.8303894260500737 -2.839166567075397 -2.8571671444324154 -2.8449684060582374 -2.868919587500221 -2.896292366291059 -2.9251527961031387 -2.9499965681578666 -2.979749588582691
-0.25615809889428975 -0.865499957194688 -4.310899722389323 -6.010094718851029 -5.741573709516991 -5.048625863822837 -4.6301496315476856 -4.424109965105778 -4.233244339080532 -3.9735004707718167 -3.8021230731248297 -3.706764642663268 -3.5638013795219887 -3.447020774354554 -3.379183887785955 -3.335298182659339 -3.25228725567408 -3.197095402786031 -3.134018999485404 -3.1224153215197226 -3.0661821129168048 -3.0139655620712387 -2.9735014542934777 -2.945533615094143 -2.9114664067077194 -2.8787380842404127 -2.8733825405639446 -2.8757627821979304 -2.8513653054495744 -2.854340607492057 -2.8425881644242517 -2.843480755036996 -2.830835721356446 -2.805991949301718 -2.8177443923695233 -2.8265215333948466 -2.8327696676840595 -2.8460097617731064 -2.8864738695508674 -2.9177145409969323 -2.9666582595957682 -2.998345226348206
-1.0272076232036071 -1.9816845184319654 -5.124793596110386 -6.053087833364899 -5.794682850975302 -5.184299636960034 -4.764930814072139 -4.521848637201325 -4.322057105048632 -3.9938812897628213 -3.8592488723404923 -3.73860037451783 -3.5652890305432297 -3.448508425375795 -3.3738283441094863 -3.327859927553133 -3.2790649740564213 -3.2048311880964855 -3.174631872365289 -3.1380356572427552 -3.0608265692403362 -3.0139655620712387 -2.972906393884981 -2.9397317761113024 -2.906110863031251 -2.8733825405639446 -2.8684732921938485 -2.8547869027984296 -2.840654218096638 -2.837232620747783 -2.8352986744201694 -2.8357449697265418 -2.817149331961027 -2.7931981505190433 -2.7981073988891394 -2.7946858015402847 -2.8244388219651086 -2.8352986744201694 -2.8845399232232536 -2.9275330377371245 -2.974840340212595 -3.0100976694160115
-2.536429584252811 -3.6819208706085402 -5.384537464419101 -6.16971967343021 -5.782037817294752 -5.171208307973112 -4.852850989427494 -4.6301496315476856 -4.324437346682617 -4.018873826919673 -3.9050685237947214 -3.7214923877735564 -3.556958184824279 -3.4480621300694225 -3.3738283441094863 -3.304503806519646 -3.265973645069499 -3.1755244629780335 -3.1741855770589167 -3.1047122743669524 -3.027205656160285 -2.9895680853228828 -2.95877370918319 -2.9255990914095107 -2.8973337220059276 -2.8646053995386214 -2.862522688108884 -2.8537455470835607 -2.8479437081007197 -2.8430344597306236 -2.8396128623817694 -2.8278604193139634 -2.8094135466505725 -2.7884376672510713 -2.7927518552126713 -2.797661103582767 -2.8225048756374953 -2.8415468087093827 -2.8958460709846867 -2.93928548080493 -2.9910557363441237 -3.0261643004454166
-3.73607136778172 -4.686382840150603 -5.81521243506843 -5.893909174092091 -5.5475840163471375 -5.161984871641417 -4.866537378822914 -4.646811322985586 -4.256600460114019 -4.071090377765239 -3.889894483378061 -3.700070213067683 -3.5402964933863776 -3.426044894955053 -3.3582080083864536 -3.298106907128309 -3.2088478458538363 -3.138481952549127 -3.1175060731496265 -3.031966139428257 -2.9904606759356276 -2.9427070781537847 -2.9192021920181737 -2.8958460709846867 -2.865051694844994 -2.8582085001472843 -2.8635640438237524 -2.8601424464748977 -2.8460097617731064 -2.86058874178127 -2.856720849126043 -2.8411005134030103 -2.8278604193139634 -2.804950593586849 -2.8094135466505725 -2.8402079227902655 -2.844522110751865 -2.8738288358703166 -2.9134003530353327 -2.9485089171366257 -3.00861001839477 -3.0422309314748213
-4.805394921849899 -5.245442093933049 -5.711671923990043 -5.71806882338138 -5.403133102184617 -5.066626441179855 -4.800039378173431 -4.536873912515862 -4.242021480105855 -4.123306928610806 -3.8582075166256233 -3.7131615420546056 -3.539403902773633 -3.430954143325149 -3.3620759010416807 -3.2668662356822438 -3.1496393352084366 -3.1091752274306756 -3.0501154818873997 -2.9876341389952694 -2.956393467549204 -2.8939121246570734 -2.8757627821979304 -2.8498776544283335 -2.82592647298635 -2.8430344597306236 -2.8479437081007197 -2.8693658828065933 -2.8532992517771882 -2.852852956470816 -2.8352986744201694 -2.8239925266587367 -2.8235462313523643 -2.8396128623817694 -2.846456057079479 -2.865051694844994 -2.864010339130125 -2.9104250509928504 -2.9348225277412063 -2.961749011225672 -2.9891217900165103 -3.0124779110499973
-5.609172768626523 -5.6326776547621344 -5.708845387049684 -5.4422583240432605 -5.162431166947789 -4.93392797008514 -4.695606276482298 -4.453862985530602 -4.207805506617307 -4.040891062034044 -3.861629113974478 -3.6707634879492312 -3.492989190910907 -3.405515310861924 -3.3113470012173556 -3.1932275101308036 -3.1224153215197226 -3.039404394534463 -3.0109902600287564 -2.9685922059233816 -2.907449748950368 -2.8738288358703166 -2.839166567075397 -2.7981073988891394 -2.7957271572551536 -2.8440758154454926 -2.8312820166628185 -2.850323949734706 -2.8205709293098815 -2.8190832782886406 -2.8278604193139634 -2.8367863254414107 -2.846902352385851 -2.8635640438237524 -2.8870689299593635 -2.8992676683335414 -2.9275330377371245 -2.9339299371284615 -2.9407731318261714 -2.9592200044895622 -2.9876341389952694 -3.0227427030965615
-5.549666727776875 -5.526608136947637 -5.457283599357796 -5.219110670857079 -4.961300748875978 -4.719557457924282 -4.487632663712778 -4.309858366674454 -4.149638351686775 -3.9690375177080934 -3.8040570194524435 -3.60575313832099 -3.485104640498329 -3.3973332302450974 -3.2707341283374705 -3.1506806909233056 -3.1102165831455446 -3.036875387798353 -3.036875387798353 -2.9314009303923516 -2.891383117920963 -2.855828258513298 -2.813727734612172 -2.7995950499103808 -2.8128351439994272 -2.8205709293098815 -2.8376789160541556 -2.8225048756374953 -2.7931981505190433 -2.814769090327041 -2.8167030366546544 -2.843480755036996 -2.8782917889340407 -2.9016479099675276 -2.9202435477330426 -2.9001602589462863 -2.923070084673401 -2.9324422861072206 -2.950442863464239 -2.956393467549204 -2.9816835349103044 -3.0173871594200934
-5.431993531996696 -5.4133978942311805 -5.134017032442082 -4.923216882732203 -4.71911116261791 -4.52274122781407 -4.350917534860711 -4.1468118147464175 -3.9968565918053036 -3.8509180266215415 -3.6427956487498965 -3.5359823054247776 -3.419201700257343 -3.3025698601920324 -3.192186154415935 -3.1224153215197226 -3.06276051556795 -3.0486278308661587 -3.003254474718302 -2.9134003530353327 -2.9163756550778155 -2.8787380842404127 -2.8562745538196705 -2.8449684060582374 -2.830835721356446 -2.823099936045992 -2.8190832782886406 -2.7809994121448653 -2.7957271572551536 -2.839166567075397 -2.8479437081007197 -2.8787380842404127 -2.9129540577289603 -2.9358638834560753 -2.9510379238727356 -2.950442863464239 -2.9694847965361264 -2.9685922059233816 -2.9724600985786087 -2.9846588369527867 -3.022296407790189 -3.06276051556795
-5.142942938569529 -5.013517299721544 -4.843627553095798 -4.723425350579509 -4.51009619413352 -4.309858366674454 -4.136547022699853 -4.01009668589435 -3.851364321927914 -3.7014090989868 -3.5379162517523914 -3.4255985996486804 -3.3440753236846623 -3.235179268929806 -3.1521683419445465 -3.0856703412950646 -3.044164877802435 -3.0417846361684493 -2.952971870200349 -2.945533615094143 -2.91979725242667 -2.914888004056574 -2.8879615205721083 -2.8415468087093827 -2.8143227950206686 -2.82845547972246 -2.7972148082763946 -2.7972148082763946 -2.8293480703352047 -2.8402079227902655 -2.854340607492057 -2.86996094321509 -2.8973337220059276 -2.9314009303923516 -2.95877370918319 -2.978856997969946 -3.00861001839477 -3.024230354117803 -3.0163458037052244 -3.015899508398852 -3.044164877802435 -3.0623142202615776
-4.891827446184013 -4.806882572871141 -4.710780316898958 -4.445085844505279 -4.330387950767582 -4.151721063116513 -4.002212135481772 -3.8562735702980095 -3.722533743488425 -3.534940949709909 -3.4211356465849567 -3.2897760614093583 -3.2210465842280147 -3.136548006221514 -3.0535370792362544 -3.020808756768948 -2.991502031650496 -2.965170608574527 -2.8864738695508674 -2.9217311987542836 -2.9187558967118012 -2.9187558967118012 -2.8894491715933492 -2.8440758154454926 -2.8299431307437013 -2.823099936045992 -2.798702459297636 -2.807479600322959 -2.826967828701219 -2.825033882373605 -2.8338110233989284 -2.831877077071315 -2.8596961511685253 -2.9114664067077194 -2.934376232434834 -2.980344648991187 -3.007122367373529 -3.036429092491981 -3.036875387798353 -3.0374704482068493 -3.045652528823676 -3.063801871282819
-4.657968705644896 -4.684300128720865 -4.432440810824729 -3.5124774192891666 -3.4377973380228584 -4.082396525526673 -3.952375826270192 -3.7180707904247017 -3.6061994336273626 -3.3962918745302284 -3.3177439006086926 -3.183409013390612 -3.10679498579669 -3.022296407790189 -2.977369346948705 -2.947616326523881 -2.908491104665237 -2.877696728525544 -2.8547869027984296 -2.881713386282895 -2.892424473635832 -2.8894491715933492 -2.8596961511685253 -2.851811600755947 -2.8402079227902655 -2.8068845399144626 -2.813727734612172 -2.783974714187348 -2.7942395062339123 -2.7946858015402847 -2.80643824460809 -2.80643824460809 -2.8216122850247505 -2.8693658828065933 -2.884093627916881 -2.935417588149703 -2.963682957553286 -3.002213119003433 -3.007568662679901 -3.031966139428257 -3.0398506898408355 -3.0452062335173036
-4.44077165654368 -4.460259884921939 -3.9583264303551564 -2.956839762855576 -3.301528504477164 -3.9461276919809785 -3.844074831923832 -3.5803143058577658 -3.48227810355797 -3.289329766102986 -3.2101867317729536 -3.095935133341629 -3.0115853204372525 -2.930954635085979 -2.8855812789381226 -2.8708535338278347 -2.825033882373605 -2.823099936045992 -2.8239925266587367 -2.838125211360528 -2.831877077071315 -2.8216122850247505 -2.8094135466505725 -2.801528996237994 -2.7888839625574438 -2.7493124453924276 -2.783974714187348 -2.7415766600819733 -2.774156217447156 -2.7693957341791844 -2.785016069902217 -2.805991949301718 -2.821165989718378 -2.8293480703352047 -2.8425881644242517 -2.868919587500221 -2.8982263126186725 -2.93928548080493 -2.957881118570445 -2.9891217900165103 -3.00861001839477 -3.0139655620712387
-4.2429140707186 -4.12524087493842 -3.7058720520505237 -3.434375740674003 -3.7415756765603128 -3.8445211272302044 -3.663920293251522 -3.4621948147712143 -3.347496921033517 -3.200963295441258 -3.114977066413516 -3.0124779110499973 -2.940178071417675 -2.8674319364789795 -2.808372190935704 -2.7869500162298304 -2.7664204321367016 -2.7786191705108796 -2.7503538011072965 -2.790371613578685 -2.7527340427412827 -2.738601358039491 -2.73711370701825 -2.7268489149716855 -2.7033440288360744 -2.684302095764187 -2.6960545388319925 -2.7142038812911355 -2.7713296805067977 -2.7542216937625237 -2.7897765531701886 -2.802570351952863 -2.7946858015402847 -2.804058002974104 -2.831877077071315 -2.834257318705301 -2.855828258513298 -2.8806720305680265 -2.9065571583376233 -2.9416657224389158 -2.9641292528596583 -2.980344648991187
-4.0115843369155915 -3.8391655835537355 -3.662878937536653 -3.671656078561976 -3.745889864521912 -3.679986924280927 -3.5041465735702158 -3.4035813645343103 -3.242468758933888 -3.136101710915142 -3.0661821129168048 -3.0090563137011426 -2.934376232434834 -2.86996094321509 -2.7991487546040084 -2.740535304367105 -2.723873612929203 -2.729824217014168 -2.6857897467854284 -2.7287828612992993 -2.6701694110623957 -2.6526151290117497 -2.6491935316628945 -2.6365484979823446 -2.6258374106294076 -2.6355071422674756 -2.6477058806416536 -2.707806981899798 -2.7150964719038804 -2.7195594249676036 -2.757196995805006 -2.7561556400901375 -2.7448494923287043 -2.762998834787847 -2.7786191705108796 -2.8387202717690245 -2.8620763928025115 -2.8479437081007197 -2.8571671444324154 -2.880225735261654 -2.8977800173123 -2.9163756550778155
-3.932441302585559 -3.7600225492237036 -3.6164642256739272 -3.585223554227862 -3.594000695253185 -3.573024815853684 -3.4690380094689237 -3.28442051773289 -3.147705388880823 -3.069157414959287 -2.9735014542934777 -2.935417588149703 -2.898672607925045 -2.8582085001472843 -2.817149331961027 -2.7576432911113784 -2.6761200151473608 -2.6521688337053773 -2.654549075339363 -2.6023325244937965 -2.614084967561602 -2.614977558174347 -2.61363867225523 -2.6096220144978783 -2.5959356251024595 -2.586712188770764 -2.620928162259312 -2.6639212767731824 -2.6575243773818453 -2.675078659432492 -2.681475558823829 -2.7150964719038804 -2.765974136830329 -2.800041345216753 -2.8162567413482824 -2.8601424464748977 -2.8254801776799776 -2.8402079227902655 -2.854340607492057 -2.8787380842404127 -2.883052272202012 -2.8772504332191717
-3.749311461870767 -3.627175313026864 -3.6335722124182013 -3.6316382660905875 -3.6008438899508945 -3.487038586825942 -3.3269673369403883 -3.222980530555628 -3.1990293491136446 -3.027205656160285 -2.99343597797811 -2.977369346948705 -2.9641292528596583 -2.905069507316382 -2.8299431307437013 -2.785462365208589 -2.761511183766606 -2.6823681494365736 -2.674186068819747 -2.6305978938973795 -2.6468132900289087 -2.5999522828598107 -2.569157906720118 -2.566628899984008 -2.580315289379427 -2.6164652091955882 -2.6521688337053773 -2.6130436118467335 -2.6072417728638926 -2.6130436118467335 -2.657078082075473 -2.7156915323123765 -2.7439569017159595 -2.7600235327453646 -2.8103061372633173 -2.831877077071315 -2.845563466466734 -2.874275131176689 -2.8498776544283335 -2.862522688108884 -2.8586547954536563 -2.8430344597306236
-3.660944991209039 -3.640861702422283 -3.571537164832443 -3.550561285432942 -3.497898439281003 -3.4050690155555516 -3.3396123706209386 -3.293197658758213 -3.03062725350914 -2.843480755036996 -2.785462365208589 -2.810901197671814 -2.865051694844994 -2.9226237893670284 -2.8733825405639446 -2.814769090327041 -2.7946858015402847 -2.7292291566056717 -2.6917403508703934 -2.6712107667772647 -2.630151598591007 -2.607688068170265 -2.5896874908132466 -2.577935047745441 -2.5749597457029583 -2.6008448734725556 -2.5950430344897146 -2.6023325244937965 -2.6106633702127473 -2.610217074906375 -2.6521688337053773 -2.6868311025002973 -2.7176254786399903 -2.7542216937625237 -2.786354955821334 -2.8045042982804764 -2.8582085001472843 -2.8704072385214623 -2.9031355609887686 -2.8948047152698178 -2.861630097496139 -2.8479437081007197
-3.569156923198457 -3.6053068430146182 -3.555470533803038 -3.5530902921690517 -3.491501539889666 -3.4080443175980344 -3.346009270012276 -3.233245322602192 -3.0867116970099335 -3.0593389182190953 -2.5105444564832142 -2.6994761361808477 -2.9241114403882698 -2.9544595212215903 -2.9020942052738996 -2.8601424464748977 -2.814769090327041 -2.798702459297636 -2.7092946329210394 -2.6761200151473608 -2.6297053032846347 -2.580315289379427 -2.542231423235652 -2.518875302202165 -2.530032684861474 -2.5408925373165347 -2.5334542822103288 -2.55443016160983 -2.5603807656947946 -2.5871584840771362 -2.5911751418344875 -2.611555960825492 -2.633573195939862 -2.675078659432492 -2.721047075988845 -2.785016069902217 -2.8430344597306236 -2.8498776544283335 -2.8665393458662347 -2.8402079227902655 -2.8312820166628185 -2.856720849126043
