static/ASC_sea/1979/10/ERA5V/00.asc
ncols         201
nrows         201
xllcorner     105.0
yllcorner     0.0
cellsize      0.25
NODATA_value  -32767
[rows 95 to 113 of 201, columns 86 to 128 of 201]
-6.212368267934751 -6.13189920797641 -6.059609695321527 -5.956149475375087 -5.81112831237324 -5.6411263697689416 -5.500084445995805 -5.366337794141968 -5.210042119992112 -5.001574198176957 -4.804822925201892 -4.593702177234265 -4.407341140023051 -4.2486137085667615 -4.121720190940145 -4.033734790216465 -3.980457198320969 -3.8838501126017513 -3.7945382988018337 -3.7335232972949592 -3.6822353250138184 -3.638684762344057 -3.57479586583867 -3.553794325464927 -3.471335645892231 -3.3667700817155946 -3.262646655231037 -3.1671449137420167 -3.0782752376341778 -3.01858664920354 -2.9288326977115435 -2.825151408919065 -2.6772563509187064 -2.4389441348882333 -2.1011509381400297 -1.761368121777472 -1.354159307372897 -0.9146744414465702 -0.529351442799896 -0.24704652640758207 -0.06554900380923456 0.08389353611339967 0.21918766988951255
-6.258792725603025 -6.171470531417462 -6.083042993001703 -5.967866124215175 -5.807149073144531 -5.648421641688242 -5.487925659463638 -5.332072123005861 -5.145490016948607 -4.910272764762685 -4.702689118331689 -4.514117392660081 -4.323777116220157 -4.156870137460411 -4.021576003684298 -3.9262953310413162 -3.896008899133918 -3.8325621403206105 -3.79586471187807 -3.7514298738241507 -3.708542517692507 -3.6817931873217398 -3.6373583492678203 -3.57479586583867 -3.490789704343698 -3.4092153001551595 -3.3214509682775177 -3.2164432664088025 -3.1280157279930427 -3.02941902265947 -2.9102629146442336 -2.8056973504675975 -2.656696948237042 -2.405341670290244 -2.1026984200623056 -1.7335134471765077 -1.2774484177972254 -0.8319946930278346 -0.4858008801301339 -0.26561630947489157 -0.08544519995278055 0.048743589593135184 0.19177513298062676
-6.291953052508935 -6.199767343710505 -6.106476290681879 -6.001026451121085 -5.833456265823219 -5.6305150651590505 -5.428237071032999 -5.231485798057934 -5.002900611253194 -4.767241221375194 -4.517654494196711 -4.356495305433988 -4.197767873977699 -4.083475280575329 -3.982446817935324 -3.9223160918126068 -3.9190000591220158 -3.8668278114567176 -3.8100131180245915 -3.763146522664239 -3.7363971922934716 -3.720701304224674 -3.6572545454113663 -3.6075140550525013 -3.54163553893276 -3.465366787049167 -3.372517871712619 -3.264636274845392 -3.14746978644451 -3.015270616512949 -2.917558186563534 -2.820951100844316 -2.6635500824642633 -2.402467775291732 -2.087444669685587 -1.6366852926112505 -1.1523234509389249 -0.7154914111650705 -0.40091044325100444 -0.23289812026106027 -0.07616030841912602 0.058470618818868836 0.22604080411673388
-6.307648940577733 -6.193356347175363 -6.052314423402226 -5.933600453079068 -5.766693474319321 -5.504505822916593 -5.296037901101439 -5.056620340840768 -4.8222873640390045 -4.627967848370371 -4.402919763102262 -4.271604868554859 -4.145153488620322 -4.0458935767486315 -3.992173847161057 -3.9419912191101134 -3.9243057114269613 -3.8955667614418394 -3.8491423037735655 -3.8126659441770645 -3.783705925345903 -3.743250326520693 -3.6822353250138184 -3.6366951427297023 -3.5586578400777937 -3.4766412981971766 -3.3818027632462737 -3.2787846809919134 -3.152333301057377 -3.030303298043628 -2.9268430780971886 -2.806139488159676 -2.6339268570949836 -2.3491901833962365 -2.003438508190615 -1.5069178799861227 -0.9986806029415418 -0.5894821689226126 -0.3507278152000608 -0.19487427874228347 -0.033715089979561075 0.10887431571585182 0.2793183960122292
-6.258350587910947 -6.1314570702843305 -5.996605074200296 -5.832571990439062 -5.657264395529818 -5.3893289541300655 -5.1709129342431375 -4.936137819749295 -4.721258901398999 -4.525834041500169 -4.310070847765714 -4.213905899738576 -4.105140027487191 -4.056283812512484 -4.006985459845697 -3.9820046802432447 -3.98001506062889 -3.9512761106437684 -3.8878293518304603 -3.845384133390896 -3.792548679187479 -3.752535218054348 -3.705226485001916 -3.6313894904247563 -3.555783945079282 -3.478630917811531 -3.387329484397259 -3.281216438298347 -3.164049949897465 -3.048430943418859 -2.9312644550179767 -2.8101187273883856 -2.599661185958877 -2.295028316116584 -1.860849102495202 -1.3300628031546027 -0.8419427910996076 -0.5123291416548619 -0.282859679465965 -0.11926873339680899 0.036584803060967896 0.17519496952767177 0.34033339751910363
-6.194903829097639 -6.066020691856668 -5.895134473868213 -5.7193847412668894 -5.540097907128936 -5.285205527645508 -5.065020956990265 -4.86782754632312 -4.654938247587179 -4.471672174220516 -4.270499524324662 -4.1783138155262325 -4.107571784793624 -4.058715569818917 -4.026881655989243 -3.999026981388279 -4.000574463310555 -3.9601188644853442 -3.8988827941324304 -3.838973136855753 -3.7861376826523365 -3.7408185692142597 -3.6904148723172763 -3.615693602355959 -3.5513625681584937 -3.4731041966605463 -3.3749496290190524 -3.2694997894582585 -3.164049949897465 -3.0464413238045043 -2.929274835403622 -2.7802744331730667 -2.5684904786673215 -2.181177860406293 -1.7036691529611887 -1.1885787416893865 -0.7886651992041123 -0.4599358251435244 -0.2514679033283702 -0.08212916726218955 0.09163094572477881 0.2514637214112647 0.41019115286755437
-6.139636617587788 -5.9868780449745636 -5.815549689294029 -5.624988344008066 -5.444817234485955 -5.205620743071323 -5.002016335869037 -4.804159718663773 -4.622662196065426 -4.438511847314606 -4.272931281631095 -4.178755953218311 -4.110887817484215 -4.0591577075109955 -4.0273237936813215 -3.9877524702402694 -3.976699027938299 -3.925853193349237 -3.855553300308708 -3.7954225741859915 -3.735955054601393 -3.6904148723172763 -3.6402322442663326 -3.588059996601034 -3.5279292704783174 -3.465808924741246 -3.3672122194076737 -3.258446347156289 -3.1503436814430223 -3.0298611603515493 -2.9047361934932487 -2.755514722416654 -2.473651943716419 -2.0757280208454985 -1.5655011241865635 -1.1134153340359907 -0.7353876073086165 -0.4800530901331097 -0.27114303062587686 -0.0679807611156682 0.12788623647524044 0.30319383138448464 0.46081591861057625
-6.072431688391811 -5.917020289626112 -5.750555448558445 -5.5655208244234675 -5.376949098751859 -5.15919628540305 -4.960897530505708 -4.787579555210819 -4.606524170304549 -4.438511847314606 -4.290616789314248 -4.198873218207896 -4.126583705553013 -4.073306113657517 -4.007869735229855 -3.969403756018999 -3.931158845654183 -3.867712086840875 -3.7921065414954 -3.7129638946132952 -3.6515067554143417 -3.612819707357447 -3.5688270069956065 -3.532792785091184 -3.499190320493195 -3.4386174566784 -3.354169157491349 -3.242750459087491 -3.1304474852994764 -3.005322518441176 -2.8764393812002056 -2.690962619373149 -2.4057838079823233 -1.9848687251233055 -1.4726522088500156 -1.0658855321375196 -0.7685479342145265 -0.5112237974246652 -0.27490120100854654 -0.06599114150131369 0.15176167184749545 0.3310485059854491 0.490218075133817
-5.980024910747342 -5.843404363894993 -5.677823798211483 -5.5206438486774685 -5.3256611264707185 -5.115203585041209 -4.91602055475971 -4.74668181869353 -4.591933626465949 -4.440943604621039 -4.31161832968799 -4.227612168193018 -4.1533330359237794 -4.068884736736729 -3.993721329083333 -3.9302745702700252 -3.8745652210680963 -3.806254947641922 -3.720701304224674 -3.642221863880687 -3.569932351225803 -3.525939650863963 -3.4843787078085553 -3.4731041966605463 -3.445470590905621 -3.3959511693927955 -3.315039971742375 -3.2051687552607935 -3.1021506730064328 -2.972825398073384 -2.8315624054542075 -2.645643505935072 -2.3525062160868275 -1.9262854809228644 -1.437502262329751 -1.0703069090583077 -0.779822445362536 -0.5229404462647533 -0.28219647292784655 -0.059580144966171034 0.1601622879969926 0.33790164021267044 0.5306736739590274
-5.9088407423226545 -5.784157913156434 -5.6451056089976515 -5.500084445995805 -5.30289103532866 -5.094865251205585 -4.898113978230518 -4.723690658705432 -4.564078951864985 -4.422373821553729 -4.314934362378581 -4.247508364336564 -4.1796402286024685 -4.0923180344169054 -3.9977005683120423 -3.9223160918126068 -3.8447209268527773 -3.753861631130584 -3.657696683103445 -3.565510974305015 -3.485926189730831 -3.435522492833848 -3.4107627820774353 -3.415626296690302 -3.3793710059398405 -3.3267566205824632 -3.253582832543422 -3.160291779514795 -3.0650111068718138 -2.93369621232441 -2.7984020785482975 -2.599219048266798 -2.300333968421529 -1.8911355344025997 -1.4253434757975838 -1.0504107129147617 -0.763242281909581 -0.5092341778103107 -0.272911581394192 -0.05029525343251606 0.16635221568609593 0.3633245575072013 0.5580862108679128
-5.881428205413769 -5.7695673693178335 -5.642231713999139 -5.494778793690859 -5.29537469456332 -5.07430584852392 -4.879986332855288 -4.70954225255891 -4.555678335715488 -4.421489546169572 -4.331072388139457 -4.2724891439390165 -4.206610627819275 -4.118183089403515 -4.010301492536288 -3.897998518748273 -3.7994018134147005 -3.6915202165474734 -3.5933656489059795 -3.509359487411008 -3.448786623596212 -3.4136366770759476 -3.389761241703692 -3.356600914797782 -3.3174717290488083 -3.2564567275419343 -3.18063011335042 -3.1021506730064328 -3.0141652722827517 -2.8985462658041454 -2.746671968575078 -2.5278138109960717 -2.220749183847345 -1.8252570182828587 -1.3720658839020885 -1.0249877956202305 -0.7506413576853355 -0.496191115893986 -0.25456286717292187 -0.031283332673127884 0.1800584841405386 0.39493740249083586 0.6118059404554872
-5.892702716561779 -5.786147532770788 -5.662127910142685 -5.5034004786863955 -5.316376234937064 -5.093759906975388 -4.886839467082509 -4.706668357560398 -4.554351922639252 -4.434532608085897 -4.343894381209743 -4.282879379702869 -4.209484522817787 -4.117298814019358 -4.0087540106140125 -3.8911453845210513 -3.7872430268825337 -3.6738347088643213 -3.586512514678758 -3.5137808643317956 -3.4556397578234335 -3.408773162463081 -3.3570430524898613 -3.2953648444448684 -3.252035350621146 -3.193894244112784 -3.130889622991555 -3.0835808899391233 -3.001122210366427 -2.8715758665873388 -2.6841094851459273 -2.4506607837283214 -2.1358587469682155 -1.7368294798670987 -1.3061873677823472 -0.9971331210192664 -0.7179231684715042 -0.4634729266801547 -0.21985505834473607 0.022878534606525225 0.266938540634023 0.4725325674506653 0.6630939127366275
-5.900440126173158 -5.797422043918798 -5.686003345514941 -5.528381258288848 -5.33980953261724 -5.095307388897663 -4.9047460436117 -4.731428068316811 -4.575353463012995 -4.4340904703938175 -4.327314217756788 -4.2632042524053615 -4.1690289239925775 -4.077285352886227 -3.982446817935324 -3.876112702990372 -3.7784002730409574 -3.6915202165474734 -3.6015451962094374 -3.5263817885560416 -3.4633771674348126 -3.39064551708785 -3.323882725583951 -3.2573410029260916 -3.1958838637271385 -3.143048409523722 -3.1030349483905906 -3.058600110336671 -2.95226599539172 -2.8149822420012525 -2.6348111324791414 -2.3907511264516437 -2.0699802308484743 -1.6786883733587363 -1.2843015520244467 -0.9849743344870991 -0.7179231684715042 -0.4605990316816424 -0.19575855412644128 0.06642909727628732 0.31778437522308467 0.5249258839620028 0.7172557800162807
-5.924315561545413 -5.834561610053417 -5.724690393571835 -5.562646929424955 -5.382917957594922 -5.138194745029307 -4.941443472054241 -4.762819844454405 -4.578227358011507 -4.43320619500966 -4.3136079493023445 -4.242644849723698 -4.146479901696559 -4.0538520552060495 -3.960561002177423 -3.8681542245329537 -3.7686732438152237 -3.6866567019346066 -3.6026505404396345 -3.523950031249608 -3.4386174566784 -3.360359085180452 -3.2750265106092438 -3.210474407565739 -3.1518911633652977 -3.1045824303128664 -3.064568969179735 -3.004438243057018 -2.9087154327219578 -2.769663128563175 -2.590376294425222 -2.3443266687833697 -2.019134396259412 -1.6333692599206593 -1.2847436897165254 -0.993153881790557 -0.7203549257779374 -0.4347339766950329 -0.16215608952845262 0.11860134494158547 0.36376669519927995 0.5629497254807792 0.7338359434692361
-5.953717718068654 -5.881870343105849 -5.769125231625754 -5.601112908635811 -5.414530802578557 -5.180639963468872 -4.991183962413106 -4.792443069823685 -4.602102793383762 -4.443817499619551 -4.319355739299369 -4.2340231647281605 -4.131889357857958 -4.0352822721387405 -3.9464125960309016 -3.857100782230984 -3.7569565949751356 -3.6669815746371 -3.5805436558356947 -3.4965374943407226 -3.41275240169179 -3.340905026728985 -3.2622045175389585 -3.1958838637271385 -3.1333213802979882 -3.0742959984054687 -3.021018406509973 -2.9542556150060744 -2.857427460440817 -2.720806913588468 -2.5459414563713025 -2.329072918406651 -1.9928272035807237 -1.6163469587756256 -1.2984499581709685 -1.0137132844722214 -0.7389247088452469 -0.42102770824058977 -0.13385927723540947 0.1400450230074073 0.37835723903788043 0.5775402693193801 0.749973969230112
-5.998152556122573 -5.933158315386989 -5.813560069679674 -5.649969123610518 -5.4609552602468305 -5.247181686126731 -5.051756826227901 -4.838867527491959 -4.649411526436193 -4.471230036528437 -4.339030866596876 -4.232917820497963 -4.127910118629249 -4.030860895217952 -3.9238635737348826 -3.8341096222428863 -3.738386811907826 -3.6397901065742535 -3.5610895973842274 -3.478630917811531 -3.39794078900715 -3.3384732694225514 -3.2730368909948893 -3.198315621033572 -3.127573590300964 -3.0561683530302375 -2.9980272465218754 -2.922421701176401 -2.815424379693331 -2.678803832840982 -2.522508158691126 -2.3277465053304147 -1.9932693412728026 -1.617231234159783 -1.311050882395214 -1.035599100230122 -0.7406932596135625 -0.4179327443960381 -0.12943790031462132 0.14247678031384048 0.3807889963443136 0.5835091281624436 0.7753968865246428
-6.044577013790846 -5.974719258442397 -5.855121012735081 -5.703688853198091 -5.515117127526484 -5.321902956088048 -5.122719925806549 -4.898998253614677 -4.696941328334664 -4.517212356504633 -4.358042787356264 -4.2525929477954705 -4.119288433633712 -4.019144246377864 -3.902419895669061 -3.7994018134147005 -3.7036790030796403 -3.6236520808133776 -3.550920430466415 -3.472662058968467 -3.399488270929426 -3.340905026728985 -3.2750265106092438 -3.1998631029558475 -3.126468246070767 -3.0488730811109375 -2.984984184605551 -2.898988403496224 -2.791548944321076 -2.6573601547751604 -2.5026119625475802 -2.3277465053304147 -2.0107337801099154 -1.6293900206919503 -1.3134826397016477 -1.0375887198444764 -0.7506413576853355 -0.4292072555440476 -0.1270061430081877 0.16259404530342625 0.39781129748934774 0.6219751073732995 0.8149682099656959
-6.066020691856668 -5.991299421895351 -5.894029129638016 -5.745249796253499 -5.584090607490777 -5.399498121047878 -5.194346231923315 -4.968413871271047 -4.76480946406876 -4.548825201488267 -4.383465704650796 -4.251045465873195 -4.103150407872836 -3.9901842275467025 -3.8705859818393873 -3.767567899585027 -3.6700765384816516 -3.592260304675783 -3.5400880570104842 -3.4682406820476794 -3.3959511693927955 -3.327640895966621 -3.264194137153313 -3.2003052406479267 -3.131994967221752 -3.0488730811109375 -2.969730434228832 -2.879976482736836 -2.77165274817753 -2.6372428897855746 -2.476525838714931 -2.3087345845710265 -2.0102916424178363 -1.6245265060790834 -1.3101666070110567 -1.0375887198444764 -0.7490938757630596 -0.42478587862325945 -0.11440521878394216 0.17961634644845992 0.43052948670317903 0.6591146735079185 0.8445914353349755
-6.049440528403713 -5.9977104184304935 -5.917020289626112 -5.813117931987595 -5.667433562447631 -5.48726245292552 -5.276362773803932 -5.044019416616522 -4.807254682508325 -4.5757956007050735 -4.3730754688869435 -4.226727892808861 -4.099171168644127 -3.9755936837081025 -3.8551111626166294 -3.746566359211284 -3.6442114834950416 -3.562637079306503 -3.521076136251096 -3.4664721312793643 -3.3926351367022045 -3.318356004432966 -3.2549092456196584 -3.192346762190508 -3.1235943510722546 -3.0497573564950953 -2.972162191535266 -2.874007623893772 -2.7632521320280325 -2.6222102082548955 -2.4581771244936608 -2.273584638050762 -1.970278181284705 -1.584070907253873 -1.2896072043293922 -1.0185767990850882 -0.7272080600051587 -0.4033422005574381 -0.09097192110376584 0.20349178182071492 0.46081591861057625 0.6785687319593858 0.8534341891765509
