static/ASC_sea/1979/10/ERA5V/00.asc
ncols         201
nrows         201
xllcorner     105.0
yllcorner     0.0
cellsize      0.25
NODATA_value  -32767
[rows 19 to 37 of 201, columns 0 to 42 of 201]
0.2280304237310884 -0.0034286580721634152 -0.1612718141442948 -0.4053318201717926 -0.41616419362772294 -0.41660633131980207 -0.41505884939752624 -0.5087920401182315 -0.4966332535860647 -0.41749060670395943 -0.24572011333134558 -0.1539765422249948 -0.026419818060261058 -0.033715089979561075 -0.010723929991463432 -0.13385927723540947 -0.19288465912792896 -0.1920003837437716 -0.08301344264634736 0.06731337266044468 0.22206156488802486 0.3383437779047491 0.2861715302394505 0.34121767290326144 0.2894875629300415 0.46280553822493165 0.4535206466912767 0.5439378047213914 0.4623634005328521 0.5121038908917175 0.6093741831490531 0.7157082980940048 0.694264620028183 0.6741473550385972 0.7811446765216674 0.6542511588950513 0.6166694550683536 0.34033339751910363 0.02729991152731337 -0.25876317524767023 -0.5191822758820837 -0.6827732219512392 -0.9160008545228067
0.12744409878316132 0.011604023458515744 -0.146460201459655 -0.11285773686166634 -0.0865505441829777 -0.08699268187505638 -0.2514679033283702 -0.3407797171282878 -0.3286209305961205 -0.21432833719375077 -0.0063025530706752875 0.08588315572775418 0.24903196410483153 0.16988931722272627 0.1933226149029026 0.1473402949267073 0.11130607302228546 0.11219034840644282 0.06576589073816885 0.08919918841834518 0.2441684494919647 0.4749643247570985 0.6752526992687944 0.7309620484707233 0.7552796215350579 0.7318463238548807 0.722119294629147 0.6385552708262541 0.6785687319593858 0.7289724288563688 0.8607294610958514 0.8129785903513405 0.7915349122855186 0.6630939127366275 0.5253680216540815 0.39781129748934774 0.1234648595544523 -0.11329987455374502 -0.4272176359296931 -0.5689227662409486 -0.7037747623249824 -0.8682499837782962 -0.8877040422297631
0.16635221568609593 0.1800584841405386 0.1889012379821149 0.2748970190914415 0.22117728950386706 0.0712926118891537 -0.12059514647304548 -0.17099884337002846 -0.1460180637675763 -0.07041251842210139 0.18845910029003576 0.36266135096908325 0.6219751073732995 0.48049104590808334 0.20459712605091207 0.08831491303418781 0.03547945883077119 0.004308751539215727 -0.09097192110376584 -0.13231179531313364 0.1342972330103831 0.3876421305715354 0.6619885685064304 0.8074518692003556 0.84658105494933 0.7734072669102883 0.6562407785094067 0.5541069716392037 0.6288282416005204 0.6557986408173271 0.8094414888147101 0.7254353273197385 0.5083457205090474 0.3120365852260605 0.0830092607292423 -0.02155630344739423 -0.32972627482631767 -0.48447446705389785 -0.37703500787874944 -0.4086478528623836 -0.45374589745442107 -0.43517611438711157 -0.4097531970925803
0.4789435639858075 0.47562753129521607 0.47408004937294024 0.3900738878779686 0.22405118450237937 0.06576589073816885 0.036142665368889215 0.06819764804460249 0.09671552918368498 0.060460238433223346 0.1855852052915239 0.3392280532889065 0.36266135096908325 0.13230761339602815 -0.18227335451803794 -0.45374589745442107 -0.41616419362772294 -0.43606038977126893 -0.38189852249161627 -0.25743676217143374 0.0516174845916475 0.560517968174346 0.7440051103870484 0.887699860312658 0.8534341891765509 0.7245510519355811 0.600089291615399 0.4813753212922407 0.4959658651308416 0.500829379743708 0.43052948670317903 0.1594990814588746 -0.07814992803348053 -0.2267081925719574 -0.21631795680810528 -0.2793225779293347 -0.3140303867575205 -0.22029719603681475 -0.062011902272604225 0.15375129146184996 0.27578129447559885 0.3012042117701297 0.15330915376977128
0.6155641108381564 0.3964848844131117 0.2454948625682012 0.09273628995497551 0.20017574913012393 0.2748970190914415 0.3699566228883837 0.3334802632918823 0.20791315874150307 0.039900835751558894 -0.11086811724731183 -0.2813121975436892 -0.5103395220405074 -0.5556586354785846 -0.559195737015215 -0.5956720966117159 -0.3237574159832537 -0.04985311574043738 0.21078705374001538 0.4336244505477307 0.731404186162802 1.1952066251534639 1.0908621298228667 0.930145078752223 0.7285302911642901 0.5649393450951337 0.4526363713071193 0.3763676194235259 0.34364943020969463 0.2123345356622912 -0.025977680368181932 -0.3394533040520513 -0.4219119836247476 -0.345864300587194 -0.14115454915470949 -0.00011262538157241764 0.10776897148565512 0.267601747172141 0.38675785518737804 0.5156409924283478 0.42610810978239044 0.2879400810077657 0.09118880803269969
0.37106196711857997 0.4287609359348634 0.5043664812803383 0.5468116997199033 0.6248490023718114 0.5286840543446729 0.2978881790795387 -0.007850034992951116 -0.282859679465965 -0.49221187666527655 -0.6290534923636653 -0.6710565731111511 -0.6485075508151326 -0.38145638479953714 -0.13916492954035498 0.020888914992170715 0.37106196711857997 0.694264620028183 0.9798855691110875 1.0747241040619908 1.0751662417540695 1.0497433244595387 0.7798182634454305 0.5693607220159222 0.42964521131902167 0.3363541582903946 0.27003350447857466 0.2200719452736699 0.13606578377869827 0.02973166883374656 -0.10556246494236587 -0.09097192110376584 0.06532375304609017 0.3089416213815088 0.4077593955611203 0.45153102707692216 0.4632476759170103 0.5415060474149573 0.49950296666747196 0.37393586211709273 0.11417996802079733 0.006740508845648918 0.04388007498026836
0.06532375304609017 0.3230900275280306 0.3876421305715354 0.23245180065187654 0.07173474958123283 -0.06444365957903786 -0.26362668986053706 -0.5118870039627832 -0.7455567742264289 -0.8722292230070052 -0.6913949069467762 -0.566491008934515 -0.12501652339383318 0.31048910330378465 0.5810773708560104 0.7459947300014029 0.9451777602829017 1.185921733619809 1.2796549243405142 1.0457640852308288 0.9491569995116116 0.7729651292182096 0.7621327557622788 0.6445241296693185 0.6297125169846787 0.47606966898729564 0.3860946486492596 0.3089416213815088 0.34718653174632497 0.3197739948374396 0.4051065694086482 0.46037378091849757 0.564497207403055 0.5985418096931232 0.5039243435882597 0.48867059321154116 0.4208024574774454 0.4227920770917999 0.36376669519927995 0.2070288833573457 0.19044871990439072 0.2074710210494244 0.536642532802091
0.47164829206650705 0.5174095431966634 0.1614887010732291 -0.24616225102342426 -0.48491660474597653 -0.5377520589493932 -0.5152030366533742 -0.5087920401182315 -0.4024579251732803 -0.44888238284155424 -0.30629297714614134 0.008730128460003872 0.4946394520546047 0.9661793006566448 1.2723596524212137 1.4080959238894053 1.5296837892110755 1.5179671403709873 1.509124386529411 1.1863638713118876 0.8773096245488059 0.6712734600400854 0.6922750004138285 0.7172557800162807 0.712834403095493 0.6171115927604323 0.6352392381356635 0.6522615392806967 0.7161504357860835 0.718140055400438 0.7099605080969802 0.6292703792925991 0.4882284555194625 0.4462253747719762 0.3960427467210321 0.4046644317165695 0.39537954018291455 0.3989166417195449 0.3916213698002444 0.31247872291813916 0.38277861595866813 0.49110235051797435 0.679674076189583
0.46921653476007386 0.26119075063699837 -0.09627757340871135 -0.34630643827927265 -0.45706193014501206 -0.510781659732586 -0.31491466214167785 -0.13828065415619717 -0.03084119498104876 0.049185727285213865 0.2547797541018557 0.5706871350921583 1.0643338682981387 1.3212158673959218 1.6278383568525694 1.4755219219314224 1.4339609788760157 1.4222443300359275 1.2407468074375796 0.9325768360586562 0.6219751073732995 0.46722691514571935 0.4013483990259781 0.42610810978239044 0.443793617465543 0.6635360504287062 0.6821058334960162 0.9535783764323993 0.9604315106596211 0.9624211302739756 0.7172557800162807 0.5560965912535583 0.4143914609423023 0.4466675124640549 0.49795548474519613 0.5072403762788511 0.48911273090361984 0.476953944371453 0.46965867245215254 0.547253837411982 0.6186590746827081 0.7269828092420143 0.5492434570263365
-0.18757900682298345 -0.32574703559760865 -0.23731949718184842 -0.3867620371044831 -0.45463017283857887 -0.35161209058421816 -0.15441867991707348 0.02928953114166788 0.31247872291813916 0.46479515783928615 0.7451104546172447 1.0941781625134572 1.5195146222932632 1.6682939556777798 1.5049240784546631 1.3163523527830545 1.2489263547410374 1.0848932709798031 0.887699860312658 0.6297125169846787 0.5576440731758341 0.43893010285267575 0.37150410481065865 0.42809772939674584 0.4785014262937288 0.7597009984558456 1.004424211021461 1.2518002497395502 1.1943223497693056 0.9575576156611083 0.7002334788712465 0.5698028597080009 0.5786456135495772 0.6268386219861659 0.6679574273494948 0.6244068646797327 0.5896990558515469 0.5775402693193801 0.5638340008649374 0.6255122089099299 0.6533668835108939 0.5629497254807792 0.38432609788094396
-0.7378193646150502 -0.6460757935086989 -0.5123291416548619 -0.4234594655470234 -0.37305576865004 -0.2510257656362911 0.01646753807138257 0.2806448090884657 0.7318463238548807 1.1083265686599795 1.5769925222635068 1.6718310572144102 1.7461101894836482 1.6121424687837722 1.5511274672768973 1.3919578981285294 1.2884976781820905 1.0941781625134572 0.920860187218568 0.8036936988176864 0.7333938057771565 0.7079708884826257 0.6741473550385972 0.7933034630538343 0.9759063298823785 1.3344799981582858 1.5615177030407494 1.5049240784546631 1.257326970890535 0.9995606964085946 0.8364118880315177 0.7933034630538343 0.8518867072542751 0.8792992441631613 0.8636033560943632 0.7592588607637669 0.699570272333129 0.6898432431073953 0.6533668835108939 0.5824037839322465 0.4897759374417383 0.3964848844131117 0.2914771825443965
-0.6323695250542563 -0.5729020054696576 -0.4278808424678111 -0.1900107641294171 -0.035704709593915585 0.15043525877125896 0.6146798354539991 1.0857775463639605 1.6265119437763325 1.884278218258273 2.117063713137761 1.9550202489908814 1.7943031979202377 1.6888533583594434 1.7671117298573913 1.726435062186142 1.6015311641738803 1.4383823557968034 1.3676403250641957 1.2734649966514109 1.1547510263282534 1.1370655186451009 1.193880212077227 1.342217407769664 1.4682266500121228 1.7231190294955505 1.854876061735033 1.6605565460664007 1.3782516296740868 1.1425922397960866 1.0340474363907406 1.0550489767644837 1.1273384894193672 1.1240224567287767 1.029626059469953 0.8812888637775158 0.8271269964978627 0.7787129192152342 0.7039916492539167 0.5888147804673896 0.48623883590510797 0.3969270221051904 0.270917779862732
-0.20570665219821427 -0.2125597864254356 -0.1778519775972498 0.21631377489100023 0.6482823000519877 1.0389109510036079 1.536979061130376 1.9607680389879052 2.4119695537543206 2.4106431406780846 2.248378607685165 1.878751497107288 1.784576168694504 1.851117891352363 2.029741518952198 2.0107295981928104 1.962315520910181 1.8811832544137213 1.8665927105751212 1.7695434871638245 1.588709171103595 1.5575384638120404 1.6541455495312576 1.8265792494419895 1.7739648640846122 1.6928325975881524 1.660114408374322 1.6645357852951097 1.5663812176536158 1.3523865746874772 1.1366233809530222 1.105010535969388 1.1649201932460658 1.1801739436227843 1.020341167936298 0.8353065438013205 0.7484264873078361 0.6599989488920759 0.5903622623896654 0.5224941266555696 0.4882284555194625 0.4057697759467658 0.24306310526176755
-0.2691534110115219 0.02376280999068303 0.4579420236120644 1.0570385963788382 1.5878248957194376 2.044332062790799 2.476079519105747 2.6542610090135037 2.586392873279408 2.4002529049142325 2.044332062790799 1.7631324906286823 1.5838456564907286 1.7881132702311344 1.934460846309217 2.0463216824051536 2.0713024620076057 2.130769981592204 2.1391705977417015 2.0354893089492228 1.837853760589999 1.704107108736162 1.7812601360039126 1.8676980548053184 1.8075673286826017 1.605952541094669 1.559528083426395 1.5442743330496764 1.5062504915308992 1.230798709365807 1.0185726171679832 0.8490128122557632 0.8304430291884533 0.6692838404257309 0.45595240399770987 0.22250370258010355 0.16834183530045044 0.16591007799401725 0.1743106941435144 0.15861480607471679 0.11086393533020633 0.036142665368889215 0.038132284983243725
0.017572882301579718 0.5063561008946929 1.1326441417243132 1.7763966213910463 2.3089514714999604 2.713728528598102 2.8470330427598602 2.5790976013601075 2.0414581677922863 1.416496540038903 1.0619021109917055 0.8271269964978627 0.7415733530806143 0.8280112718820201 0.906269643379968 0.9902758048749396 1.1874692155420847 1.3725038396770621 1.4803854365442897 1.428213188878991 1.453636106173522 1.5190724846011845 1.7231190294955505 1.7094127610411078 1.6258487372382149 1.4896703280779446 1.5838456564907286 1.5745607649570736 1.4823750561586442 1.2646222428098346 1.0218886498585737 0.7402469400043783 0.38277861595866813 0.08101964111488735 -0.1944321410502048 -0.3717293555738035 -0.34630643827927265 -0.26075279486202474 -0.15817685029974315 -0.0571483876597374 0.004308751539215727 0.02973166883374656 0.07416650688766602
0.8896894799270125 1.0946203002055368 1.4306449461854243 1.9101432732448833 2.258768843449017 2.564949195213586 2.2382094407673527 1.4593838961705465 0.7245510519355811 -0.08588733764485967 -0.2804279221595314 -0.38101424710745846 -0.17188311875418627 -0.06311724650280137 0.06532375304609017 0.2954564217731055 0.6142376977619204 0.8041358365097651 0.9476095175893358 1.0037610044833434 1.2367675682088706 1.5825192434144926 1.7987245748410254 1.5986572691753684 1.383336213132993 1.2694857574227019 1.4218021923438489 1.420254710421573 1.3017618089444545 1.1215906994223435 0.9476095175893358 0.7015598919474835 0.3020884871542875 0.05515458612827784 -0.13629103454184266 -0.05184273535479189 0.13076013147375232 0.2156505683528822 0.20835529643358175 0.13186547570394946 0.12788623647524044 0.0180150199936584 -0.23356132679917874
0.8291166161122172 1.013709102555116 1.2659486558860715 1.6238591176238604 1.8075673286826017 1.29579295010139 0.46722691514571935 -0.13341713954333034 -0.3341476517471058 -0.3916255517173495 -0.47364209359796705 -0.3969312040222954 -0.30430335753178683 -0.16900922375567395 0.05957596304906554 0.32375323406614864 0.46479515783928615 0.5242626774238843 0.6268386219861659 0.7798182634454305 1.1001470213565216 1.4326345657997788 1.395052861973081 1.1536456820980563 0.9427460029764685 0.817399967272129 0.7079708884826257 0.7006756165633261 0.5916886754659014 0.6409870281326873 0.4765118066793743 0.3222057521438728 0.07947215919261152 -0.056264112275580036 -0.02155630344739423 0.028847393449589198 0.003866613847137046 -0.2125597864254356 -0.3447589563569968 -0.28418609254220106 -0.19575855412644128 -0.2501414902521337 -0.47275781821380924
0.4051065694086482 0.7729651292182096 1.0994838148184032 1.2025018970727634 0.6126902158396446 -0.004534002302360118 -0.7305240926957497 -0.4340707701569144 -0.5185190693439652 -0.08699268187505638 0.2680438848642197 0.3447547744398918 0.3230900275280306 0.40024305479578093 0.6297125169846787 0.6215329696812208 0.4612580563026558 0.466342639761562 0.16259404530342625 0.23819959064890073 0.5116617531996388 0.5693607220159222 0.4818174589843194 0.27777091408995336 0.15463556684600777 0.04189045536591385 -0.033715089979561075 0.1126324860985215 0.11860134494158547 0.2123345356622912 0.0071826465377280435 -0.17740983990517112 -0.13629103454184266 0.1473402949267073 0.1928804772108239 0.01403578076494938 -0.48690622436033104 -0.7037747623249824 -0.8974310714554967 -0.8408374468694104 -0.7486517380709805 -0.6036305750691344 -0.48491660474597653
0.4959658651308416 0.8655929757087177 0.7630170311464362 0.2074710210494244 -0.38477241749012814 -0.7369350892308923 -0.8032557430427123 -0.4966332535860647 0.13274975108810727 0.5311158116511061 0.8647087003245604 1.0497433244595387 1.0795876186748572 1.1277806271114468 0.9754641921902998 0.9197548429883708 0.6195433500668655 0.1126324860985215 -0.19841138027891425 -0.20327489489178108 -0.25456286717292187 -0.19686389835663842 -0.323315278291175 -0.3418850613584845 -0.4659046839865879 -0.3673079786530158 -0.06355938419488005 0.08345139842132099 0.28373977293301733 0.2713599175548107 0.06576589073816885 -0.1997377933551503 -0.07527603303496821 0.1756371072197509 0.11948562032574328 -0.0874348195671355 -0.45175627784006656 -0.34431681866491815 -0.4833691228237007 -0.6182211189077345 -1.0205664186994428 -0.913569097216373 -0.700237660788352
