static/ASC_sea/1979/10/ERA5V/00.asc
ncols         201
nrows         201
xllcorner     105.0
yllcorner     0.0
cellsize      0.25
NODATA_value  -32767
[rows 0 to 18 of 201, columns 0 to 42 of 201]
0.08831491303418781 0.09516804726140915 0.10688469610149731 0.16303618299550493 0.24792661987463438 0.3533764594354283 0.3120365852260605 0.24704234449047702 0.1928804772108239 0.010719748074358382 0.04476435036442572 0.09516804726140915 0.25102158371918604 0.45153102707692216 0.3723883801948169 0.28992970062212065 0.30717307061319366 0.2903718383141993 0.2983303167716178 0.21764018796723672 0.18801696259795708 0.10776897148565512 0.03547945883077119 -0.044989601127570555 -0.3969312040222954 -0.6973637657898397 -0.9610988991148441 -1.0245456579281518 -0.946729424122283 -0.946729424122283 -0.6586767177329449 -0.39759441056041345 -0.15486081760915216 -0.24947828371401526 -0.5289093051078169 -0.7115121719363615 -0.8536594399396957 -0.8457009614822772 -0.8202780441877464 -0.8746609803134389 -0.8154145295748796 -0.7579366296046355 -0.7216813388541738
0.270917779862732 0.2514637214112647 0.14601388185047126 0.2070288833573457 0.29236145792855384 0.4272134540125876 0.3524921840512705 0.287497943315687 0.24107348564741304 0.419918182093288 0.4922076947481715 0.5331054312654606 0.3763676194235259 0.2483687575667135 0.16878397299252912 0.08101964111488735 0.28705580562360833 0.27047564217065334 0.16834183530045044 0.02376280999068303 -0.014703169220172896 -0.11727911378245448 -0.4146167117054471 -0.6690669534967966 -1.022998176005876 -1.056158502911786 -0.8658182264718626 -0.9297071229772493 -0.7968447465075696 -0.7090804146299279 -0.4400396289999784 -0.21985505834473607 -0.3447589563569968 -0.5722387989315396 -0.8525540957094986 -0.9482769060445588 -0.8428270664837649 -0.8350896568723862 -0.7899916122803483 -0.7789381699783786 -0.7232288207764497 -0.6734883304175847 -0.6734883304175847
0.062449858047577855 0.0746086445797447 -0.031725470365206565 0.1594990814588746 0.4139493232502236 0.5545491093312824 0.4793857016778862 0.4486571320784094 0.3856525109571809 0.5649393450951337 0.6606621554301944 0.5742242366287886 0.41682321824873636 0.05802848112678971 0.13717112800889497 0.0712926118891537 0.3354698829062368 0.06642909727628732 -0.20460130796801712 -0.35006460866194233 -0.5098973843484287 -0.6294956300557439 -0.9283807099010128 -1.1918947743799775 -0.956677522194056 -0.8808509080025417 -0.5919139262290463 -0.3345897894391845 -0.24903614602193658 -0.1612718141442948 -0.18028373490368343 -0.2784383025451769 -0.40378433824951676 -0.5826290346953913 -0.61623149929338 -0.6569081669646297 -0.516087312037532 -0.5381941966414718 -0.5390784720256296 -0.5278039608776202 -0.5337728197206837 -0.5406259539479055 -0.5410680916399842
-0.4590515497593666 -0.2998819806109987 -0.14557592607549763 0.2342203514201917 0.4922076947481715 0.5395164278006028 0.6215329696812208 0.5956679146946104 0.510114271277363 0.4550681286135525 0.4223499393997212 0.2983303167716178 0.2826344287028202 0.09914728649011817 0.19774399182369073 0.37835723903788043 0.1234648595544523 -0.17387273836854078 -0.6832153596433184 -0.9204222314435944 -1.103025098272139 -1.1251319828760789 -0.9845321967950205 -0.9805529575663114 -0.7247763026987255 -0.41749060670395943 -0.12943790031462132 0.1342972330103831 0.17519496952767177 0.06819764804460249 -0.016692788834527406 -0.13142751992897583 -0.25301538525064604 -0.2998819806109987 -0.33304230751690866 -0.3940573090237831 -0.4239016032391021 -0.45617765476085426 -0.4858008801301339 -0.4513141401479879 -0.46745216590886374 -0.46833644129302154 -0.43606038977126893
-0.04056822420678241 0.2200719452736699 0.3622192132770041 0.3524921840512705 0.2587589933305652 0.1396028853153286 0.2983303167716178 0.4506467516927639 0.5370846704941696 0.4793857016778862 0.3120365852260605 0.24063134795533436 0.21918766988951255 0.3500604267448373 0.39980091710370225 0.419918182093288 0.08057750342280867 -0.30032411830307737 -0.8085613953476583 -0.9292649852851707 -0.949382250274756 -0.7818120649768905 -0.5883768246924155 -0.4024579251732803 -0.1920003837437716 0.0027612696169398987 0.17630031375786892 0.2483687575667135 0.22206156488802486 0.06156558266342049 -0.1254586610859123 -0.29302884638377735 -0.43606038977126893 -0.5264775478013837 -0.6153472239092226 -0.7099646900140857 -0.7320715746180255 -0.7364929515388137 -0.6876367365641061 -0.643201898510187 -0.5952299589196373 -0.5353203016429595 -0.5092341778103107
0.39493740249083586 0.46037378091849757 0.419918182093288 0.3606717313547283 0.2987724544636965 0.25721151140828935 0.2963406971572633 0.4639108824551279 0.6009735669995564 0.7068655442524285 0.6029631866139109 0.4877863178273838 0.37747296365372307 0.29103504485231735 0.15131953415541677 -0.07041251842210139 -0.3407797171282878 -0.5729020054696576 -0.6832153596433184 -0.6646455765760089 -0.5576482550929391 -0.4986228732004192 -0.3936151713317044 -0.21543368142394792 0.036142665368889215 0.28860328754588416 0.45838416130414306 0.4203603197853667 0.27445488139936236 -0.005418277686517925 -0.25456286717292187 -0.4970753912781434 -0.676362225416097 -0.8012661234283578 -0.8492380630189076 -0.8525540957094986 -0.8277943849530858 -0.8222676638021009 -0.8085613953476583 -0.7899916122803483 -0.7919812318947033 -0.8023714676585549 -0.8622811249352322
0.2861715302394505 0.320658270221597 0.4046644317165695 0.47408004937294024 0.600089291615399 0.6434187854391213 0.647840162359909 0.5346529131877364 0.49508158974668337 0.4793857016778862 0.36907234750422546 0.1767424514499476 -0.05339021727706772 -0.31159862945108685 -0.48889584397468555 -0.5079077647340742 -0.6489496885072112 -0.7314083680799075 -0.6949320084834065 -0.6093783650661586 -0.44888238284155424 -0.336579409053539 -0.1944321410502048 0.020888914992170715 0.20658674566526658 0.3787993767299591 0.3314906436775278 0.1429189180059196 -0.1221426283953213 -0.36620263442281864 -0.4957489782019069 -0.4610411693737211 -0.479610952441031 -0.4347339766950329 -0.38963593210299496 -0.37305576865004 -0.3593495001955973 -0.4610411693737211 -0.5278039608776202 -0.6084940896820012 -0.6611084750393781 -0.7066486573234947 -0.8036978807347914
0.07328223150350865 0.12501234147672813 0.17077359260688407 0.20901850297170022 0.27246526178500785 0.3188897194532818 0.30849948368943014 0.20901850297170022 0.06156558266342049 -0.16215608952845262 -0.3379058221297755 -0.5156451743454529 -0.6905106315626184 -0.5176347939598078 -0.5317832001063292 -0.27689082062290105 -0.30960900983673234 -0.3883095190267585 -0.3593495001955973 -0.18802114451506213 0.04631183228670155 0.1594990814588746 0.21962980758159123 0.22405118450237937 0.2289146991152462 0.02685777383523469 -0.2432883560249124 -0.4113006790148561 -0.5494687077894813 -0.5209508266503988 -0.5556586354785846 -0.37305576865004 -0.26561630947489157 -0.19885351797099293 -0.17387273836854078 -0.1831576299021953 -0.1997377933551503 -0.2945763283060532 -0.38189852249161627 -0.46236758244995757 -0.5284671674157382 -0.6040727127612131 -0.6978059034819188
-0.024430198445906104 -0.02553554267610325 -0.04211570612905824 -0.02686195575233974 -0.1767466333670531 -0.17740983990517112 -0.19332679682000808 -0.17298846298438297 -0.20858054719672658 -0.37349790634211866 -0.47231568052173056 -0.54991084548156 -0.6776886384923331 -0.43163901285048123 -0.19332679682000808 -0.02885157536669425 -0.10799422224879951 -0.28087005985161007 -0.1592821945299403 -0.0038707957642420965 0.12700196109108264 -0.005860415378596606 0.024426016528801053 -0.08212916726218955 -0.15640829953142799 -0.3197781767545447 -0.3551491921208485 -0.25456286717292187 -0.2534575229427247 -0.19155824605169247 -0.0898665768735687 0.04432221267234704 0.13186547570394946 0.14115036723760443 0.09273628995497551 0.07261902496539019 -0.04830563381816155 -0.21432833719375077 -0.31159862945108685 -0.49221187666527655 -0.6436440362022657 -0.742682879227917 -0.8085613953476583
-0.12302690377947867 -0.1245743857017545 -0.09030871456564737 0.0102776103822797 -0.0494109780483587 -0.035704709593915585 -0.019566683833039278 -0.015587444604330258 -0.0757181707270469 -0.30872473445257453 -0.5406259539479055 -0.6186632565998136 -0.5132134170390197 -0.2105701668110811 0.02928953114166788 0.0102776103822797 -0.17298846298438297 -0.34144292366640583 -0.2101280291190024 -0.2138861995016721 -0.16016646991409766 -0.29015495138526504 -0.3071772525302987 -0.28175433523576787 -0.3184517636783082 -0.12369011031759669 0.04299579959611055 0.14358212454403763 0.2466002067983979 0.3193318571453605 0.42124459516952406 0.439814378236834 0.27777091408995336 0.25433761640977703 0.1387186099311708 0.0003295123105067077 -0.12015300878096635 -0.2833018171580437 -0.41174281670693524 -0.545931606252851 -0.6734883304175847 -0.6504971704294871 -0.6655298519601662
-0.27357478793231005 -0.22029719603681475 -0.16304036491260998 -0.062011902272604225 0.11948562032574328 0.17519496952767177 0.19133299528854808 0.011161885766437063 -0.286175712156556 -0.520066551266241 -0.6993533854041947 -0.5430577112543387 -0.40290006286535895 -0.13717530992600047 -0.1791783906734863 -0.30629297714614134 -0.49088546358904006 -0.4073214397861471 -0.2804279221595314 -0.2837439548501224 -0.3131461113733627 -0.1617139518363735 -0.1791783906734863 0.02000463960801291 0.13606578377869827 0.3314906436775278 0.4555102663056312 0.3750412063472899 0.43893010285267575 0.48867059321154116 0.43251910631753354 0.40378015633241127 0.24063134795533436 0.09362056533913332 -0.048968840356279575 -0.18757900682298345 -0.29347098407585603 -0.3507278152000608 -0.479610952441031 -0.4185959509341566 -0.3071772525302987 -0.2846282302342802 -0.3584652248114395
-0.2651741717828129 -0.2101280291190024 -0.1592821945299403 -0.15972433222201898 0.043437937288189676 0.104010801102985 -0.07527603303496821 -0.3551491921208485 -0.6562449604265113 -0.6925002511769729 -0.6553606850423539 -0.4981807355083405 -0.3023137379174319 -0.2998819806109987 -0.3418850613584845 -0.5236036528028714 -0.4643572020643121 -0.3717293555738035 -0.2558892802491579 -0.12413224800967582 -0.13430141492748815 0.10047369956635466 0.2817501533186628 0.47606966898729564 0.5888147804673896 0.5185148874268597 0.47982783936996487 0.39935877941162357 0.25920113102264386 0.1528670160776926 0.09671552918368498 0.04785931420897738 0.05714420574263235 -0.08898230148941089 -0.18757900682298345 -0.2167600945001844 -0.319336039062466 -0.34674857597135134 -0.33304230751690866 -0.18161014797991948 -0.0679807611156682 -0.17475701375269814 -0.38278279787577363
-0.1617139518363735 -0.021114165755315106 0.07659826419409965 0.07416650688766602 -0.02487233613798523 -0.23289812026106027 -0.41505884939752624 -0.5587535993231358 -0.5253722035711865 -0.4957489782019069 -0.41660633131980207 -0.3511699528921395 -0.19487427874228347 -0.2466043887155034 -0.014703169220172896 -0.12258476608739999 -0.05759052535181608 -0.08102382303199285 -0.03968394882262505 0.09362056533913332 0.20901850297170022 0.3900738878779686 0.5726767547065128 0.5136513728139933 0.3222057521438728 0.2094606406637789 0.13473937070246178 0.062007720355499174 -0.0898665768735687 -0.2300242252625484 -0.20703306527445076 -0.24616225102342426 -0.18802114451506213 -0.126564005316109 -0.10202536340573554 -0.13142751992897583 -0.10887849763295687 -0.13098538223689715 -0.11727911378245448 -0.13098538223689715 -0.3374636844376968 -0.4946436339717102 -0.7130596538586373
-0.06930717419190469 0.023320672298603906 0.11174821071436414 0.09362056533913332 -0.027967299982536886 -0.2534575229427247 -0.3867620371044831 -0.40577395786387127 -0.33016841251839635 -0.2452779756392669 -0.282859679465965 -0.2026116883536626 -0.1303221756987787 0.17187893683708078 0.466342639761562 0.6889589677232371 0.6361235135198209 0.5200623693491355 0.4095279463294359 0.3657563148136349 0.4051065694086482 0.4026748121022141 0.3633245575072013 0.12700196109108264 -0.0494109780483587 -0.24947828371401526 -0.3418850613584845 -0.40820571517030446 -0.4219119836247476 -0.36576049673073996 -0.25832103755559155 -0.19686389835663842 -0.10401498302009049 -0.04167356843697956 0.036142665368889215 0.13031799378167364 0.21520843066080309 0.13120226916583144 0.01447791845702806 -0.24284621833283326 -0.4263333605455353 -0.5729020054696576 -0.4970753912781434
-0.4278808424678111 -0.38344600441389165 -0.286175712156556 -0.15441867991707348 -0.1767466333670531 -0.22516071064968157 -0.3197781767545447 -0.23157170718482423 -0.08500306226070187 0.1225805841702945 0.18646948067568125 0.1473402949267073 0.0374690784451257 0.10334759456486697 0.18492199875340543 0.34519691213197046 0.22250370258010355 0.08588315572775418 -0.0724021380364559 -0.1864736625927863 -0.21830757642246024 -0.22029719603681475 -0.10799422224879951 -0.028409437674615567 -0.0021022449959269274 -0.14270203107698531 -0.2784383025451769 -0.42146984593266845 -0.4013525809430831 -0.2558892802491579 0.017130744609501036 0.30849948368943014 0.5218309201174511 0.6493876442821849 0.6557986408173271 0.5980996720010436 0.5189570251189393 0.2689281602483775 0.05957596304906554 -0.14557592607549763 -0.10843635994087819 -0.010723929991463432 0.15330915376977128
-0.61623149929338 -0.42102770824058977 -0.2510257656362911 -0.12413224800967582 -0.11484735647602085 -0.07925527226367768 -0.03813646690034922 0.11572744994307316 0.250358377181068 0.3686302098121468 0.284181910625096 0.11705386301930965 -0.09959360609930235 -0.21631795680810528 -0.38035104056934044 -0.5308989247221718 -0.7296398173115923 -0.8428270664837649 -0.8775348753119507 -0.8028136053506336 -0.6299377677478231 -0.4097531970925803 -0.1592821945299403 0.004308751539215727 0.060460238433223346 -0.050737391124594744 -0.13385927723540947 -0.20128527527742612 -0.14469165069133982 -0.0069657596087937534 0.21321881104644858 0.5375268081862483 0.7807025388295887 0.9350085933650893 0.8231477572691537 0.6045106685361867 0.31778437522308467 0.09914728649011817 0.03127915075602239 0.07814574611637548 0.27622343216767753 0.3553660790497828 0.32132147675971545
-0.21985505834473607 -0.14889195876608863 -0.046979220741925065 -0.07770779034140185 -0.19288465912792896 -0.1944321410502048 -0.17232525644626495 -0.13673317223392134 -0.07682351495724404 -0.1734306006764621 -0.31889390137038687 -0.41660633131980207 -0.29833449868872286 -0.13142751992897583 -0.22560284834176025 -0.4113006790148561 -0.6748147434938212 -0.7930865761249 -0.776506412671945 -0.503486387813286 -0.272911581394192 0.05228069112976552 0.16878397299252912 0.2421788298776102 0.051175346899568375 -0.08787695725921418 -0.13297500185125166 0.0102776103822797 0.15463556684600777 0.2806448090884657 0.3573556986641373 0.4555102663056312 0.6029631866139109 0.5693607220159222 0.5136513728139933 0.3880842682636141 0.41881283786309087 0.5132092351219146 0.5072403762788511 0.5516752143327697 0.41019115286755437 0.34121767290326144 -0.01227141191373926
-0.05759052535181608 -0.06643327919339237 -0.18802114451506213 -0.29833449868872286 -0.4234594655470234 -0.496191115893986 -0.4946436339717102 -0.58307117238747 -0.75992624921899 -0.896988933763418 -0.8662603641639413 -0.5782076577746031 -0.29745022330456505 -0.09030871456564737 -0.03725219151619141 -0.19288465912792896 -0.38035104056934044 -0.4093110594005016 -0.36244446404014896 -0.16657746644924032 -0.04101036189886109 0.16789969760837176 0.15706732415244096 -0.014703169220172896 -0.2291399498783906 -0.26959554870360103 -0.1303221756987787 0.06775551035252336 0.17187893683708078 0.27290739947708653 0.37990472096015626 0.5003872420516293 0.5229362643476483 0.4550681286135525 0.46678477745364066 0.597657534308965 0.722119294629147 0.7747336799865243 0.6966963773346162 0.6175537304525109 0.3699566228883837 0.024868154220879735 -0.33304230751690866
0.1594990814588746 -0.04056822420678241 -0.16304036491260998 -0.4557355170687756 -0.51675051857565 -0.5899243066146913 -0.5547743600944268 -0.6456336558166202 -0.8233730080322976 -0.7930865761249 -0.6142418796790254 -0.32486276021345084 -0.14557592607549763 -0.12943790031462132 -0.0757181707270469 -0.24417263140906975 -0.3217677963688992 -0.3507278152000608 -0.22184467795909057 -0.06156976458052554 0.06443947766193237 0.1581726683826381 0.05714420574263235 -0.11528949416809953 -0.20084313758534744 -0.0069657596087937534 0.13274975108810727 0.2782130517820325 0.1928804772108239 0.29435107754290835 0.39294778287648047 0.5306736739590274 0.5532226962550455 0.5306736739590274 0.6668520831192977 0.7988301842048191 0.837296163415675 0.6102584585332114 0.5322211558813033 0.25765364910036803 -0.01182927422166058 -0.3584652248114395 -0.6456336558166202
