static/ASC_sea/1979/10/ERA5V/00.asc
ncols         201
nrows         201
xllcorner     105.0
yllcorner     0.0
cellsize      0.25
NODATA_value  -32767
[rows 57 to 75 of 201, columns 43 to 85 of 201]
0.46037378091849757 0.5023768616659838 0.49353410782440754 0.4594895055343402 0.4243395590140757 0.43008734901110035 0.4378247586224795 0.34519691213197046 0.10887431571585182 -0.18846328220714126 -0.335916202515421 -0.33304230751690866 -0.2618581390922219 -0.1460180637675763 -0.1778519775972498 -0.23599308410561193 -0.2687112733194432 -0.2784383025451769 -0.35161209058421816 -0.4493245205336329 -0.5450473308686932 -0.6137997419869468 -0.6787939827225302 -0.739366846537326 -0.8116563591922095 -0.8541015776317744 -0.9664045514197896 -1.0722965286726622 -1.2027271478359083 -1.3349263177674695 -1.405889417346117 -1.4467871538634056 -1.4868006149965374 -1.550247373809845 -1.550247373809845 -1.6156837522375076 -1.6499494233736145 -1.619220853774138 -1.7125119068027645 -1.7310816898700743 -1.7423562010180835 -1.7085326675740553 -1.5953454184018825
0.4765118066793743 0.5359793262639725 0.5174095431966634 0.4853545605209497 0.4599316432264189 0.5067982385867715 0.4966290716689592 0.33790164021267044 0.0863252934198333 -0.22958208757046927 -0.27689082062290105 -0.2691534110115219 -0.26362668986053706 -0.2485940083298579 -0.30430335753178683 -0.34431681866491815 -0.3706240113436068 -0.3653183590386613 -0.46789430360094286 -0.5600800123993723 -0.6149050862171435 -0.6719408484953089 -0.7325137123101046 -0.8028136053506336 -0.8775348753119507 -0.9703837906484987 -1.0634537748310864 -1.166029719393368 -1.274574522798713 -1.3780347427451525 -1.4585038027034942 -1.5166449092118564 -1.5639536422642877 -1.6075042049340498 -1.656360419908757 -1.7262181752572074 -1.7792746983066634 -1.7432404764022411 -1.8237095363605829 -1.8349840475085921 -1.8402896998135378 -1.9634250470574837 -1.8219409855922677
0.4838070785986739 0.5331054312654606 0.5317790181892237 0.5132092351219146 0.4873441801353051 0.45020461400068523 0.33790164021267044 0.1747528318355931 -0.012713549605817942 -0.2191918518066176 -0.26627951601301003 -0.26230027678430057 -0.27158516831795554 -0.32972627482631767 -0.3403375794362087 -0.3692975982673703 -0.43031259977424474 -0.5171926562677287 -0.6045148504532918 -0.6328116627463349 -0.6504971704294871 -0.704216900017061 -0.8023714676585549 -0.873113498391163 -0.9429712537396133 -1.032283067539531 -1.1244687763379608 -1.252909775886852 -1.3764872608228766 -1.444797534249051 -1.524382318823235 -1.5756702911043758 -1.6293900206919503 -1.7032270152691098 -1.7553992629344082 -1.7940863109913032 -1.8345419098165134 -1.8971043932456635 -1.9521505359094742 -1.9970275116554723 -2.0752858831534198 -2.245729963449797 -1.9976907181935906
0.4882284555194625 0.5116617531996388 0.467669052837798 0.43694048323832124 0.4077593955611203 0.36133493789284676 0.18735375605983906 -0.02487233613798523 -0.20747520296652944 -0.27888044023725556 -0.23842484141204556 -0.20946482258088395 -0.20858054719672658 -0.24085659871847875 -0.3447589563569968 -0.45706193014501206 -0.5567639797087813 -0.5932403393052823 -0.6359066265908866 -0.6748147434938212 -0.7154914111650705 -0.763242281909581 -0.8647128822416654 -0.943413391431692 -1.0245456579281518 -1.1304376351810244 -1.2281500651304391 -1.3400109012263757 -1.4386076065599478 -1.4887902346108919 -1.5913661791731735 -1.664097829520136 -1.7363873421750198 -1.8272466378972132 -1.8692497186446992 -1.9267276186149431 -1.9859740693535024 -2.036598835096525 -2.063127096621253 -2.166145178875613 -2.2691632611299735 -2.2901648015037166 -1.7958548617596184
0.4329612440096122 0.45595240399770987 0.44777285669425204 0.4336244505477307 0.42610810978239044 0.3964848844131117 0.19730185413161205 -0.00298652038008429 -0.1572925749155858 -0.15972433222201898 -0.13629103454184266 -0.12744828070026681 -0.11816338916661184 -0.07770779034140185 -0.21830757642246024 -0.4258912228534566 -0.5914717885369671 -0.7548416657600838 -0.7563891476823597 -0.766558314600172 -0.7833595468991663 -0.8525540957094986 -0.9628674498831593 -1.0294091725410186 -1.0972773082751144 -1.1890208793814656 -1.2896072043293922 -1.4023523158094866 -1.5089074996004772 -1.5829655630236763 -1.6835518879716032 -1.7607049152393537 -1.8301205328957253 -1.8882616394040876 -1.9335807528421647 -2.0175869143371363 -2.11198331159596 -2.153765323497407 -2.2397611046067336 -2.3956146410645105 -2.526929535611914 -2.631937237480629 -2.1933366469384596
0.3730515867329345 0.40179053671805676 0.3964848844131117 0.3969270221051904 0.3900738878779686 0.3661984525057136 0.2689281602483775 0.09472590956933047 0.013593643072870698 0.005414095769412874 -0.020008821525118403 -0.07969740995575636 -0.08544519995278055 -0.07814992803348053 -0.10401498302009049 -0.2857335744644769 -0.4981807355083405 -0.7716428980590782 -0.8545437153238531 -0.8872619045376844 -0.902957792606482 -0.9535825583495043 -1.0634537748310864 -1.136848631716167 -1.2051589051423415 -1.2891650666373136 -1.3837825327421767 -1.4907798542252464 -1.5957875560939616 -1.6886364714305093 -1.7799379048447816 -1.8604069648031232 -1.9351282347644403 -2.000564613192103 -2.0527368608574013 -2.133869127353861 -2.2187595642329905 -2.321335508795272 -2.4482290264218878 -2.5645112394386125 -2.6953839962939368 -2.9135789473348246 -2.611819972491044
0.36266135096908325 0.39338992056856004 0.40179053671805676 0.38675785518737804 0.37106196711857997 0.31004696561170597 0.21520843066080309 0.11616958763515228 0.07571398880994185 0.05360710420600201 0.005856233461491556 -0.05228487304687057 -0.08102382303199285 -0.0918561964879232 -0.1104259795552327 -0.1964217606645593 -0.32972627482631767 -0.4986228732004192 -0.6166736369854591 -0.8662603641639413 -0.9668466891118683 -1.0795918005919622 -1.1885787416893865 -1.2652896312650586 -1.3232096689273813 -1.4003626961951317 -1.5020543653732559 -1.600651070706828 -1.7036691529611887 -1.8009394452185246 -1.8990940128600182 -1.9921639970426055 -2.03483028432821 -2.0927503219905326 -2.153323185805328 -2.2676157792076976 -2.3900879199135256 -2.4840421794802703 -2.599661185958877 -2.7046688878275917 -2.8647227323601174 -3.0742959984054687 -2.9288326977115435
0.3633245575072013 0.3916213698002444 0.3792415144220378 0.3540396659735463 0.3162368933008093 0.25190585910334384 0.15861480607471679 0.11771706955742811 0.08146177880696648 0.051175346899568375 0.010719748074358382 -0.035704709593915585 -0.07770779034140185 -0.10887849763295687 -0.1278904183923455 -0.18470511182447114 -0.25787889986351287 -0.2846282302342802 -0.38963593210299496 -0.6538132031200781 -0.9995648783256996 -1.1870312597671107 -1.3013238531694804 -1.4067736927302743 -1.4657990746227942 -1.5405203445841114 -1.6459701841449053 -1.734839860252744 -1.8296783952036466 -1.9302647201515737 -2.0094073670336785 -2.1020352135241875 -2.1568602873419587 -2.231581557303276 -2.3087345845710265 -2.411752666825387 -2.5410779417584357 -2.6376850274776533 -2.7754109185602 -2.922421701176401 -3.0371564322708493 -3.058600110336671 -2.9814470830689204
0.3520500463591918 0.3509447021289951 0.3387859155968278 0.3027516936924055 0.2483687575667135 0.1908908575964694 0.1747528318355931 0.1387186099311708 0.0995894241821973 0.058470618818868836 0.018457157685737524 -0.044989601127570555 -0.0918561964879232 -0.143144168769064 -0.17387273836854078 -0.23090850064670576 -0.27445906331646786 -0.25787889986351287 -0.36045484442579445 -0.6925002511769729 -1.0391362017667523 -1.2730270408764373 -1.3950570438901861 -1.513771014213344 -1.622536886464729 -1.6979213629641643 -1.7929809667611063 -1.8604069648031232 -1.9561297751381834 -2.055168618163835 -2.131879507739506 -2.2110221546216113 -2.2954704538086625 -2.3701917237699797 -2.4703359110258276 -2.5684904786673215 -2.6933943766795823 -2.8266988908413406 -2.9648669196159654 -3.1171833545371124 -3.2208646433295907 -3.172892703739041 -2.9312644550179767
0.3169000998389273 0.3153526179166515 0.3045202444607207 0.2680438848642197 0.22604080411673388 0.2074710210494244 0.19133299528854808 0.16215190761134712 0.1201488268638613 0.07261902496539019 -0.01426103152809377 -0.07925527226367768 -0.14756554568985214 -0.19774817374079579 -0.22073933372889343 -0.26627951601301003 -0.30629297714614134 -0.319336039062466 -0.3867620371044831 -0.7148282046269525 -1.0630116371390073 -1.3086191250887809 -1.4657990746227942 -1.6333692599206593 -1.744787958324517 -1.8285730509734497 -1.9185480713114853 -1.9815526924327145 -2.061579614698977 -2.1606184577246283 -2.2696053988220526 -2.3476427014739607 -2.4243535910496323 -2.5284770175341897 -2.6332636505568656 -2.7486615881894325 -2.8549957031343838 -3.002890761134742 -3.179745837966262 -3.327198758274542 -3.494105737034289 -3.3247670009681087 -3.004438243057018
0.2861715302394505 0.27622343216767753 0.26119075063699837 0.2494741017969102 0.24262096756968887 0.21874553219743387 0.1986282672078481 0.1639204583796623 0.11174821071436414 0.06532375304609017 -0.04587387651172792 -0.15884005683786162 -0.2344456021833361 -0.23930911679620293 -0.29103922676942284 -0.33989544174413 -0.37902462749310395 -0.3969312040222954 -0.3911834140252708 -0.5196244135741623 -0.8452588237901986 -1.300439577785323 -1.5460470657350962 -1.731523827562153 -1.8692497186446992 -1.9545822932159076 -2.0098495047257576 -2.1075619346751724 -2.171892968872638 -2.2660682972854223 -2.3766027203051223 -2.492221726783728 -2.592808051731655 -2.7011317862909614 -2.8278042350715378 -2.9511606511615227 -3.038040707655007 -3.198757758725651 -3.3837923828606287 -3.5478254666218634 -3.763809729202357 -3.4386174566784 -2.566058721360888
0.27047564217065334 0.26516998986570783 0.25433761640977703 0.23731531526474337 0.2275882860390097 0.2167559125830789 0.2074710210494244 0.17917420875638124 0.1048950764871428 0.06642909727628732 -0.0025443826880056086 -0.09782505533098718 -0.21101230450315978 -0.29103922676942284 -0.37902462749310395 -0.41616419362772294 -0.41992236401039307 -0.4586094120672879 -0.45750406783709074 -0.532667475490487 -0.8364160699486223 -1.350180068144188 -1.6090516868563256 -1.772421564079442 -1.9302647201515737 -2.0562739623940316 -2.087002531993508 -2.1763143457934255 -2.2744689134349194 -2.385224405300659 -2.49907486101095 -2.5912605698093794 -2.71638553666768 -2.8412894346799407 -2.972825398073384 -3.1171833545371124 -3.2281599152488907 -3.3700861144061856 -3.512675520101599 -3.654380650412854 -3.7817163057315484 -3.637800486959899 -2.969730434228832
0.22206156488802486 0.21631377489100023 0.21078705374001538 0.20061788682220305 0.18735375605983906 0.1528670160776926 0.11130607302228546 0.06333413343173566 0.017572882301579718 -0.04101036189886109 -0.13916492954035498 -0.24572011333134558 -0.3306105502104755 -0.36487622134658215 -0.4654625462945092 -0.5205086889583197 -0.5317832001063292 -0.54261557356226 -0.5240457904949505 -0.5680384908567908 -0.8589650922446412 -1.3990362831188956 -1.7642420167759842 -1.8769871282560782 -1.986416207045581 -2.1064565904449752 -2.2203070461552663 -2.2667315038235403 -2.3350417772497147 -2.4497765083441636 -2.599219048266798 -2.70909026474838 -2.8399630216037046 -2.9648669196159654 -3.0968450207014873 -3.2467296983162006 -3.3643383244091614 -3.4810626751179643 -3.604640160053989 -3.722690923839029 -3.783263787653824 -3.687983115010843 -3.462492892050655
0.21719805027515804 0.19818612951576942 0.1787320710643021 0.1376132657009741 0.1048950764871428 0.05957596304906554 -0.0014390384578089055 -0.05759052535181608 -0.07770779034140185 -0.16414570914280713 -0.26627951601301003 -0.353159572506494 -0.4024579251732803 -0.4146167117054471 -0.47275781821380924 -0.5322253377984079 -0.5777655200825245 -0.6036305750691344 -0.6166736369854591 -0.6142418796790254 -0.7992765038140033 -1.116289229034503 -1.6534865249102448 -1.961435427443129 -2.100708800447951 -2.1524389104211705 -2.238434691530497 -2.3682021041556247 -2.4307645875847754 -2.521623883306969 -2.6513912959320964 -2.783811534709697 -2.9268430780971886 -3.060147592258947 -3.197873483341493 -3.340462889036906 -3.4565240332075913 -3.582533275450049 -3.6928466296237095 -3.7817163057315484 -3.892692866443327 -3.8199612160963645 -3.672508295788085
0.19133299528854808 0.1634783206875836 0.11860134494158547 0.07814574611637548 0.03304770152433756 -0.033272952287482394 -0.09870933071514454 -0.17099884337002846 -0.22361322872740574 -0.31358824906544136 -0.38145638479953714 -0.4473349009192784 -0.4413660420762149 -0.4747474378281642 -0.5253722035711865 -0.5870504116161794 -0.6387805215893989 -0.6622138192695752 -0.6739304681096634 -0.6768043631081757 -0.709522552322007 -0.9239593329802247 -1.2657317689571372 -1.8179617463635585 -2.0527368608574013 -2.255014854983452 -2.3087345845710265 -2.4037941883679683 -2.4946534840901617 -2.5923659140395765 -2.725670428201335 -2.879976482736836 -3.026987265353037 -3.163165674513307 -3.2989019459814988 -3.4479023482120543 -3.570816626609961 -3.7081003800004284 -3.8150977014834977 -3.897998518748273 -3.973161926401669 -3.9654245167902897 -3.8624064345359295
0.3275114044488183 0.22117728950386706 0.16215190761134712 0.04189045536591385 -0.0352625719018369 -0.1051203272502872 -0.16900922375567395 -0.23400346449125742 -0.2945763283060532 -0.3584652248114395 -0.4267754982376144 -0.45219841553214524 -0.4433556616905694 -0.4946436339717102 -0.5605221500914515 -0.6202107385220894 -0.6569081669646297 -0.6703933665730331 -0.680341464644806 -0.7422407415358379 -0.7822542026689696 -0.8985364156856939 -1.0068601502449996 -1.4189324792624416 -1.8838402624832995 -2.1564181496498795 -2.364886071465034 -2.455524298341188 -2.552794590598524 -2.662223669388027 -2.7882329116304847 -2.9527081330837985 -3.1196151118435456 -3.26176237984688 -3.4233637063016813 -3.5772276231451037 -3.701247245773207 -3.827256488015665 -3.9375698421893253 -4.047441058670907 -4.106466440563427 -4.0870123821119595 -4.061589464817429
0.31579475560873016 0.21321881104644858 0.2015021622063604 0.09516804726140915 0.008730128460003872 -0.1212583530111635 -0.18558938720862894 -0.27689082062290105 -0.33834795982185417 -0.39759441056041345 -0.45175627784006656 -0.4771791951345974 -0.47032606090737605 -0.5098973843484287 -0.5563218420167027 -0.5395206097177083 -0.5693649039330273 -0.6210950139062468 -0.692942388869052 -0.7455567742264289 -0.812982772268446 -0.9345706375901162 -1.0068601502449996 -1.182609882846323 -1.6490651479894567 -2.1840517554048047 -2.40688915221252 -2.4962009660124376 -2.6332636505568656 -2.7431348670384472 -2.8892613742704905 -3.0621372118733015 -3.2241806760201817 -3.395509031700717 -3.5586578400777937 -3.7149535142276497 -3.865280329534442 -3.989742089854624 -4.086570244419881 -4.188482982444045 -4.2353495778043975 -4.239770954725185 -4.218327276659363
0.017572882301579718 0.11661172532723096 0.10533721417922148 0.1243491349386101 0.058470618818868836 -0.0841187868765445 -0.23643522179769105 -0.33304230751690866 -0.36288660173222764 -0.39958403017476796 -0.45374589745442107 -0.4667889593707457 -0.4643572020643121 -0.47408423129004573 -0.43760787169354476 -0.42102770824058977 -0.5224983085726747 -0.6440861738943444 -0.775843206133827 -0.7543995280680051 -0.8218255261100222 -0.9381077391267465 -1.0596956044484163 -1.2184230359047055 -1.7085326675740553 -2.2461721011418763 -2.4595035375698973 -2.566058721360888 -2.707542782826104 -2.8642805946680383 -3.0157127542050275 -3.2031791356464385 -3.363232980178964 -3.535666680089696 -3.708542517692507 -3.8599746772294963 -4.020470659454101 -4.141616387083691 -4.238444541648949 -4.324219253912236 -4.3783811211918895 -4.388329219263662 -4.407341140023051
-0.335916202515421 -0.2291399498783906 -0.1900107641294171 -0.11926873339680899 -0.16613532875716164 -0.2846282302342802 -0.43760787169354476 -0.39958403017476796 -0.37349790634211866 -0.38631989941240397 -0.323315278291175 -0.33348444520898735 -0.33016841251839635 -0.3173464194481115 -0.26959554870360103 -0.33149482559463284 -0.4473349009192784 -0.7612526622952265 -1.045547198301895 -0.9942592260207541 -0.8667025018560204 -0.9644149318054351 -1.0493053686845646 -1.2071485247566964 -1.6996899137324795 -2.295028316116584 -2.5278138109960717 -2.662223669388027 -2.8428369166022165 -2.999574728444151 -3.1781983560439864 -3.374065353634895 -3.542519814316918 -3.7081003800004284 -3.8823026306794755 -4.0259973806050855 -4.162617927457434 -4.283321517394947 -4.373517606579022 -4.463492626917058 -4.545509168797675 -4.5512569587947 -4.572921705706561
