static/ASC_sea/1979/05/ERA5V/00.asc
ncols         201
nrows         201
xllcorner     105.0
yllcorner     0.0
cellsize      0.25
NODATA_value  -32767
[rows 114 to 132 of 201, columns 43 to 85 of 201]
-0.8076536434190407 -0.9975390634435893 -1.1807088187457844 -1.338862722957212 -1.4785485491821677 -1.5337848915235262 -1.613869193337593 -1.658192580505127 -1.636198778539419 -1.5601438755587642 -1.4736796922584612 -1.3940990652985707 -1.207571477635199 -0.9292071748936412 -0.6533612464229661 -0.4307369608769436 -0.2598232936930438 -0.12215216688479458 -0.10704192125949885 -0.2549544367693375 -0.4121009912724122 -0.4371168423631795 -0.2613343182555734 0.05228722427834076 0.28313819910924654 0.4062027551463767 0.5287636363293304 0.6425941533732242 0.7191527312080557 0.753402621292059 0.8355016225228322 0.9291851453996651 0.9706543750601988 0.9839178128868471 0.9897940195189066 1.0044005902900257 1.0351247563947936 0.9637708187197864 0.8959426050240147 0.8710946455513062 0.8939279056073086 0.9437917161707843 0.9901298027550243
-0.6876111365069697 -0.8437503413016914 -1.0097951515618846 -1.1650948982663123 -1.2554205887819685 -1.3208983198249162 -1.3920843658818647 -1.4419481764453403 -1.4184433499171027 -1.3281176594014465 -1.24215715095532 -1.1645912234121356 -1.0230585893885331 -0.7905286983770389 -0.5318077149483655 -0.2974310161382241 -0.1342403633850311 -0.028804427244079167 0.01702998448598425 0.06336807107022424 0.04876150029910509 0.10047211866122807 0.21816414292047526 0.3481122552980178 0.4545555411473228 0.5683860581912168 0.672310969769639 0.7562567787990593 0.806120589362535 0.8675689215720708 0.981903113470141 1.0561112086521485 1.0975804383126824 1.11235490070186 1.1220926145492731 1.1279688211813323 1.096573088604329 1.0384825887559703 1.045366145096383 1.08196651783321 1.178168414980926 1.2669830809340525 1.3393443683174127
-0.5883871902341948 -0.7032250569864418 -0.8598679366353401 -1.0225549145343567 -1.1216109691890725 -1.175839961822078 -1.2104256351421991 -1.249544382149909 -1.2408140180108493 -1.1733215875511953 -1.0655351687574197 -0.953719351130232 -0.8319979280375726 -0.6592374530550256 -0.4233497296823545 -0.22271924610204008 -0.06641214968925946 0.09761796115422783 0.23629643767083008 0.31889911375577973 0.4028449227852 0.46378958014055915 0.5326251435446838 0.6137167950671036 0.6659310882834031 0.7416502080279401 0.8242528841128898 0.8935921223711909 0.960916661212786 1.0619874152842081 1.1440864165149809 1.215776137426106 1.2851153756844074 1.3076128525042918 1.3086202022126447 1.2983788135110554 1.276888686399524 1.2743703121286414 1.2943494146776433 1.3784631153251223 1.470635613639426 1.5238572565640784 1.5712026928566716
-0.5254278334621296 -0.6298564198947285 -0.7163206031950313 -0.8403925089405145 -0.9634570649776447 -1.0166787079022972 -1.0420303422291821 -1.053782755493301 -1.0420303422291821 -0.9780636357487639 -0.872627699607812 -0.7539283256402116 -0.6318711193114346 -0.4717025156833007 -0.322782650465109 -0.16059934742026905 0.025928240243102918 0.22118619204553447 0.3988155239517879 0.5463922562255086 0.6556896995818138 0.7446722571529993 0.8094784217237119 0.8506118681481278 0.8877159157391314 0.9315356280524889 0.9995317333663194 1.0888500741736227 1.1748105826197488 1.2666472976979346 1.3416948509702364 1.4091872814298902 1.45989055008366 1.5087470109387828 1.5282224386336085 1.5223462320015488 1.5053891785776061 1.4990092970913702 1.5161342421333717 1.579093598905437 1.6346657244829133 1.6620320582265045 1.715757376005333
-0.4121009912724122 -0.47757872231536 -0.5172011441772464 -0.6280096120960812 -0.7470447692997992 -0.8217565393359832 -0.8467723904267505 -0.8393851592321615 -0.8232675638985127 -0.7915360480853919 -0.6894579443056168 -0.5727732697547226 -0.4404746747243563 -0.31892114324975573 -0.20660165076839132 -0.056674435841846726 0.13472200874523144 0.34911960500637096 0.5814816043998063 0.7455117152432935 0.8813360342528955 0.9726690744769049 1.050738676874266 1.0975804383126824 1.1215889396950964 1.1497947315289818 1.2114109553565764 1.3040871285250564 1.4007927005269485 1.4672777812782494 1.5381280440990799 1.5795972737596138 1.6220738531285002 1.663543082789034 1.6684119397127404 1.6694192894210933 1.6454107880386792 1.6323152418300895 1.6440676550942084 1.6825148356296826 1.721129907783216 1.7602486547909262 1.8300915679034038
-0.2598232936930438 -0.29004378494363514 -0.3296662068055215 -0.39061086416088064 -0.4947036673573618 -0.5927523723037247 -0.6290169618044343 -0.6264985875335516 -0.6182718982486685 -0.5865403824355475 -0.5172011441772464 -0.40001279477217566 -0.3095192126384606 -0.1968639369209786 -0.07077733175878931 0.079485666403873 0.2695389780464805 0.49988627802320984 0.732416169034704 0.9266667711287826 1.0624910901383844 1.1801831143976318 1.265136273135405 1.319868940622587 1.3475710576022957 1.3887045040267116 1.4721466382019557 1.565326486224612 1.6182123459131468 1.684529535046389 1.6937635740396253 1.7201225580748631 1.751854073887984 1.7631028122979262 1.7563871475755728 1.7484962415268073 1.7241519569082753 1.7206262329290398 1.7323786461931583 1.7620954625895733 1.8027252341598126 1.8690424232930547 1.944761543037592
-0.004963817479723853 -0.035184308730315084 -0.1083850542039696 -0.16597187919815193 -0.24605618101221893 -0.33638187152787513 -0.3916182138692337 -0.4443361819397096 -0.43459846809229685 -0.38826038150805686 -0.31892114324975573 -0.2662031751792797 -0.1953529123584491 -0.09579318284955662 0.0472504757365757 0.19667401580894373 0.4023412479310233 0.6377252964495179 0.8754598276208361 1.069710429714915 1.235755239975108 1.3613381702831209 1.4588832003753072 1.526375630834961 1.5873202881903201 1.6825148356296826 1.766628536277162 1.8080977659376956 1.8608157340081717 1.8500706704524057 1.8441944638203465 1.841340306313346 1.848559645889876 1.8354640996812868 1.817331804930932 1.8129666228614019 1.8206896372921086 1.817331804930932 1.8329457254104038 1.859304709445642 1.9247824404885896 2.0018446931775977 2.079074837484664
0.32376797067948604 0.24452312695571332 0.1577231604192928 0.05614873149369415 -0.018563038542489863 -0.07816456295337837 -0.16697922890650496 -0.24605618101221893 -0.24605618101221893 -0.20357960164333222 -0.167986578614858 -0.12349529982926533 -0.07027365690461285 0.017533659340160712 0.13522568359940812 0.2969053117900715 0.524902129113977 0.7500447889308823 0.9916408273175539 1.2236670434748715 1.3999532424366543 1.5346023201198444 1.6356730741912662 1.7607523296451024 1.8954014073282925 1.9926106541843613 2.04784699652572 2.0770601380679583 2.0429781396020137 2.011750298643069 1.96239016293377 1.9560102814475342 1.9227677410718838 1.9048033379395877 1.8920435749671158 1.8915399001129392 1.9066501457382352 1.9501340748154745 1.9746462510520653 2.004866742302657 2.0765564632137816 2.1547939572292014 2.2274910278486795
0.6122057705045743 0.5287636363293304 0.3998228736601408 0.27088211099095116 0.20120708949653232 0.13908719081476129 0.039023786451692466 -0.015205206181313047 -0.027797077535726133 -0.01570888103548962 0.008803295201101125 0.03130077202098569 0.07864620831357882 0.1641030419055287 0.2992557944428953 0.47016946162679507 0.6556896995818138 0.8818397091070722 1.1699417256960425 1.4110340892285378 1.5765752246345546 1.712903218498333 1.8124629480072256 1.9667553450032997 2.1611738387154373 2.286588877405391 2.3011954481765104 2.2597262185159765 2.2054972258829713 2.151771908104142 2.084447369262547 2.0125897567333633 1.986734447552302 1.9848876397536546 1.9754857091423594 1.9964721613997147 2.0439854893103666 2.1029154472490195 2.157144439882025 2.1903869802576756 2.2328635596265625 2.3001880984681575 2.35340974139281
0.8291217410365961 0.7245252629859384 0.6006212488585141 0.4814182000367373 0.3979760658614935 0.316380739484897 0.25577186536565555 0.2230329998441818 0.19919239007982625 0.1953308828644731 0.1884473265240605 0.19096570079494324 0.24502680180988978 0.3471049055896649 0.47856404252973705 0.6117020956503976 0.8412099375368327 1.1605397950847474 1.4862495341188984 1.746481542110101 1.9048033379395877 1.9590323305725934 1.9536597987947104 1.95802498086424 2.1240697911244335 2.3262112992672774 2.394039512963049 2.343672027545397 2.267113449710566 2.2157386145845606 2.1719189022712033 2.1049301466657258 2.070848148199781 2.088812551332077 2.098046590325313 2.132296480409317 2.17091155256285 2.2343745841890916 2.309086354225276 2.348037209614927 2.3681842037819876 2.4062956010813448 2.438362900130583
0.9847572709771415 0.8695836209887768 0.7695202166257078 0.6702962703529329 0.5702328659898641 0.46865843706426547 0.40956058750755364 0.3862236525973748 0.3778290716944328 0.35449213678425395 0.3158770646307205 0.3197385718460739 0.40083022336849394 0.4906522390299737 0.5991102242959845 0.7831194376884738 1.0707177794232678 1.3710758841305335 1.7098811693732738 1.976996733704889 2.01309343158754 1.6947709237479782 1.4711392884936028 1.465263081861543 1.7241519569082753 2.1054338215199024 2.3876596314768133 2.402769877102109 2.3221819004338653 2.2597262185159765 2.246630672307387 2.230848860209856 2.1918980048202052 2.2533463370297406 2.275340138995449 2.2714786317800955 2.2958229163986275 2.364658479802752 2.4413849492556423 2.4667365835825272 2.46774393329088 2.480503696263352 2.5117315372222966
1.1034566449447416 0.9834141380326706 0.8759635024750128 0.772374374132708 0.6771798266933455 0.569225516281511 0.5111350164331521 0.4862870569604436 0.471176811335148 0.4350801134524973 0.4077137797089063 0.4422994530290274 0.5185222476277411 0.5947450422264546 0.7201600809164086 0.935565026885901 1.2431424711696972 1.539974851897727 1.8876783928975862 2.0335762089907186 1.526375630834961 0.9632671438656097 0.6239581837686929 0.6702962703529329 1.0839812172499164 1.9042996630854114 2.3740604104140473 2.4915845430552355 2.3797687254280477 2.3252039495589245 2.342664677837044 2.352066608448339 2.3221819004338653 2.3735567355598706 2.405791926227168 2.402769877102109 2.409149758588345 2.459517244005997 2.5087094880972374 2.541448353618711 2.528352807410122 2.527849132555945 2.5493392596674767
1.216783487134459 1.0678636219162674 0.9540331048723736 0.8437283118077152 0.7539062961462355 0.6572007241443434 0.6200966765533396 0.5814816043998063 0.5433702071004496 0.5057624846552693 0.5029083271482688 0.5463922562255086 0.6249655334770461 0.7201600809164086 0.8457430112244213 1.1088291767226246 1.4263122264718922 1.7641101620062796 2.0747096554151345 1.7894617963331645 1.1597003369944532 0.6001175740043376 0.3299799605476632 0.2549324072753614 0.44481782729991015 1.2807501936148773 2.487723035839882 2.615656448800719 2.413514940657875 2.321678225579689 2.4232526545052875 2.4370197671861122 2.4224131964149933 2.4472611558877015 2.499475449104001 2.513074670166767 2.510220512659767 2.5140820198751204 2.5580696238065364 2.586946982112657 2.5580696238065364 2.5634421555844193 2.602560902592129
1.3139927339905277 1.1645691939181595 1.0233723431306747 0.9043371859269567 0.8378521051756558 0.7641476848478248 0.7319124941805275 0.6592154235610495 0.6283233658382228 0.6006212488585141 0.5981028745876316 0.6649237385750502 0.7406428583195872 0.8496045184397747 0.968303892407375 1.2763850115453477 1.5916854702598502 1.9496303999612983 2.2075119252996775 1.9189062338565304 1.008262097505379 0.5321214686905071 0.3294762856934865 0.27625464276883416 0.32225694611695643 0.8027627570013582 2.0747096554151345 2.664009234801665 2.461867726658821 2.3231892501422187 2.442895973818172 2.481343154353646 2.479496346554999 2.485876228041235 2.56629631309142 2.582917583279245 2.582917583279245 2.586946982112657 2.602057227737953 2.6274088620648377 2.618678497925778 2.6245547045578372 2.656286220370958
1.4081799317215373 1.2646325982812288 1.1229320726395673 1.007254747797026 0.9511789473653733 0.8779782018917188 0.8358374057589497 0.756760453653236 0.7421538828821168 0.7142838742843491 0.7304014696179979 0.7973902252234752 0.8657221137734235 0.9892903446647301 1.113698033646331 1.4478023535834237 1.7548761230130432 2.166882153729438 2.423756329359464 1.6489365120179147 0.7347666516875277 0.45170138364032253 0.3007668190054249 0.48343289945344337 0.5121423661415052 0.7401391834654107 1.7733442009995155 2.3661695043652817 2.4569988697351146 2.318320393218512 2.4398739246931127 2.4951102670344714 2.5263381079934155 2.51559304443765 2.5990351786128936 2.6366429010580736 2.6366429010580736 2.639664950183133 2.6547751958084285 2.688857194274373 2.6962444254689624 2.699602257830139 2.710347321385905
1.5194920744945488 1.3759447410542398 1.2485150029475798 1.1382102098829217 1.0804554932706805 0.9829104631784942 0.9281777956913122 0.859845907141364 0.8496045184397747 0.8452393363702448 0.8613569317038936 0.911556525503487 0.9726690744769049 1.1518094309456877 1.2846117008302307 1.6029342086697924 1.8954014073282925 2.3198314177810415 2.3856449320601074 1.6093140901560283 0.5282599614751537 0.23377806339994756 0.3330020096727222 0.6958157962978768 0.7441685822988229 0.5213764051347414 1.4995129719455464 2.3006917733223338 2.3915211386921666 2.3369563628230434 2.432150910262406 2.5253307582850626 2.578552401209715 2.5726761945776557 2.6352997681136032 2.6781121307186075 2.704135331517728 2.7074931638789046 2.714376720219317 2.7474513689769084 2.751480767810321 2.7568532995882036 2.760714806803557
1.6049489080864987 1.472650313056132 1.3447169000952957 1.2607710910658754 1.1932786606062216 1.088346399319446 1.013634629283262 0.9530257551640204 0.9770342565464347 0.9765305816922583 0.9686396756434927 1.0107804717762616 1.1142017085005076 1.319868940622587 1.447298678729247 1.7249914149985695 2.0063777668651865 2.364658479802752 2.3935358381088725 1.5277187637794318 0.45841704836267616 0.22353667469835825 0.4486793345152633 0.8432246369535388 0.8378521051756558 0.4476719848069104 0.825092342203184 1.780227757339928 2.5877864402029513 2.607933434370012 2.496621291597001 2.602057227737953 2.6337887435510736 2.672403815704607 2.7162235280179643 2.7573569744423803 2.782708608769265 2.779686559644206 2.787073790838795 2.796811504686208 2.782708608769265 2.790431623199972 2.789592165109678
1.660185250427857 1.5297334631961381 1.4263122264718922 1.349585757019002 1.2773923612537006 1.204023724161987 1.119070565424214 1.0824701926873868 1.1064786940698008 1.087339049611093 1.0668562722079145 1.1088291767226246 1.23978463880852 1.4442766296041882 1.5770788994887308 1.8198501792018145 2.0376056078241307 2.394039512963049 2.242601273473975 1.338840693463236 0.34911960500637096 0.09174175452216837 0.4310507146190852 0.7915140185914158 0.7738853986952376 0.3509664128050183 0.45354819143896985 1.596218543947439 2.6366429010580736 2.8213236809227986 2.63865760047478 2.723107084358377 2.7074931638789046 2.785059091422089 2.779686559644206 2.827535670790976 2.8559093542429195 2.8471789901038598 2.829046695353505 2.8203163312144452 2.827535670790976 2.8329082025688583 2.8193089815060923
1.6650541073515632 1.5604576293009056 1.4803733274868387 1.41506348806195 1.3505931067273549 1.281253868469054 1.2134256547732822 1.214768787717753 1.2083889062315172 1.1811904641059847 1.1659123268626304 1.2083889062315172 1.3344755113937063 1.5156305672791954 1.6172049962047939 1.7827461316108106 2.0122539734972458 2.2948155666902745 1.938381661551356 1.0013785411649667 0.22269721660806407 0.13321098418270205 0.36137569312466633 0.5791311217469826 0.6216077011158692 0.33249833481854574 0.471176811335148 1.6694192894210933 2.7753213775746763 2.9657104724534014 2.7622258313660866 2.8124254251656797 2.7875774656929715 2.865143393236156 2.8354265768397413 2.875888456791922 2.8940207515422767 2.8960354509589825 2.8940207515422767 2.8740416489932743 2.8822683382781578 2.8779031562086277 2.9139998540912786
