static/ASC_sea/1979/05/ERA5V/00.asc
ncols         201
nrows         201
xllcorner     105.0
yllcorner     0.0
cellsize      0.25
NODATA_value  -32767
[rows 76 to 94 of 201, columns 86 to 128 of 201]
-1.3731126130412157 -1.3705942387703332 -1.3721052633328625 -1.3789888196732751 -1.3667327315549798 -1.3480967619504485 -1.3193872952623868 -1.3311397085265055 -1.3603528500687438 -1.3910770161735115 -1.4453060088065173 -1.4926514450991102 -1.584488160177296 -1.6743101758387757 -1.7016765095823667 -1.4224727487505149 -1.274896016476794 -1.1070043984179534 -0.8633936606145757 -0.5791531512409587 -0.3140522863260493 -0.13373668853085452 -0.009832674403430164 0.012664802416454402 0.05799553929234147 0.07914988316775529 0.10198314322375768 0.10937037441834652 0.11810073855740622 0.1288458021131722 0.13959086566893797 0.1595699682179399 0.18693630196153088 0.19768136551729665 0.2104411284897687 0.215309985413475 0.22555137411506432 0.24166896944871308 0.26601325406724485 0.3017741687137778 0.3363598420338991 0.3744712393332559 0.40956058750755364
-1.481402706689168 -1.48979728759211 -1.5015497008562289 -1.4921477702449337 -1.4711613179875787 -1.4429555261536935 -1.4263342559658683 -1.4150855175559258 -1.4150855175559258 -1.4322104625979275 -1.4614236041401658 -1.5117910895578182 -1.5698815894061768 -1.6528200487272442 -1.714939947409015 -1.6758212004013053 -1.5870065344481787 -1.4365756446674576 -1.24215715095532 -0.9770562860404107 -0.6664567926315557 -0.4043779768417055 -0.21969719697698087 -0.09377848343285045 -0.018563038542489863 0.005781246076042024 0.017533659340160712 0.015518959923454645 0.015518959923454645 0.03314757981963301 0.06538277048693031 0.09912898571675743 0.13136417638405473 0.1641030419055287 0.19096570079494324 0.201710764350709 0.20993745363559202 0.220682517191358 0.23730378737918323 0.2680279534839509 0.2992557944428953 0.3299799605476632 0.3642298506316666
-1.5806266529619428 -1.598255272858121 -1.5985910560942385 -1.590868041663532 -1.5606475504129407 -1.514141572210642 -1.476030174911285 -1.4491675160218704 -1.44345920100787 -1.4419481764453403 -1.4424518512995168 -1.4931551199532866 -1.5645090576282938 -1.6059782872888277 -1.6167233508445933 -1.6031241297818273 -1.619241725115476 -1.5821376775244722 -1.4458096836606937 -1.1870887002320203 -0.847276065280927 -0.5883871902341948 -0.37885845089676184 -0.2275881030257464 -0.14548910179497343 -0.13088253102385428 -0.1288678316071482 -0.1167796351069117 -0.08689492709243807 -0.04391467286937478 0.005277571221865451 0.04926517515328177 0.08586554789010892 0.11575025590458266 0.13774405787029065 0.14983225437052727 0.16208834248882265 0.17568756355158865 0.18945467623241363 0.21631733512182816 0.23344228016382984 0.25090300844194924 0.27776566733136376
-1.6586962553593034 -1.6781716830541291 -1.6768285501096583 -1.6533237235814207 -1.5967442482955914 -1.5248866357664075 -1.4867752384670507 -1.4609199292859893 -1.4453060088065173 -1.438086669229987 -1.431706787743751 -1.459073121487342 -1.510783739849465 -1.5606475504129407 -1.5683705648436472 -1.5821376775244722 -1.6016131052192977 -1.5527566443641752 -1.3828503268886285 -1.1420937465922512 -0.8857232458164015 -0.6610842608536729 -0.4814402295307134 -0.36626657954234876 -0.3242936750276386 -0.28282444536710494 -0.25243606249845485 -0.20995948312956814 -0.14548910179497343 -0.09277113372449741 -0.035687983584491656 0.010650102999748334 0.03952746130586893 0.05849921414651793 0.07814253345940236 0.08788024730681498 0.11658971399487683 0.13807984110640836 0.14848912142605641 0.15419743644005712 0.1572194855651161 0.18206744503782457 0.22118619204553447
-1.7100710904853087 -1.7090637407769558 -1.6978150023670135 -1.6410676354631253 -1.5663558654269412 -1.4961771690783459 -1.4526932400011061 -1.4273416056742212 -1.410720335486396 -1.3999752719306302 -1.4214653990421617 -1.4526932400011061 -1.4946661445158163 -1.5225361531135837 -1.53177019210682 -1.5092727152869354 -1.4649493281194015 -1.3964495479513945 -1.2700271595530876 -1.0913904779384813 -0.89462150157352 -0.739825429723269 -0.584022008164665 -0.4814402295307134 -0.41562671525164785 -0.35065265906287657 -0.2836639034573992 -0.2260770784632169 -0.15489103240626845 -0.09713631579402726 -0.048783529793081204 -0.032665934459432555 -0.01570888103548962 -0.022928220612019712 -0.007817974986724097 0.007795945492748091 0.02189884140969056 0.03952746130586893 0.04489999308375192 0.05799553929234147 0.08301139038310867 0.13136417638405473 0.17719858811411826
-1.7495256207291363 -1.7377732074650174 -1.684551564540365 -1.622599557476653 -1.5405005562458798 -1.478044874327991 -1.4291884134728685 -1.4092093109238664 -1.4018220797292775 -1.3956100898611004 -1.3994715970764537 -1.431706787743751 -1.457058422070636 -1.480059573744697 -1.4985276517311696 -1.4560510723622828 -1.3964495479513945 -1.2930283112271488 -1.168452730627489 -1.0435413667917117 -0.8877379452331076 -0.7416722375219162 -0.6290169618044343 -0.5269388580246592 -0.4453435316480626 -0.3652592298339957 -0.28853276038110554 -0.21785038917833366 -0.15522681564238616 -0.1387734370726198 -0.12450264953761836 -0.10737770449561657 -0.10704192125949885 -0.11241445303738185 -0.12349529982926533 -0.10351619728026329 -0.08588757738408503 -0.06490112512672996 -0.05465973642514066 -0.035687983584491656 0.007795945492748091 0.06487909563275385 0.14647442200935035
-1.800396781000965 -1.732904350541311 -1.6796827076166587 -1.6031241297818273 -1.5200177788427012 -1.4688108353347549 -1.4301957631812214 -1.4102166606322195 -1.3940990652985707 -1.395106415006924 -1.396953222805571 -1.4102166606322195 -1.4355682949591044 -1.4194506996254557 -1.4184433499171027 -1.374959420839863 -1.310656931123327 -1.2070678027810224 -1.1039823492928942 -0.9903197238670591 -0.8565101042741632 -0.7334455482370331 -0.6201187060473157 -0.5318077149483655 -0.4560885952038285 -0.382887849730174 -0.33940392065293423 -0.26804998297792704 -0.2544507619151609 -0.24370569835939515 -0.23497533422033545 -0.2363184671648061 -0.23531111745645306 -0.23883684143568873 -0.24572039777610122 -0.2222155712478635 -0.19971809442797894 -0.17873164217062387 -0.1459927766491499 -0.11241445303738185 -0.04156419021655111 0.06101758841740046 0.14311658964817364
-1.826755765036203 -1.7548981525070193 -1.6694413189150694 -1.5923790662260615 -1.5161562716273478 -1.4716649928417551 -1.4345609452507513 -1.4063551534168661 -1.386711834103982 -1.3915806910276882 -1.390573341319335 -1.4013184048751008 -1.3887265335206878 -1.3700905639161567 -1.3393663978113888 -1.2837942722339126 -1.2216743735521416 -1.146458928661781 -1.0448844997361824 -0.9355870563798772 -0.8408961837946911 -0.7173279529033845 -0.6567190787841429 -0.570422787101899 -0.5264351831704827 -0.4863090864544197 -0.449205038863416 -0.4199918973211777 -0.40874315891123547 -0.3964870707929401 -0.3793621257509383 -0.3813768251676444 -0.3588793483477598 -0.3619013974728189 -0.34813428479199393 -0.3212716259025795 -0.2984383658465771 -0.23497533422033545 -0.19971809442797894 -0.1318898807322073 -0.03132280151496181 0.07277000168151937 0.14798544657187995
-1.8344787794669095 -1.7387805571733705 -1.6528200487272442 -1.5839844853231195 -1.5200177788427012 -1.469818185043108 -1.4248232314033387 -1.3964495479513945 -1.3823466520344518 -1.376974120256569 -1.3705942387703332 -1.3574986925617436 -1.3447389295892718 -1.302262350220385 -1.2676766769002639 -1.2090825021977285 -1.1446121208631337 -1.0688930011185966 -1.0108025012702377 -0.9067096980737566 -0.831494253183396 -0.7823020090921557 -0.7211894601187377 -0.6889542694514403 -0.6646099848329085 -0.6454703403742006 -0.6216297306098453 -0.5922486974495482 -0.5502757929348381 -0.5381875964346015 -0.5146827699063639 -0.4819439043848899 -0.4594464275650053 -0.42972961116859054 -0.40924683376541193 -0.3793621257509383 -0.3301698816596981 -0.2662031751792797 -0.19484923750427252 -0.11627596025273512 -0.023431895466196284 0.05127987456998784 0.12699899431452488
-1.7832718359589632 -1.6942892783877777 -1.611854493920887 -1.5356316993221735 -1.4877825881754039 -1.4506785405844 -1.4028294294376304 -1.3940990652985707 -1.3862081592498052 -1.3618638746312735 -1.376974120256569 -1.3628712243396264 -1.2910136118104427 -1.226543230475848 -1.1640875485579592 -1.1392395890852507 -1.0752728826048326 -1.0264164217497098 -0.9755452614778812 -0.9263530173866409 -0.8931104770109904 -0.860875286343693 -0.838881484377985 -0.8110114757802175 -0.7905286983770389 -0.7710532706822134 -0.7416722375219162 -0.6943268012293232 -0.6484923894992598 -0.6045047855678436 -0.5645465804698395 -0.529289340677483 -0.49571101706571485 -0.45894275271082874 -0.421838705119825 -0.37650796824393806 -0.32714783253463886 -0.27291883990163335 -0.2040832764975088 -0.140620244871267 -0.06641214968925946 0.005781246076042024 0.07663150889687276
-1.7154436222631917 -1.6377098031019486 -1.5586328509962346 -1.483417406105874 -1.4224727487505149 -1.395945873097218 -1.3920843658818647 -1.398967922222277 -1.4155891924101023 -1.4424518512995168 -1.4521895651469297 -1.268516134990558 -1.1679490557733125 -1.1924612320099033 -1.1420937465922512 -1.0962593348621876 -1.06402414419489 -1.0302779289650632 -0.9961959304991186 -0.9658075476304685 -0.9453247702272899 -0.9287035000394647 -0.9156079538308751 -0.8897526446498136 -0.8560064294199867 -0.811515150634394 -0.7572861580013884 -0.704064515076736 -0.6518502218604365 -0.5893945399425479 -0.5527941672057206 -0.5274425328788357 -0.49419999250318525 -0.45709594491218153 -0.42133503026564845 -0.3793621257509383 -0.3437691027224641 -0.294408967013165 -0.2378294917273357 -0.18897303087221307 -0.121648492030618 -0.04794407170278703 0.026264023479220633
-1.6885809633737772 -1.5985910560942385 -1.518170971044054 -1.4565547472164595 -1.40434045400016 -1.379996169381628 -1.3910770161735115 -1.3994715970764537 -1.4038367791459836 -1.4439628758620464 -1.2935319860813252 -0.9698369464638806 -0.8818617386010482 -1.0610020950698311 -1.1587150167800764 -1.1006245169317175 -1.0898794533759517 -1.073761858042303 -1.0395119679582994 -1.0082841269993552 -0.9805820100196464 -0.9512009768593493 -0.9174547616295223 -0.8716203498994589 -0.8076536434190407 -0.7505704932790348 -0.6884505945972639 -0.6259949126793751 -0.5707585703380166 -0.5395307293790722 -0.5234131340454236 -0.5000761991352447 -0.47220619053747714 -0.4443361819397096 -0.41747352305029517 -0.3892677312164099 -0.3642518801256427 -0.32714783253463886 -0.27980239624204584 -0.23346430965780585 -0.1611030222744455 -0.09226745887032095 -0.02544659488290235
-1.7100710904853087 -1.6303225719073595 -1.559136525850411 -1.499031326585346 -1.458065771778989 -1.4209617241879853 -1.4028294294376304 -1.371601588478686 -1.3531335104922138 -1.3247598270402696 -1.2441718503720263 -1.0497533566598887 -1.048410223715418 -1.194811714662727 -1.1763436366762545 -1.1387359142310742 -1.1172457871195427 -1.0865216210147748 -1.0458918494445355 -1.0092914767077081 -0.9590918829081149 -0.9161116286850517 -0.8570137791283398 -0.793550747502098 -0.711451746271325 -0.6392583505060235 -0.5947670717204308 -0.5717659200463696 -0.5454069360111317 -0.5215663262467762 -0.49067426852394963 -0.47069516597494754 -0.4473582310647688 -0.4199918973211777 -0.39363291328593975 -0.38674935694552726 -0.36777760410487836 -0.3368855463820517 -0.29155480950616475 -0.2378294917273357 -0.1820894745318007 -0.13373668853085452 -0.10066203977326293
-1.7006691598740136 -1.61286184362924 -1.5356316993221735 -1.4678034856264017 -1.4150855175559258 -1.381339302326099 -1.3262708516027992 -1.309649581414974 -1.2856410800325597 -1.261296795414028 -1.2523985396569093 -1.2344341365246134 -1.1968264140794331 -1.221170698697965 -1.180205143891608 -1.1367212148143682 -1.0996171672233643 -1.0489138985695945 -1.0386725098680052 -0.9990500880061189 -0.9419669378661131 -0.891599452448461 -0.8135298500511001 -0.7598045322722711 -0.7012103575697357 -0.6479887146450832 -0.6108846670540795 -0.5825109836021354 -0.5658897134143102 -0.5356692221637189 -0.5010835488435977 -0.4643152844887116 -0.42284605482817805 -0.39363291328593975 -0.401859602570823 -0.4048816516958821 -0.3793621257509383 -0.3447764524308171 -0.30330722277028355 -0.2636848009083972 -0.23396798451198242 -0.22322292095621654 -0.1968639369209786
-1.6162196759904168 -1.5102800649952886 -1.4253269062575151 -1.36958688906198 -1.32324880247774 -1.3071312071440913 -1.2695234846989112 -1.2431645006636731 -1.2446755252262027 -1.2387993185941433 -1.2607931205598515 -1.2436681755178496 -1.2362809443232607 -1.209586177051905 -1.1630801988496062 -1.0991134923691879 -1.0351467858887695 -0.9903197238670591 -0.9834361675266468 -0.9540551343663496 -0.9350833815257006 -0.8941178267193435 -0.8437503413016914 -0.8086609931273937 -0.7564466999110943 -0.7089333720004424 -0.6704861914649679 -0.632374794165611 -0.6083662927831969 -0.5668970631226633 -0.5131717453438343 -0.4693520330304769 -0.4453435316480626 -0.4356058178006499 -0.4389636501618267 -0.42435707939070755 -0.40572110978617626 -0.37885845089676184 -0.33940392065293423 -0.3100228874926372 -0.2905474597978116 -0.2866859525824583 -0.27056835724880957
-1.503396508654876 -1.3984642473681006 -1.3383590481030356 -1.290509936956266 -1.2577710714347923 -1.2480333575873794 -1.2139513591214348 -1.1840666511069613 -1.1850740008153142 -1.1899428577390205 -1.2060604530726693 -1.1934685817182562 -1.1709711048983715 -1.143101096300604 -1.0981061426608347 -1.0361541355971227 -0.993677556228236 -0.9711800794083514 -0.9639607398318212 -0.9693332716097041 -0.9512009768593493 -0.920980485608758 -0.8769928816773418 -0.8486191982253978 -0.8012737619328048 -0.7539283256402116 -0.7148095786325017 -0.6753550483886743 -0.6406014834504943 -0.585029357873018 -0.5331508478928363 -0.5039377063505981 -0.48093655467653684 -0.48882746072530237 -0.4931926427948322 -0.4804328798223604 -0.45995010241918177 -0.4320800938214142 -0.3926255635775867 -0.36475555497981915 -0.34276175301411105 -0.321775300756756 -0.2935695089228708
-1.3956100898611004 -1.36236754948545 -1.3017586753662085 -1.263143603212675 -1.2290616047467304 -1.2027026207114926 -1.1615691742870766 -1.1318523578906619 -1.1093548810707772 -1.1108659056333068 -1.0996171672233643 -1.0923978276468342 -1.0709077005353027 -1.0625131196323607 -1.0176860576106501 -1.006437319200708 -0.9883050244503531 -0.9726911039708809 -0.9731947788250574 -0.9785673106029403 -0.973698453679234 -0.9414632630119366 -0.9028481908584033 -0.8677588426841055 -0.8222602141901598 -0.7812946593838026 -0.7421759123760928 -0.6943268012293232 -0.6582301033466725 -0.6034974358594904 -0.5747879691714288 -0.5449032611569551 -0.5420491036499548 -0.5502757929348381 -0.551283142643191 -0.536676571872072 -0.5146827699063639 -0.4898348104336554 -0.44970871371759247 -0.4067284594945293 -0.369120737049349 -0.32714783253463886 -0.2549544367693375
-1.3534692937283315 -1.3247598270402696 -1.2953787938799726 -1.2539095642194389 -1.1996805715864334 -1.1479699532243104 -1.1044860241470709 -1.0834995718897158 -1.0610020950698311 -1.0297742541108867 -1.001064787422825 -0.9908233987212357 -0.9824288178182937 -0.9780636357487639 -0.9824288178182937 -0.9893123741587061 -0.9878013495961766 -0.9814214681099407 -0.9844435172349998 -0.9805820100196464 -0.9752094782417635 -0.9555661589288792 -0.921987835317111 -0.8769928816773418 -0.8311584699472783 -0.7900250235228624 -0.7569503747652708 -0.7075902390559716 -0.678712880749851 -0.6436235325755534 -0.6239802132626691 -0.6118920167624325 -0.6093736424915499 -0.6055121352761965 -0.5967817711371368 -0.5732769446088992 -0.5551446498585444 -0.532311389802542 -0.49655047515600903 -0.44870136400923943 -0.37885845089676184 -0.3043145724786366 -0.22993858567857017
-1.2973934932966786 -1.2784217404560296 -1.2520627564207916 -1.2139513591214348 -1.1543498347105463 -1.1054933738554238 -1.0898794533759517 -1.070404025681126 -1.0264164217497098 -0.9819251429641171 -0.9512009768593493 -0.9478431444981725 -0.9458284450814665 -0.9463321199356429 -0.9512009768593493 -0.9648001979221155 -0.9805820100196464 -0.9916628568115299 -0.9956922556449421 -0.987297674742 -0.9726911039708809 -0.9532156762760554 -0.9097317471988157 -0.8677588426841055 -0.8207491896276302 -0.7871708660158621 -0.7544320004943882 -0.7339492230912097 -0.7163206031950313 -0.6929836682848525 -0.677705531041498 -0.6636026351245554 -0.650339197297907 -0.6426161828672003 -0.6231407551723749 -0.6065194849845497 -0.5937597220120777 -0.5635392307614864 -0.5259315083163061 -0.45894275271082874 -0.3847346575288212 -0.2925621592145178 -0.19736761177515516
