static/ASC_sea/1979/05/ERA5V/00.asc
ncols         201
nrows         201
xllcorner     105.0
yllcorner     0.0
cellsize      0.25
NODATA_value  -32767
[rows 95 to 113 of 201, columns 0 to 42 of 201]
0.3554994864926069 0.3041246513666016 0.2851528985259526 0.2294128813304177 0.13572935845358458 0.06689379504945991 0.062024938125753604 0.11121718221699384 -0.027797077535726133 -0.20995948312956814 -0.3775153179522911 -0.4507160634259456 -0.3437691027224641 -0.4371168423631795 -0.6825743879652044 -0.9092280723446392 -1.0489138985695945 -1.0942446354454816 -1.015671358193944 -0.6830780628193809 -0.20357960164333222 -0.006810625278371063 -0.03904581594566847 -0.23984419114404176 -0.4325837686755908 -0.8189023818289829 -0.9540551343663496 -0.8403925089405145 -0.6822386047290867 -0.64412720742973 -0.6543685961313193 -0.7876745408700386 -0.7994269541341574 -0.5801605009493116 -0.23195328509527624 0.060513913563224 0.06387174592440092 -0.27207938181133917 -0.48244757923906645 -0.5917450225953717 -0.5543051917682502 -0.41898454761282466 -0.34427277757664065
0.3826979286181391 0.14445972259264428 0.2191714926288284 0.15470111129423358 0.015183176687337152 -0.004460142625547281 0.05127987456998784 0.02878239775010316 -0.12752469866267746 -0.25931961883886734 -0.33890024579875777 -0.3652592298339957 -0.2856786028741053 -0.4443361819397096 -0.6625952854162024 -0.86423311870487 -0.9956922556449421 -0.9941812310824125 -0.7314308488203269 -0.34041127036128727 -0.04156419021655111 -0.01755568883413683 -0.21482834005327456 -0.49705415001018555 -0.7206857852645612 -0.9087243974904626 -0.8511375724962803 -0.7143059037783253 -0.657726428492496 -0.7242115092437968 -0.7201821104103847 -0.7915360480853919 -0.6500034140617894 -0.3422580781599346 -0.026453944591255385 0.11474290619622951 -0.030315451806608773 -0.30817607969398986 -0.5532978420598972 -0.6211260557556688 -0.5220700011009528 -0.3721427861744082 -0.3383965709445812
0.47705301796720745 0.1899583510865901 0.2040612470035328 0.06874060284810724 -0.07967558751590786 -0.048783529793081204 -0.03367328416778559 -0.09126010916196792 -0.18947670572638964 -0.24034786599821834 -0.26032696854722037 -0.3291625319513449 -0.3452801272849937 -0.3202642761942265 -0.3892677312164099 -0.4701914911207711 -0.5845256830188414 -0.6293527450405519 -0.4717025156833007 -0.10166938948161597 -0.04106051536237454 -0.24034786599821834 -0.6421125080130239 -0.8954609596638142 -0.6991956581530296 -0.5811678506576647 -0.6142424994152562 -0.5952707465746073 -0.5694154373935458 -0.5942633968662543 -0.5356692221637189 -0.5694154373935458 -0.44332883223135655 -0.15724151505909223 0.08301139038310867 0.13572935845358458 0.0014160640065121743 -0.30565770542310733 -0.5459106108653082 -0.5630355559073099 -0.4366131675090029 -0.2984383658465771 -0.2245660539006873
0.6420904785190478 0.3979760658614935 0.26215174685189147 0.11423923134205305 -0.05818546040437633 -0.08101872046037861 -0.2119741825462742 -0.12802837351685392 -0.16748290376068153 -0.15287633298956238 -0.2040832764975088 -0.4829512540932429 -0.5658897134143102 -0.4151230403974714 -0.27107203210298614 -0.3247973498818151 -0.4325837686755908 -0.5000761991352447 -0.4804328798223604 -0.19921441957380237 -0.25092503793592524 -0.564042905615663 -0.873635049316165 -0.6718293244094387 -0.463979501252594 -0.5400344042332488 -0.6996993330072061 -0.6254912378251987 -0.4199918973211777 -0.37012808675770204 -0.3486379596461705 -0.4238534045365311 -0.3452801272849937 -0.15975988932997487 0.05665240634787061 0.10047211866122807 -0.08739860194661453 -0.34914163450034696 -0.4849659535099491 -0.4853017367460667 -0.34276175301411105 -0.201732793844685 -0.09126010916196792
0.46328590528638247 0.27978036674806983 0.19180515888523741 0.14445972259264428 -9.496055601743159e-05 -0.18024266673315337 -0.31203758690934325 -0.08739860194661453 0.014175826978984007 0.006284920930218485 -0.2188577388866867 -0.5308003652400125 -0.6249875629710221 -0.4151230403974714 -0.27980239624204584 -0.3847346575288212 -0.5215663262467762 -0.7480521190081522 -0.7089333720004424 -0.44148202443270934 -0.5757953188797817 -0.8071499685648641 -0.564042905615663 -0.25092503793592524 -0.2992778239368714 -0.556655674421074 -0.6646099848329085 -0.4898348104336554 -0.27829137167951634 -0.2818170956587519 -0.2803060710962224 -0.29642366642987106 -0.17587748466362352 -0.03182647636913827 -0.012686831910430518 -0.010336349257606736 -0.17587748466362352 -0.3158990941246965 -0.43308744352976725 -0.37499694368140846 -0.23144961024109978 -0.08739860194661453 0.020052033611043463
0.1649424999958229 0.12649531946034842 0.17921328753082433 0.12834212725899552 0.05413403207698808 -0.07128100661296588 -0.0981436655023803 0.11810073855740622 0.19281250859359034 0.06336807107022424 -0.16513242110785775 -0.421838705119825 -0.48731643616277276 -0.309183429402343 -0.2275881030257464 -0.34091494521546384 -0.7050718647850891 -0.9350833815257006 -0.8506338976421038 -0.659741127909202 -0.7290803661675033 -0.5200553016842467 -0.2636848009083972 -0.0894133013633206 -0.24907823013727803 -0.5161937944688935 -0.5059524057673042 -0.33638187152787513 -0.22322292095621654 -0.22859545273409942 -0.229099127588276 -0.16311772169115168 -0.028300752389902706 0.004438113131571275 0.018037334194337395 -0.05079822920978727 -0.1611030222744455 -0.25394708706098446 -0.31741011868722613 -0.2598232936930438 -0.15438735755209199 -0.030315451806608773 0.04003113616004539
0.07998934125804946 0.3125192322695438 0.3471049055896649 0.15906629336376343 0.08452241494563828 0.2240403495525347 0.25728288992818515 0.34374707322848796 0.23377806339994756 0.1045015174946402 0.004773896367688879 -0.2055943010600383 -0.2529397373526313 -0.18662254821938928 -0.11627596025273512 -0.3076724048398134 -0.6728366741177916 -0.8521449222046333 -0.8022811116411577 -0.7193426523200905 -0.6186076814847861 -0.40924683376541193 -0.13524771309338413 -0.010840024111783197 -0.23144961024109978 -0.5019230069338919 -0.458606969474711 -0.1953529123584491 -0.08152239531455507 -0.10351619728026329 -0.12601367410014785 -0.06943419881431856 0.023409865972220167 0.05614873149369415 -0.04055684050819808 -0.11476493569020552 -0.14649645150332646 -0.20274014355303804 -0.2651958254709267 -0.229099127588276 -0.12349529982926533 -0.035687983584491656 0.041542160722574994
0.2035575721493561 0.4658042795572652 0.3261184533323098 0.13136417638405473 0.2221935417538874 0.41896251811884855 0.4233277001883784 0.31352658197789673 0.17921328753082433 0.11961176311993582 0.02391354082639685 -0.004460142625547281 -0.07715721324502522 -0.07178468146714234 -0.042571539924904145 -0.2275881030257464 -0.4307369608769436 -0.5707585703380166 -0.6615879357078494 -0.6367399762351409 -0.4849659535099491 -0.24219467379686554 0.03516227923633908 0.05849921414651793 -0.18175369129568297 -0.4629721515442409 -0.3232863253192856 -0.05029455435561081 0.03852011159751578 0.015183176687337152 -0.03954949079984493 -0.01570888103548962 0.042885293667045854 -0.07665353839084876 -0.18074634158732994 -0.17000127803156406 -0.15573049049656262 -0.19048405543474267 -0.2549544367693375 -0.22120822153951047 -0.16697922890650496 -0.0776608880992018 0.0927491042305213
0.42131300077167233 0.2836418739634232 0.1337146590368785 0.06588644534110699 0.23142758074712377 0.3798437711111389 0.31352658197789673 0.1562121358567632 0.10500519234881667 0.07411313462599001 0.06639012019528345 0.07512048433434315 -0.06003226820302354 -0.030819126660785234 0.007292270638571519 -0.09277113372449741 -0.2651958254709267 -0.38876405636223343 -0.5302966903858359 -0.3447764524308171 -0.06540479998090643 0.13086050152987827 0.08250771552893221 0.06840481961198952 -0.13776608736426676 -0.30028517364522445 -0.15489103240626845 -0.07816456295337837 -0.027797077535726133 -0.05952859334884697 -0.07564618868249573 -0.00395646777137082 0.008803295201101125 -0.11963379261391194 -0.18611887336521282 -0.17050495288574063 -0.06003226820302354 -0.07531040544637801 -0.1664755540523285 -0.2275881030257464 -0.1968639369209786 -0.05717811069602319 0.17770226296829472
0.9839178128868471 0.6006212488585141 0.26030493905324437 0.12347327033528921 0.12162646253664189 0.19381985830194348 0.20708329612859178 0.08989494672352105 0.11373555648787637 0.12347327033528921 0.10349416778628728 0.009306970055277586 -0.1357513879475606 -0.06691582454343603 -0.05331660348066991 -0.1592562144757983 -0.34427277757664065 -0.49906884942689167 -0.3711354364660552 0.06639012019528345 0.2905254303038356 0.1421092399398205 -0.07665353839084876 -0.18309682424015372 -0.2055943010600383 -0.19736761177515516 -0.19636026206680213 -0.20660165076839132 -0.1523726581353858 -0.11627596025273512 -0.16462874625368118 -0.10401987213443975 -0.042571539924904145 -0.03803846623731544 -0.04643304714025742 0.011657452708101479 0.11759706370322975 0.039023786451692466 -0.09126010916196792 -0.14649645150332646 -0.07866823780755483 0.06101758841740046 0.3031173016582487
1.4002890256727718 1.0483881942214421 0.6835597081795814 0.3910925095210811 0.26567747083112714 0.3319946599643693 0.43692692125114463 0.35063062956890056 0.3266221281864863 0.26030493905324437 0.14983225437052727 0.014175826978984007 -0.16311772169115168 -0.08152239531455507 -0.05818546040437633 -0.15186898328120935 -0.3194248181039322 -0.4013559277166464 -0.09478583314120348 0.29002175544965914 0.1728334060445884 -0.1508616335728563 -0.39212188872341025 -0.40236327742499944 -0.27291883990163335 -0.3467911518475233 -0.36861706219517254 -0.20307592678915576 0.030293422312632767 0.12498429489781882 -0.010840024111783197 -0.11778698481526473 -0.16597187919815193 -0.09528950799538005 0.0282787228959267 0.10886669956417006 0.11222453192534698 0.06588644534110699 -0.04341099801519832 -0.051301904063963844 0.06689379504945991 0.25577186536565555 0.44918300936944
1.1229320726395673 1.0297522246169106 0.7915140185914158 0.6904432645199938 0.6963194711520533 0.8437283118077152 0.8089747468695354 0.6093516129975738 0.5356471926697428 0.4082174545630828 0.1845858193087071 -0.014197856472960013 -0.140620244871267 0.03365125467380947 0.039023786451692466 -0.09176378401614438 -0.22960280244245257 -0.16362139654532815 0.12783845240481906 0.18559316901706024 -0.10888872905814617 -0.40572110978617626 -0.49168161823230266 -0.3721427861744082 -0.27056835724880957 -0.24370569835939515 -0.1710086277399172 -0.002949118063017786 0.17434443060711802 0.23193125560130023 0.12246592062693629 -0.013694181618783552 -0.017052013979960368 0.1186044134115829 0.28313819910924654 0.3143660400681909 0.11222453192534698 0.03852011159751578 0.05463770693116454 0.12397694518946567 0.21430263570512187 0.2802840416022463 0.30848983343613146
0.9253236381843117 0.8427209620993623 0.6756688021308159 0.6152278196296332 0.7334235187430571 0.8647147640650703 0.7329198438888804 0.43306541403579124 0.3706097321179025 0.2928759129566594 0.10349416778628728 -0.06355799218225922 -0.08101872046037861 0.1610809927804695 0.0927491042305213 -0.09478583314120348 -0.24068364923433605 -0.11476493569020552 -0.007817974986724097 -0.061039617911376576 -0.18360049909433018 -0.21147050769209774 -0.2191935221228044 -0.05079822920978727 0.02089149170133764 0.1219622457727596 0.2191714926288284 0.2836418739634232 0.1728334060445884 0.12061911282828897 0.10047211866122807 0.08737657245263852 0.17719858811411826 0.4028449227852 0.5571373197812743 0.5044193517107984 0.31537338977654406 0.21581366026765147 0.31386236521401445 0.39394666702808134 0.39209985922943424 0.3573462942912542 0.09862531086258075
0.6971589292423475 0.571240215698217 0.45740969865432324 0.49988627802320984 0.6224471592061633 0.5589841275799217 0.4374305961053211 0.18693630196153088 0.06101758841740046 -0.011679482202077485 -0.1011657146274395 -0.21785038917833366 -0.04979087950143424 0.26030493905324437 0.1899583510865901 -0.06003226820302354 -0.20307592678915576 -0.1782279673164473 -0.1285320483710305 -0.04794407170278703 0.08737657245263852 0.055141381785341004 0.10248681807793414 0.26601325406724485 0.27776566733136376 0.26567747083112714 0.3637261757774901 0.43155438947326163 0.3509664128050183 0.2035575721493561 0.1641030419055287 0.18794365166988403 0.3998228736601408 0.6211040262616927 0.7549136458545886 0.7162985737010552 0.5428665322462729 0.4829292245992669 0.5571373197812743 0.41409366119514224 0.3422360486659586 0.11037772412669966 -0.13776608736426676
0.4867907318146203 0.3910925095210811 0.37346388962490273 0.40385227249355293 0.37161708182625564 0.2826345242550701 0.1815637701836481 0.029286072604279623 -0.09377848343285045 -0.24706353072057197 -0.3345350637292279 -0.2851749280199287 -0.012183157056253946 0.32024224670025037 0.3251111036239567 0.06303228783410653 -0.09377848343285045 -0.03132280151496181 0.03852011159751578 0.19432353315611994 0.3212495964086035 0.2782693421855402 0.3509664128050183 0.4780603676755606 0.462782230432206 0.41745149355631916 0.45354819143896985 0.5218800799889178 0.4799071754742077 0.30026314415124844 0.26752427862977446 0.316380739484897 0.5082808589261518 0.7288904450554683 0.8823433839612487 1.0059116148525553 0.7455117152432935 0.6211040262616927 0.6034754063655143 0.3895814849585515 -0.12450264953761836 -0.4522270879884751 -0.704064515076736
0.3266221281864863 0.2875033811787764 0.3046283262207783 0.28162717454671715 0.20943377878141556 0.18106009532947165 0.08452241494563828 0.0014160640065121743 -0.13826976221844323 -0.27594088902669256 -0.31052656234681364 -0.18897303087221307 0.04976885000745823 0.36473352548584304 0.411071612070083 0.19432353315611994 0.09375645393887444 0.1713223814820588 0.2928759129566594 0.3496232798605474 0.42131300077167233 0.47940350062003123 0.5917229931013956 0.6347032473244587 0.5766127474761 0.536654542378096 0.5087845337803283 0.5507574382950384 0.4847760323979142 0.34374707322848796 0.3207459215544268 0.430211256528791 0.5868541361776891 0.7958792006609456 0.9550404545807265 1.1147053833546838 0.724021588131762 0.5087845337803283 0.21144847819812163 -0.10401987213443975 -0.5904018896509009 -0.9297108497478177 -1.227550580184201
0.29640163693589505 0.20456492185770925 0.21279161114259248 0.12296959548111275 0.07914988316775529 0.07512048433434315 0.12548796975199528 0.04238161881286917 -0.00882532469507713 -0.05331660348066991 -0.04643304714025742 0.09224542937634483 0.3178917640474266 0.33249833481854574 0.3583536439996071 0.23831113708753615 0.1884473265240605 0.2718894606993043 0.3402213492492525 0.39696871615314056 0.4847760323979142 0.6064974554905735 0.7577678033615889 0.6976626040965239 0.6395721042481652 0.40721010485472986 0.38034744596531533 0.4350801134524973 0.3652372003400197 0.2969053117900715 0.4028449227852 0.5160038733568586 0.7035388107285834 0.9207905644967231 0.9583982869419034 0.9711580499143753 0.5233911045514474 0.11474290619622951 -0.18309682424015372 -0.31841746839557916 -0.7143059037783253 -0.9575808583455853 -1.2945393357896784
0.3685950327011964 0.27978036674806983 0.1713223814820588 0.0809966909664026 0.031636555257103405 0.05463770693116454 0.12699899431452488 0.1953308828644731 0.18508949416288378 0.3041246513666016 0.28464922367177614 0.39847974071567016 0.34425074808266465 0.29975946929707176 0.27776566733136376 0.20993745363559202 0.18643262710735442 0.28951808059548245 0.3501269547147241 0.39058883466690464 0.4804108503283844 0.6347032473244587 0.7938645012442396 0.7495411140767057 0.5106313415789756 0.22454402440671117 0.1098740492725232 0.2411652945945364 0.31151188256119067 0.3744712393332559 0.5213764051347414 0.5858467864693362 0.7636440099936483 0.9306961699621947 0.9422806916082547 0.7329198438888804 0.35936099370796026 -0.023935570320372856 -0.2040832764975088 -0.32379000017346204 -0.46733733361377083 -0.6602448027633786 -1.001064787422825
0.19230883373941388 0.29153278001218874 0.23293860530965338 0.24502680180988978 0.12783845240481906 0.0809966909664026 0.09509958688334508 0.19180515888523741 0.37648593874996195 0.6044827560738675 0.5003899528773863 0.4135899863409658 0.28129139131059944 0.1562121358567632 0.11759706370322975 0.2606407222893621 0.32175327126277997 0.39696871615314056 0.4389416206678507 0.47705301796720745 0.53027466089186 0.6791945261100516 0.8690799461346002 0.9672965426990219 0.6971589292423475 0.39159618437525756 0.2631590965602446 0.40183757307684687 0.5405160495934491 0.6195930016991631 0.7089113425064664 0.7245252629859384 0.7060571849994661 0.7401391834654107 0.7288904450554683 0.5326251435446838 0.3125192322695438 0.13572935845358458 -0.0009344186463116078 -0.1285320483710305 -0.2818170956587519 -0.5141790950521873 -0.7544320004943882
