static/ASC_sea/1979/05/ERA5V/00.asc
ncols         201
nrows         201
xllcorner     105.0
yllcorner     0.0
cellsize      0.25
NODATA_value  -32767
[rows 152 to 170 of 201, columns 0 to 42 of 201]
1.9452652178917682 1.8807948365571736 1.7753589004162218 1.6264390351980302 1.565326486224612 1.530740812904491 1.4619052495003664 1.277728144489818 1.0970767634585057 0.9051766440172511 0.913571224920193 1.0195108359153213 0.8475898190230686 0.45841704836267616 0.29640163693589505 0.1562121358567632 0.37833274654860927 1.3964275184574184 3.084913521275178 4.103008293183987 4.355517286744484 4.512663841247559 4.48345069970532 4.4052132056899005 4.363743976029367 4.269556778298357 4.171843856588112 4.064393221030454 3.956942585472796 3.858390205672257 3.7626919833787174 3.652722973550177 3.5595431255275205 3.468713760157688 3.385271625982444 3.2855440048554927 3.1757428866450113 3.052678330607881 2.9004006330285126 2.797818854394561 2.669381766579548 2.6039040355366 2.4843652034787054
1.8618230837165246 1.873911280216761 1.785600289117811 1.6459144628928555 1.5703632347663774 1.525368281126608 1.4424298218055407 1.2773923612537006 1.0356284312489703 0.8314722236894199 0.6899395896658174 0.7309051444721744 0.3910925095210811 0.011657452708101479 0.0370090870349864 0.2851528985259526 0.6436015030815774 2.0453286222548375 3.716689680030595 4.346619030987365 4.511656491539205 4.511656491539205 4.435097913704374 4.3476263806957185 4.269053103444181 4.175705363803465 4.07664930914875 3.9745712053689743 3.886763889124201 3.794423499191838 3.69721425233577 3.590770966486465 3.5145481718877516 3.4344638700736843 3.35253276046097 3.267579601723197 3.1616399907280686 3.0585545372399405 2.9208834104316908 2.8041987358807967 2.6821415295520197 2.5971883708142465 2.481846829207823
1.7290208138319816 1.7704900434925155 1.7988637269444592 1.7060196621579204 1.6049489080864987 1.5995763763086157 1.4736576627644853 1.2352515651209317 0.9916408273175539 0.6738219943321686 0.48880543123132636 0.3711134069720792 0.08636922274428538 -0.10553089669696936 0.24704150122659585 0.6278196909840463 1.7416126851863947 3.1357846815470065 3.8827344902907885 4.315894864882598 4.373985364730956 4.324625229021657 4.280301841854123 4.20105699813035 4.120636913080165 4.0434067687730995 3.945693847062854 3.8808876824921414 3.7987886812613683 3.714842872231948 3.6209914577370563 3.5306657672214 3.4653559277965114 3.3837606014199144 3.3026689498974946 3.217715791159721 3.125879076081535 3.0239688639198192 2.917021903216338 2.802184036464091 2.688857194274373 2.5790560760638916 2.4702623075617627
1.6522943443790914 1.7236482820540986 1.7914764957498703 1.7567229308116903 1.6386951233163254 1.6039415583781453 1.4281590342705393 1.1937823354603978 1.0624910901383844 0.7475264146599996 0.21732468483018108 -0.02494292002872589 0.019044683902690318 0.3603683434163132 0.87344512820413 1.5942038445307327 2.6903682188369027 3.158114266748833 3.8813913573463177 4.005295371473743 4.083029190634986 4.063385871322101 4.069765752808337 4.001937539112565 3.955095777674149 3.8783693082212585 3.8227971826437823 3.758326801309188 3.6957032277732402 3.6201519996467617 3.53654197385346 3.4633412283798046 3.3940019901215033 3.3177791955227898 3.235848085910076 3.149383902609773 3.0585545372399405 2.9814922845509324 2.888144544910217 2.7865701159846186 2.688017736184079 2.5698220370706553 2.4652255590199976
1.6830185104838593 1.7285171389778053 1.781235107048281 1.7587376302283966 1.6556521767402685 1.5273829805433143 1.3710758841305335 1.2666472976979346 1.1351881607578624 0.8086389636334177 0.21866781777465194 -0.027293402681549672 0.24704150122659585 0.9174327321355462 1.6410456059691492 2.333934313697984 2.723610759212553 3.1913568071244836 3.502963650241691 3.637612727924881 3.7650424660315416 3.802146513622545 3.8251476652966065 3.7972776566988387 3.7631956582328945 3.733814625072597 3.678746174349297 3.6317365212928223 3.5702881890832865 3.5252932354435167 3.4502456821712153 3.384767951128268 3.305690999022554 3.2338333864933695 3.1419966714151837 3.0562040545871163 2.9804849348425795 2.905773164806395 2.837441276256447 2.748962393539438 2.664009234801665 2.5444704027437703 2.4413849492556423
1.6875515841714481 1.7441310594572772 1.7553797978672199 1.7196188832206865 1.6449071131845026 1.5161342421333717 1.4135524634994203 1.3045908033792326 1.1382102098829217 0.7851341371051799 0.6078405884350444 0.509288208634505 0.805113239654182 1.3393443683174127 1.92763659799559 2.187532822750675 2.503840631173531 2.8110822922212093 3.134777331838654 3.367643006086266 3.4608228541089225 3.5634046327428734 3.584391085000229 3.5790185532223457 3.588420483833641 3.564915657305403 3.545440229610578 3.503467325095868 3.457968696601922 3.4287555550596833 3.3627741491625596 3.313917688307437 3.2251030223543102 3.14686552833889 3.0541893551704105 2.98182806778705 2.910642021730102 2.822666813867269 2.760714806803557 2.6821415295520197 2.620525305724425 2.5009864736665306 2.4125075909495215
1.537120694390727 1.6376877736079725 1.6479291623095618 1.6225775279826768 1.544340033967257 1.4018000502353014 1.335986535956236 1.447298678729247 1.3061018279417622 1.1269614714729794 1.1016098371460945 1.3055981530875855 1.5351059949740207 1.7484962415268073 1.9355275040443556 2.1850144484797926 2.462875076367174 2.753327575608968 2.948249744175282 3.108922022657592 3.2261103720626627 3.3563942676763237 3.3563942676763237 3.3906441577603266 3.4032360291147397 3.408608560892623 3.3988708470452105 3.3755339121350314 3.3412840220510276 3.3197938949394965 3.256330863313255 3.2128469342360146 3.1191634113591817 3.0457947742674687 2.9667178221617543 2.899896958174336 2.834419227131388 2.747115585740791 2.698762799739845 2.6074297595158358 2.5537044417370067 2.4638824260755268 2.3748998685043414
1.3626813032275917 1.408683606575714 1.470635613639426 1.463416274062896 1.3920623363878888 1.2431424711696972 1.2656399479895817 1.7832498064649873 2.215234939730384 2.159159139298731 1.9618864880795934 1.979515107975772 1.9232714159260604 1.9764930588507128 2.1284349731939636 2.308079004516923 2.4769779722841165 2.6342924184052503 2.8003372286654433 2.954629625661518 3.081052014059825 3.1401498636165366 3.1831301178395996 3.228460854715487 3.2465931494658413 3.2573382130216073 3.254316163896548 3.234840736201723 3.213350609090191 3.1859842753466 3.1396461887623603 3.0887750284905318 3.01658163272523 2.954629625661518 2.873537974139098 2.797818854394561 2.7309979904071424 2.6571256784612522 2.6010498780296 2.535068472132475 2.4779853219924695 2.401762527393756 2.3364526879688667
1.6069636075032045 1.255902234142169 1.2382736142459905 1.293006281733173 1.1996585420924575 1.124443097202097 1.313489059136351 1.9232714159260604 2.38816330633099 2.3779219176294006 2.2812163456275085 2.246630672307387 2.215234939730384 2.2822236953358614 2.3265470825033954 2.4155296400745807 2.528856482264298 2.6455411568151925 2.7675983631439696 2.834419227131388 2.9232338930845145 2.9863611414746387 3.063423394163647 3.074168457719413 3.1010311166088265 3.124032268282888 3.1332663072761244 3.123528593428712 3.098680633956003 3.0585545372399405 3.01658163272523 2.958994807731048 2.906276839660572 2.844156940978801 2.779686559644206 2.7162235280179643 2.652256821537546 2.5946699965433635 2.522476600778062 2.4705980907978806 2.3958863207616963 2.337292146059161 2.2934724337458037
1.2978751386568792 1.1006024874377416 1.0898574238819756 1.092711581388976 1.038986263610147 1.2285359003985779 1.67277712178227 2.166882153729438 2.4477648307418782 2.414018615512051 2.395550537525579 2.352066608448339 2.3441757023995735 2.3802724002822244 2.3905137889838137 2.4633787512213505 2.521469251069709 2.610283917022836 2.687010386475726 2.7504734181019677 2.840799108617624 2.8676617675070384 2.9183650361608082 2.947242394466929 2.989215298981639 3.0107054260931707 3.01658163272523 3.012720125509877 2.983842767203756 2.950096551973929 2.9076199726050427 2.8579240536596258 2.827199887554858 2.7686057128523225 2.7197492519971997 2.6542715209542522 2.581574450334774 2.526841782847592 2.443735431908466 2.3832944494072836 2.3252039495589245 2.3060643051002168 2.2640914005855066
1.0430156624435591 0.9916408273175539 0.9985243836579663 1.0399936133185 1.1815262473421027 1.5742247419817308 2.079578512338841 2.455487845172585 2.4467574810335253 2.4380271168944656 2.414522290366228 2.3876596314768133 2.395550537525579 2.394543187817226 2.42577102877617 2.4598530272421146 2.519454551653003 2.5882901150571276 2.6611550772946644 2.6893608691285498 2.737713655129496 2.7622258313660866 2.827199887554858 2.8538946548262136 2.875384781937745 2.9004006330285126 2.917861361306632 2.917021903216338 2.8847867125490403 2.8538946548262136 2.8105786173670326 2.767094688289793 2.729486965844613 2.68063050498949 2.633285068696897 2.5928231887447164 2.5327179894796514 2.4702623075617627 2.3935358381088725 2.3485408844691036 2.3032101475932163 2.280712670773332 2.2456233225990343
0.9311998448163712 0.8739488030583067 1.1704454005502192 1.5184847247861955 1.7548761230130432 2.0179622885112463 2.3925284884005196 2.362811672004105 2.3559281156636924 2.4009230693034618 2.3725493858515176 2.3856449320601074 2.3807760751364007 2.397397345324226 2.4350050677694064 2.4643861009297034 2.5019938233748835 2.5683110125081257 2.590304814473834 2.621532655432778 2.6517531466833697 2.693390267961962 2.743086186907379 2.771459870359323 2.7939573471792074 2.8057097604433263 2.821827355776975 2.80369506102662 2.7758250524288526 2.7504734181019677 2.7085005135872575 2.6777763474824896 2.6347960932594265 2.5941663216891873 2.559580648369066 2.519454551653003 2.4800000214091757 2.4150259652204045 2.3666731792194584 2.3295691316284546 2.2953192415444508 2.2792016462108022 2.2514995292310935
0.9154180327188401 1.0527533762909718 1.4964909228204877 2.0018446931775977 2.134311179826023 2.262580376022977 2.2832310450442144 2.2563683861548 2.268960257509213 2.3105973787878056 2.320335092635218 2.346694076670456 2.3377958209133376 2.394543187817226 2.4272820533386996 2.4559915200267612 2.492088217909412 2.497460749687295 2.519454551653003 2.5493392596674767 2.5741872191401853 2.626905187210661 2.655278870662605 2.6893608691285498 2.6972517751773153 2.709004188441434 2.709004188441434 2.691375568545256 2.672403815704607 2.6460448316693688 2.612298616439542 2.5918158390363635 2.545813535688241 2.522980275632239 2.4887303855482354 2.4702623075617627 2.431143560554053 2.3905137889838137 2.3579428150803987 2.3211745507255124 2.3114368368780998 2.2840705031345085 2.274332789287096
1.284108025976054 1.447298678729247 1.806586741375166 2.113324727568668 2.1312891307009636 2.1801455915560863 2.2021393935217946 2.207008250445501 2.219264338563796 2.2284983775570324 2.2523389873213877 2.280208995919155 2.2958229163986275 2.3569354653720453 2.3876596314768133 2.4214058467066404 2.428121511428994 2.433494043206877 2.450115313394702 2.478488996846646 2.5004827988123544 2.547828235104947 2.571333061633185 2.602057227737953 2.602560902592129 2.6138096410020717 2.6138096410020717 2.5882901150571276 2.5698220370706553 2.551186067466124 2.529192265500416 2.509213162951414 2.4769779722841165 2.4559915200267612 2.4329903683527 2.414522290366228 2.38379812426146 2.3485408844691036 2.3413215448925735 2.3042174973015697 2.3105973787878056 2.261237243078506 2.2577115190992707
1.7768699249787514 1.8388219320424635 1.9902601715315376 2.0292110269211885 2.0673224242205452 2.143545218819259 2.1474067260346126 2.146903051180436 2.1494214254513184 2.1561370901736723 2.1865254730423223 2.196263186889735 2.255361036446447 2.2763474887038018 2.3124441865864527 2.339810520330044 2.343672027545397 2.3579428150803987 2.3794329421919302 2.4009230693034618 2.4380271168944656 2.4638824260755268 2.483861528624529 2.5033369563193544 2.5150893695834733 2.528352807410122 2.5171040690001796 2.487219360985706 2.4692549578534098 2.4590135691518205 2.4536410373739375 2.4326545851165826 2.418383797581581 2.402266202247932 2.3789292673377536 2.357439140226222 2.3247002747047483 2.289107251676274 2.289107251676274 2.2548573615922702 2.2602298933701532 2.2108697576608543 2.2177533140012664
1.853932177667759 1.8866710431892328 1.9306586471206493 2.0146044561500696 2.04348181445619 2.0673224242205452 2.0946887579641364 2.1210477419993743 2.12742762348561 2.120544067145198 2.138172687041376 2.144552568527612 2.2031467432301475 2.196263186889735 2.235381933897445 2.257375735863153 2.280712670773332 2.2988449655236867 2.309590029079452 2.333934313697984 2.371038361288988 2.364658479802752 2.394039512963049 2.402266202247932 2.4214058467066404 2.4178801227274045 2.401762527393756 2.395046862671402 2.390178005747696 2.382790774553107 2.374564085268224 2.353913416246986 2.3382994957675143 2.320838767489395 2.3022027978848634 2.282727370190038 2.2597262185159765 2.2305130769737387 2.219264338563796 2.184510773625616 2.1714152274170266 2.144552568527612 2.135150637916317
1.848559645889876 1.9106795445716473 1.95802498086424 2.010742948934716 2.0355909084074244 2.0752133302693108 2.097542915471137 2.1049301466657258 2.0995576148878428 2.0936814082557835 2.1059374963740787 2.1210477419993743 2.1356543127704937 2.133807504971846 2.1561370901736723 2.1655390207849674 2.1908906551118523 2.2085192750080305 2.22010379665409 2.2451196477448576 2.2587188688076236 2.2812163456275085 2.3134515362948056 2.308079004516923 2.3159699105656886 2.3139552111489823 2.315466235711512 2.318320393218512 2.309086354225276 2.3085826793710993 2.2812163456275085 2.267113449710566 2.242601273473975 2.235381933897445 2.2187606637096198 2.192905354528558 2.1694005280003203 2.1440488936734354 2.1000612897420194 2.0770601380679583 2.0409634401853074 2.0317294011920715 2.0038593925943036
1.8418439811675227 1.8851600186267032 1.919409908710707 1.9721278767811827 2.021488012490482 2.0409634401853074 2.0419707898936603 2.061446217588486 2.08981990104043 2.0967034573808427 2.084447369262547 2.084951044116724 2.090323575894607 2.109799003589432 2.1118137030061384 2.1264202737772573 2.1410268445483767 2.147910400888789 2.1547939572292014 2.1660426956391436 2.181656616118616 2.2187606637096198 2.2039862013204417 2.222622170924973 2.2367250668419154 2.238236091404445 2.242601273473975 2.248981154960211 2.25200320408527 2.2548573615922702 2.1850144484797926 2.149925100305495 2.126923948631434 2.116178885075668 2.0990539400336665 2.0775638129221345 2.0609425427343093 2.0389487407686016 1.9848876397536546 1.9575213060100638 1.9017812888145285 1.8959050821824692 1.8618230837165246
1.8203538540559911 1.8564505519386416 1.9027886385228818 1.9414037106764148 1.9785077582674186 2.000501560233127 2.0233348202891293 2.0439854893103666 2.061446217588486 2.066818749366369 2.0609425427343093 2.0663150745121923 2.064468266713545 2.0775638129221345 2.061446217588486 2.067826099074722 2.066818749366369 2.0737023057067816 2.087805201623724 2.097542915471137 2.1240697911244335 2.1474067260346126 2.1474067260346126 2.164027996222438 2.172254685507321 2.1883722808409694 2.198277886306441 2.194248487473029 2.187532822750675 2.1401873864580825 2.091834600457136 2.056073685810603 2.035087233553248 2.01309343158754 1.988749146969008 1.9652443204407706 1.9321696716831789 1.8940582743838221 1.8418439811675227 1.7832498064649873 1.7533650984505136 1.7308676216306291 1.6860405596089185
