static/ASC_sea/1979/03/ERA5V/00.asc
ncols         201
nrows         201
xllcorner     105.0
yllcorner     0.0
cellsize      0.25
NODATA_value  -32767
[rows 152 to 170 of 201, columns 0 to 41 of 201]
2.5199503667016274 2.3754164939771982 2.242066789975493 1.9511063390504821 1.7836879364780187 1.8012384781659847 1.7084959098344763 1.4242459601430997 1.0424356463627331 0.5594516216752665 0.14649769960546966 0.14391673759253343 0.24113297341313134 0.12550587523358825 -0.07426058456767604 -0.038643308789156006 -0.021953087772168423 0.039473808135713884 0.14150783971379277 0.3407581071124699 0.4427921386905489 0.38222556345364533 0.2645336956637532 0.14150783971379277 0.045840181100956556 -0.04500968175439868 -0.14411862305114997 -0.203652813482879 -0.2594015929623016 -0.3160106931127029 -0.37950235863093423 -0.4546943852744764 -0.5254127444289292 -0.6045622461589735 -0.6787218879973412 -0.7437621307233342 -0.8022639363498888 -0.87263816723595 -0.9571216571260627 -1.0118380518003107 -1.052789315738899 -1.1553395397195652
2.2855990159270174 2.2972993770523282 2.2265810178978755 2.052280049957582 1.9769159591798444 1.9941223725994193 1.9569565196131373 1.693870458427838 1.3270297243225015 0.8421529941588817 0.40321738782552674 0.36949281752316 0.6040162324319653 0.24749934637837412 -0.08062695753291871 -0.12364299108185584 -0.16511044742303127 -0.43370256090259507 -0.43370256090259507 -0.1528938938951332 0.03844142333053935 0.001447634478453419 -0.05860274835586288 -0.15926026686037587 -0.20468519828805354 -0.2817699304077489 -0.32323738674892444 -0.372103600860517 -0.4127107365307137 -0.4576194755558041 -0.5288540271128441 -0.5918295002284881 -0.6475782797079107 -0.7227703063514529 -0.7950372427136674 -0.8476888677775665 -0.9029214548544018 -0.9614232604809564 -1.0328298761721921 -1.0859976936386784 -1.1324550098715305 -1.2050660745021364
2.166874763331951 2.177198611383696 2.2021479108420796 2.1439902334839163 2.0799823755630977 2.0732718743294636 2.0156303893738876 1.819821404659126 1.4614118131293812 1.191787314844643 0.7958677420602251 0.47169891323543456 0.5492998377577174 0.2758899285206726 -0.025394370456083393 -0.19831882532281087 -0.6856044533651712 -0.9600467474073904 -0.9273545619101982 -0.606971144037714 -0.36332833001653386 -0.37950235863093423 -0.3614356245403806 -0.3960205155137261 -0.43903654906266326 -0.4526296156641274 -0.4922043665291496 -0.5088945875461373 -0.5517385569608786 -0.5987120655963181 -0.6627199235171366 -0.7031549950531375 -0.7647539550952156 -0.8325472239683406 -0.8795207326037799 -0.9316561652650919 -0.9800061869740972 -1.0391962491374347 -1.090299296993572 -1.1475966536807565 -1.1845904425328424 -1.2368979393283501
2.0892738388096683 2.063980411082893 2.1107818555841367 2.1424416562761546 2.0765410928791828 2.050215280347233 1.9447399660852391 1.7534046488595667 1.6923218812200762 1.426138665619253 0.9964945225324682 0.5145428826501761 0.29636556048996665 0.18693277114147056 -0.11142643755395776 -0.7735292259391988 -1.2597824691763846 -1.3609561800834848 -1.3139826714480454 -0.9433565263904027 -0.7217379215462784 -0.6714951943611198 -0.6026695406828203 -0.6279629684095953 -0.6162626072842845 -0.6295115456173571 -0.6284791608121826 -0.6455135100975617 -0.6811307858760817 -0.7201893443385167 -0.7769705086231138 -0.809662694120306 -0.8736705520411245 -0.9101481484906232 -0.9579819777970414 -0.9941154459781486 -1.0416051470161753 -1.0820402185521762 -1.1279813423824412 -1.1837301218618637 -1.2236490009952774 -1.2802581011456788
1.993606180196832 1.948181248769154 2.0214805699365432 2.046773997663318 2.009264016408645 1.9745070613011038 1.8759143124069397 1.810013749009968 1.7489309813704774 1.544346725811732 1.139651882183331 0.4828830819581582 0.051174169261024804 -0.1616691647391163 -0.6529122678679788 -1.42186688358878 -1.7021593581936545 -1.8033330691007547 -1.5034252831975647 -1.1357242284212499 -0.9634880300913053 -0.8667879866732946 -0.8105230147912847 -0.8237719531243574 -0.7958975633846461 -0.7749057390127647 -0.774045418341786 -0.7841972022593352 -0.8168893877565274 -0.8248043379295319 -0.8819296304825205 -0.9189234193346064 -0.971230916130114 -0.9970405362594763 -1.0278400162805155 -1.0639734844616227 -1.093740579677487 -1.1298740478585945 -1.1625662333557867 -1.2159061149564687 -1.27251521510687 -1.3330817903437735
1.8206817253301044 1.8793555950908547 1.948181248769154 1.9295983222760134 1.9261570395920984 1.888130865934838 1.90464902281763 1.829112867905696 1.612312058819053 1.3524952161834722 1.0443283518388864 0.46430015546501746 -0.23049481841741581 -0.8139642974751997 -1.3785067217714513 -1.752574149513009 -1.9082921909601616 -1.7651348313092985 -1.4566238386963213 -1.2510071983324014 -1.1050968125344065 -1.0225060281204472 -0.9908462274284293 -0.9844798544631866 -0.939054923035509 -0.9209881889449554 -0.9135894311745382 -0.9189234193346064 -0.9316561652650919 -0.9307958445941131 -0.9810385717792717 -1.008912961518983 -1.0591556887041416 -1.0708560498294526 -1.0947729644826616 -1.1216149694171984 -1.1524144494382373 -1.1997320863420682 -1.2222724879217113 -1.2754403053881977 -1.3384157785038417 -1.3886585056890004
1.595621837802065 1.7220889764359404 1.7816231668676696 1.753920841262154 1.7167549882758721 1.621603522065623 1.7133137055919572 1.8705803242468715 1.6458645649872237 1.10489492707579 0.6595929477771922 0.27090006862899596 -0.45899598862937013 -1.1050968125344065 -1.4653991095403043 -1.6782424435404455 -1.7012990375226758 -1.602534224494316 -1.4664314943454788 -1.2836993838295938 -1.1758151716888592 -1.1412302807155137 -1.1415744089839053 -1.119206071538458 -1.063113163790644 -1.0293885934882772 -1.0219898357178598 -1.0283562086831026 -1.0352387740509326 -1.0161396551552044 -1.061564586582882 -1.0958053492878361 -1.1343477153476837 -1.1415744089839053 -1.1611897202822206 -1.1899244306929107 -1.225197578203039 -1.2632237518602996 -1.2969483221626663 -1.3604399876808975 -1.4146401899525585 -1.4624740192589765
1.5434864051407535 1.459347043519032 1.5058043597518842 1.5464114954220811 1.4707032763759518 1.3373535723742465 1.429579948303168 1.8769466972121145 1.9349323104360816 1.2812606646264322 0.44967470405837884 -0.07288407149411003 -0.6436208046214085 -1.0440140448949158 -1.3296405076598585 -1.478648047873377 -1.5185669270067907 -1.4664314943454788 -1.3681828737197064 -1.303314695127909 -1.2695901248255423 -1.2589221485054058 -1.2319080794366732 -1.1845904425328424 -1.1290137271876155 -1.1114631854996493 -1.1173133660623047 -1.1162809812571302 -1.105440940802798 -1.1059571332053852 -1.1484569743517352 -1.1832139294592765 -1.1973231884633277 -1.210916255064792 -1.2427481198910055 -1.2783653956695256 -1.312089965971892 -1.3569987049969825 -1.4151563823551458 -1.4516339788046444 -1.4722816749081342 -1.5220082096907057
1.7802466537941037 1.3296106863354376 1.2948537312278963 1.3339122896903315 1.2342871559909931 1.1492874736982932 1.2060686379828902 1.4715635970469303 1.3530114085860596 0.7607666586842925 0.20706427484237322 -0.23204339562517762 -0.665128821395877 -0.9233970868236959 -1.1685884780526377 -1.275956497790785 -1.3477072417504121 -1.3774743369662767 -1.35063233203174 -1.3452983438716717 -1.3134664790454582 -1.319832852010701 -1.2730314075094573 -1.224681385800452 -1.2017968559524173 -1.1933657133768256 -1.1806329674463403 -1.1651471953687227 -1.1699649911262038 -1.1997320863420682 -1.2172826280300346 -1.2456732101723333 -1.2680415476177807 -1.3003896048465813 -1.3291243152572714 -1.3554501277892208 -1.389690890494175 -1.4316745392379375 -1.4595489289776489 -1.5103078485653947 -1.5294069674611228 -1.5932427612477456
1.3418272398633357 1.0570610977693717 1.127435328655433 1.139135689780744 1.0615347652584612 1.1078200173571175 1.217768999108201 1.144469677940812 0.8886103103917338 0.4696341436250857 0.07423076324325517 -0.3160106931127029 -0.6494709851840639 -0.8736705520411245 -1.0782548075998697 -1.2031733690259832 -1.2953997449549046 -1.3277478021837053 -1.3320494055385992 -1.3461586645426504 -1.3477072417504121 -1.35063233203174 -1.2852479610373555 -1.2568573788950568 -1.2363817469257627 -1.2305315663631073 -1.2236490009952774 -1.2257137706056263 -1.2387906448045032 -1.26563264973904 -1.3038308875304963 -1.31501505625322 -1.3169077617293732 -1.3442659590664972 -1.3912394677019366 -1.4223830759913672 -1.4428587079606612 -1.4776156630682025 -1.4912087296696668 -1.5634756660318812 -1.5600343833479662 -1.621117150987457
1.0131847435494559 0.9736099926844337 1.0839031027039085 1.076676409067687 1.0150774490256091 1.086312000582649 1.0448445442414735 0.917861213205011 0.5819920232549096 0.21962495663866277 -0.10007020469703831 -0.441961639343991 -0.6670215268720303 -0.8857150414348269 -1.0459067503710688 -1.1747827868836849 -1.262191367055125 -1.3086486832879771 -1.3251668401707692 -1.3588914104731358 -1.367666681317119 -1.3583752180705486 -1.3041750157988878 -1.2900657567948364 -1.2828390631586148 -1.2793977804746999 -1.2735475999120445 -1.2735475999120445 -1.316391569326786 -1.3418570611877567 -1.369731450927468 -1.3428894459929313 -1.3735168618797746 -1.3974337765329836 -1.4409660024845081 -1.4542149408175806 -1.4653991095403043 -1.499123679842671 -1.5116843616389608 -1.5576254854692255 -1.575176027157192 -1.6352264099915081
0.9369603321007391 0.9194097904127727 1.2244795003418352 1.3920699670484944 1.2215544100605076 0.9799763656496763 0.882243937426491 0.5830244080600842 0.252317142135855 0.03018234488914351 -0.2783286477238339 -0.5171536659875332 -0.7344706674767638 -0.9215043813475426 -1.037647671929673 -1.167039900844876 -1.2387906448045032 -1.2857641534399427 -1.3320494055385992 -1.3594076028757232 -1.3833245175289322 -1.371107964001034 -1.3325655979411863 -1.3286081228546842 -1.3203490444132882 -1.3349744958199268 -1.330672892465033 -1.3652577834383786 -1.4151563823551458 -1.4072414321821411 -1.4263405510778693 -1.3926159807755027 -1.42874944895661 -1.4419983872896824 -1.4624740192589765 -1.4760670858604408 -1.4882836393883387 -1.5171904139332246 -1.5177066063358118 -1.5454089319413273 -1.5620991529583153 -1.5801658870488686
0.956919771667446 0.9505533987022032 1.2953699236304836 1.426138665619253 1.108336209759705 0.8001693454151189 0.59128348650148 0.2953331756847921 0.06838058268059966 -0.15685136898163543 -0.3980852851240751 -0.6093800419164546 -0.8163731953539402 -0.939054923035509 -1.061564586582882 -1.170481183528791 -1.24378050469618 -1.3100251963615432 -1.3564825125943953 -1.3843569023341067 -1.410166522463469 -1.3862496078102597 -1.3673225530487274 -1.3692152585248807 -1.3760978238927106 -1.390207082896762 -1.4130916127447968 -1.4483647602549252 -1.480024560946943 -1.4600651213802363 -1.4712492901029597 -1.447848567852338 -1.473141995579113 -1.4736581879817003 -1.4927573068774285 -1.5054900528079138 -1.5177066063358118 -1.5180507346042034 -1.508759271357633 -1.5084151430892416 -1.4858747415095985 -1.4869071263147728
1.141028395256897 1.1019698367944621 1.139135689780744 1.0317676700425966 0.7279024090529045 0.5384597973033851 0.3545232378481298 0.13858274943246518 -0.08888603597431466 -0.28865249577557894 -0.5195625638662736 -0.6909384415252393 -0.8697130769546223 -0.9770810966927694 -1.1176574943306963 -1.2138413453461196 -1.2998734124439941 -1.366290168243553 -1.398466161338158 -1.4302980261643716 -1.4340834371166782 -1.414123997549971 -1.4093062017924902 -1.4282332565540226 -1.4399336176793334 -1.4619578268563893 -1.4848423567044238 -1.4996398722452584 -1.5244171075694462 -1.5063503734788926 -1.5068665658814797 -1.4996398722452584 -1.5054900528079138 -1.5113402333705692 -1.512200554041548 -1.5249332999720333 -1.527342197850774 -1.52304059449588 -1.476583278263028 -1.4487088885233166 -1.3926159807755027 -1.3399643557116034
1.357313011940953 1.1186600578114498 0.9018592487248065 0.6582164347036263 0.4969923409622097 0.3466082876751253 0.14598150720288228 -0.07081930188376107 -0.2626708115120209 -0.4526296156641274 -0.6133375170029567 -0.7652701474978029 -0.9156542007848872 -1.054682021215052 -1.1938819057794128 -1.27251521510687 -1.3681828737197064 -1.421006562917801 -1.4425145796922698 -1.471765482505547 -1.4516339788046444 -1.4712492901029597 -1.4770994706656153 -1.4932734992800156 -1.5180507346042034 -1.5395587513786722 -1.555216587590485 -1.5708744238022982 -1.5605505757505533 -1.556765164798247 -1.5424838416599997 -1.5605505757505533 -1.556765164798247 -1.5488502146252423 -1.5459251243439147 -1.5469575091490892 -1.551259112503983 -1.5171904139332246 -1.4590327365750615 -1.398466161338158 -1.323274134694616 -1.2260578988740178
0.9643185294378631 0.7371938722994749 0.5819920232549096 0.4364257657253061 0.27537373611808547 0.07509108391423391 -0.08406824021683368 -0.2559603102783866 -0.4374879718549015 -0.6016371558776459 -0.7642377626926283 -0.8950065046813973 -1.0288724010856898 -1.1479407819491478 -1.2651164573364528 -1.3525250375078932 -1.4228992683939543 -1.4667756226138704 -1.497058910232322 -1.5390425589760848 -1.5206316966171398 -1.5503987918330042 -1.5454089319413273 -1.580682079451456 -1.6064916995808183 -1.6162993552299758 -1.6264511391475251 -1.6206009585848697 -1.5908338633690051 -1.5913500557715925 -1.5879087730876775 -1.6138904573512356 -1.59427514605292 -1.5913500557715925 -1.5953075308580946 -1.5923824405767668 -1.5596902550795746 -1.500500192916237 -1.4576562235014956 -1.3721403488062085 -1.2886892437212705 -1.1694487987236166
0.6840260548329886 0.5243505382993336 0.37448267741483665 0.19777281159580262 0.05065797685843754 -0.1241591834844431 -0.2754035574425062 -0.4614048865081106 -0.6236613650547016 -0.7533977222382962 -0.8907049013265036 -0.9961802155884976 -1.1484569743517352 -1.2558249940898825 -1.3599237952783103 -1.4316745392379375 -1.500500192916237 -1.5610667681531405 -1.5903176709664177 -1.5918662481741797 -1.597716428736835 -1.6264511391475251 -1.6378073720044446 -1.667574467220309 -1.6742849684539434 -1.682716111029535 -1.6821999186269476 -1.6684347878912877 -1.660175709449892 -1.6625846073286323 -1.6734246477829644 -1.6625846073286323 -1.645550258043253 -1.6479591559219937 -1.6352264099915081 -1.6147507780222141 -1.5884249654902647 -1.5469575091490892 -1.5078989506866542 -1.4273729358830438 -1.330672892465033 -1.2066146517098981
0.47359161871158784 0.2924080854034645 0.11810711746317104 -0.0341696413000665 -0.16751934530177182 -0.3418203132420653 -0.4927205589317369 -0.6353617261800125 -0.7485799264808152 -0.8745308727121033 -1.0381638643322604 -1.1558557321221523 -1.2799139728772873 -1.3394481633090163 -1.4268567434804567 -1.4941338199509944 -1.556765164798247 -1.60804027678858 -1.6415927829567512 -1.6694671726964623 -1.7026755505962416 -1.7037079354014164 -1.7315823251411275 -1.7432826862664386 -1.7534344701839877 -1.776491064166218 -1.776491064166218 -1.7554992397943368 -1.7481004820239194 -1.7290013631281913 -1.7417341090586769 -1.723667374968123 -1.7090419235614844 -1.703191742998829 -1.696309177630999 -1.680651341419186 -1.652432823411083 -1.6099329822647332 -1.5591740626769872 -1.5254494923746207 -1.4228992683939543 -1.3169077617293732
0.26952355555542984 0.10485817913009843 -0.047418579633139224 -0.21535317460818992 -0.3678019975056233 -0.504937112459635 -0.6460297025001489 -0.7730130335366115 -0.8920814144000696 -1.006848191908634 -1.1319388174689433 -1.2441246329645714 -1.35063233203174 -1.4093062017924902 -1.4887998317909261 -1.5626153453609022 -1.6255908184765464 -1.6704995575016368 -1.7002666527175014 -1.7334750306172808 -1.752574149513009 -1.782685372997265 -1.8126245323473253 -1.840326857952841 -1.8516830908097601 -1.8487580005284325 -1.8418754351606026 -1.836025254597947 -1.8320677795114448 -1.8188188411783721 -1.8203674183861338 -1.7906003231702694 -1.7935254134515972 -1.7773513848371967 -1.7754586793610434 -1.7584243300756643 -1.7358839284960212 -1.7260762728468637 -1.7085257311588973 -1.6660258900125473 -1.5854998752089369 -1.5352571480237782
