static/ASC_sea/1979/03/ERA5V/00.asc
ncols         201
nrows         201
xllcorner     105.0
yllcorner     0.0
cellsize      0.25
NODATA_value  -32767
[rows 133 to 151 of 201, columns 126 to 167 of 201]
-2.1553762876652565 -2.072785503251297 -1.9994861820839083 -1.944941851543856 -1.8740514282552074 -1.8047095821743206 -1.7095581159640716 -1.5996091342129883 -1.4946500123535817 -1.4063811115111626 -1.3583752180705486 -1.3256830325733564 -1.30813249088539 -1.2730314075094573 -1.2578897637002313 -1.245157017769746 -1.2446408253671586 -1.2441246329645714 -1.24378050469618 -1.241715735085831 -1.2353493621205882 -1.2305315663631073 -1.212981024675141 -1.2260578988740178 -1.2461894025749205 -1.2823228707560277 -1.3203490444132882 -1.3487396265555867 -1.374549246684949 -1.4063811115111626 -1.436148206727027 -1.4829496512282707 -1.5206316966171398 -1.573799514083626 -1.6255908184765464 -1.6680906596228962 -1.706633025682744 -1.7412179166560895 -1.7837177578024395 -1.8081508648582356 -1.8315515871088577 -1.8413592427580152
-2.1314593730120475 -2.0562673463685055 -1.9858931154824442 -1.9268751174533023 -1.8583935920433943 -1.7685761139932135 -1.67927482834562 -1.5937589536503327 -1.503941475600152 -1.447848567852338 -1.4111989072686435 -1.3848730947366938 -1.369731450927468 -1.3335979827463609 -1.3131223507770666 -1.2959159373574918 -1.2828390631586148 -1.277333010864351 -1.269073932422955 -1.2661488421416274 -1.264256136665474 -1.2685577400203678 -1.2701063172281295 -1.2983248352362322 -1.319832852010701 -1.3408246763825822 -1.3702476433300554 -1.3941645579832644 -1.4194579857100393 -1.4438910927658357 -1.4810569457521174 -1.527342197850774 -1.5722509368758644 -1.6192244455113036 -1.651916631008496 -1.6899428046657565 -1.730549940335953 -1.7675437291880391 -1.8041933897717335 -1.8296588816327044 -1.8384341524766876 -1.8349928697927727
-2.0884433394631103 -2.016176403100896 -1.9537171223878391 -1.8823105066966035 -1.8184747129099805 -1.7398414035825236 -1.6665420824151345 -1.5884249654902647 -1.5411073285864338 -1.4937896916826028 -1.4688403922242192 -1.4380409122031803 -1.4189417933074522 -1.377990529368864 -1.3588914104731358 -1.3477072417504121 -1.3354906882225142 -1.3243065194997903 -1.315531248655807 -1.3203490444132882 -1.323274134694616 -1.3378995861012546 -1.3559663201918082 -1.3760978238927106 -1.4077576245847285 -1.4282332565540226 -1.4409660024845081 -1.4600651213802363 -1.480024560946943 -1.508759271357633 -1.5541842027853106 -1.5913500557715925 -1.628515908757874 -1.6514004386059087 -1.6832323034321222 -1.7037079354014164 -1.738809018777349 -1.7783837696423712 -1.8129686606157167 -1.8248410858752233 -1.8272499837539637 -1.8243248934726362
-2.055751153965918 -1.9848607306772696 -1.924294155440366 -1.856500886567241 -1.7949019265251631 -1.7315823251411275 -1.6625846073286323 -1.6226657281952186 -1.5756922195597793 -1.5405911361838465 -1.5108240409679818 -1.4760670858604408 -1.4585165441724743 -1.4306421544327632 -1.4228992683939543 -1.408273816987316 -1.3886585056890004 -1.377990529368864 -1.371107964001034 -1.3750654390875363 -1.390207082896762 -1.408273816987316 -1.4364923349954184 -1.4635064040641512 -1.4912087296696668 -1.5068665658814797 -1.519599311811965 -1.5424838416599997 -1.5674331411183833 -1.5953075308580946 -1.6255908184765464 -1.648475348324581 -1.6734246477829644 -1.6957929852284117 -1.723151182565536 -1.744143006937417 -1.760833227954405 -1.7954181189277505 -1.8096994420659975 -1.812108339944738 -1.8217439314597 -1.8379179600741002
-2.03665203507019 -1.9630085856344095 -1.8960756374322634 -1.839466537281862 -1.7832015653998523 -1.7246997597732976 -1.6777262511378583 -1.6378073720044446 -1.6123418801434737 -1.5777569891701282 -1.5469575091490892 -1.51615802912805 -1.4961985895613434 -1.4839820360334453 -1.4760670858604408 -1.4595489289776489 -1.4399336176793334 -1.4375247198005932 -1.4306421544327632 -1.4364923349954184 -1.4545590690859722 -1.4781318554707896 -1.5078989506866542 -1.538182238305106 -1.5596902550795746 -1.5756922195597793 -1.6035666092994907 -1.6269673315501123 -1.6558741060949982 -1.680651341419186 -1.6983739472413482 -1.7109346290376377 -1.730549940335953 -1.7334750306172808 -1.7603170355518176 -1.7651348313092985 -1.7823412447288733 -1.7895679383650949 -1.7969666961355122 -1.8208836107887212 -1.842907819965777 -1.8687174400951392
-2.0308018545075344 -1.9585349181453202 -1.8907416492721951 -1.8384341524766876 -1.7832015653998523 -1.737432505703783 -1.6949326645574332 -1.6718760705752027 -1.6465826428484278 -1.6147507780222141 -1.5870484524166986 -1.5610667681531405 -1.5361174686947572 -1.5268260054481866 -1.5092754637602201 -1.4946500123535817 -1.4844982284360324 -1.4819172664230962 -1.4912087296696668 -1.4975751026349093 -1.5177066063358118 -1.5469575091490892 -1.5719068086074728 -1.6001253266155757 -1.6200847661822824 -1.6450340656406661 -1.6729084553803772 -1.6983739472413482 -1.7265924652494509 -1.74362681453483 -1.7637583182357326 -1.773049781482303 -1.7788999620449584 -1.7759748717636308 -1.7783837696423712 -1.7837177578024395 -1.7924930286464225 -1.7949019265251631 -1.8071184800530613 -1.8540919886885008 -1.8809339936230374 -1.9170674618041448
-2.032694559983688 -1.9824518327985292 -1.9282516305268684 -1.878525095744297 -1.8203674183861338 -1.7823412447288733 -1.7549830473917494 -1.7329588382146937 -1.70800953875631 -1.6753173532591177 -1.6391838850780105 -1.6113094953382991 -1.5791335022436943 -1.5732833216810387 -1.5493664070278297 -1.5386984307076932 -1.5278583902533611 -1.526481877179795 -1.5352571480237782 -1.5541842027853106 -1.573799514083626 -1.6075240843859926 -1.631957191441789 -1.6577668115711512 -1.6773821228694668 -1.7026755505962416 -1.723667374968123 -1.745691584145179 -1.7671996009196476 -1.7823412447288733 -1.7998917864168398 -1.8041933897717335 -1.8091832496634104 -1.8081508648582356 -1.8110759551395634 -1.8203674183861338 -1.8281103044249427 -1.8423916275631897 -1.8578773996408071 -1.8916019699431739 -1.9151747563279915 -1.9542333147904265
-2.0679677074938163 -2.0172087879060703 -1.9784943577120269 -1.9361665806998727 -1.8926343547483484 -1.859942169251156 -1.8296588816327044 -1.8028168766981674 -1.777867577239784 -1.742250301461264 -1.7061168332801566 -1.6773821228694668 -1.6323013197101806 -1.6187082531087165 -1.6035666092994907 -1.5879087730876775 -1.580682079451456 -1.582058592525022 -1.5932427612477456 -1.6133742649486482 -1.6348822817231168 -1.6612080942550662 -1.6832323034321222 -1.7095581159640716 -1.7252159521758847 -1.744143006937417 -1.7632421258331452 -1.7773513848371967 -1.7935254134515972 -1.8033330691007547 -1.825701406546202 -1.8413592427580152 -1.8501345136019984 -1.840326857952841 -1.8482418081258452 -1.8618348747273092 -1.8735352358526203 -1.8897092644670206 -1.9043347158736592 -1.9189601672802978 -1.9327252980159577 -1.9575025333401457
-2.1158015368002348 -2.0781194914113654 -2.053686384355569 -2.0117027356118067 -1.9858931154824442 -1.9550936354614052 -1.9298002077346301 -1.8945270602245017 -1.8487580005284325 -1.798343209209078 -1.7499931875000727 -1.7167848096002931 -1.6920075742761054 -1.6660258900125473 -1.6617242866576536 -1.6474429635194063 -1.640216269883185 -1.6431413601645128 -1.6548417212898237 -1.6739408401855518 -1.6928678949470841 -1.7124832062453996 -1.7222908618945572 -1.7417341090586769 -1.7515417647078344 -1.7675437291880391 -1.784750142607614 -1.7978270168064907 -1.812108339944738 -1.8227763162648745 -1.8501345136019984 -1.8570170789698284 -1.875083813060382 -1.8780089033417098 -1.8857517893805185 -1.893666739553523 -1.905883293081421 -1.9268751174533023 -1.933241490418545 -1.9390916709812005 -1.9521685451800774 -1.9766016522358738
-2.1904773710411893 -2.1495261071026013 -2.1201031401551282 -2.080700453424302 -2.0698604129699696 -2.0302856621049474 -1.992259488447687 -1.946318364617422 -1.8907416492721951 -1.8389503448792748 -1.7935254134515972 -1.7558433680627281 -1.7499931875000727 -1.7207422846867955 -1.713515591050574 -1.7037079354014164 -1.699750460314914 -1.7056006408775695 -1.7217746694919698 -1.747584289621332 -1.7534344701839877 -1.760833227954405 -1.753950662586575 -1.7616935486253835 -1.7690923063958008 -1.7890517459625075 -1.8129686606157167 -1.8349928697927727 -1.859942169251156 -1.8692336324977266 -1.9033023310684847 -1.9155188845963829 -1.9335856186869365 -1.9409843764573538 -1.933241490418545 -1.9117334736440765 -1.9082921909601616 -1.9301443360030215 -1.9420167612625283 -1.9580187257427328 -1.984000410006291 -2.000518566889083
-2.2773697588100426 -2.240203905823761 -2.218867953183488 -2.184627190478534 -2.160710275825325 -2.1133926389214936 -2.069344220567382 -2.0117027356118067 -1.9478669418251837 -1.879901608817863 -1.8344766773901853 -1.8115921475421506 -1.7969666961355122 -1.7749424869584562 -1.7720173966771284 -1.7603170355518176 -1.760833227954405 -1.7637583182357326 -1.7671996009196476 -1.7871590404863544 -1.788191425291529 -1.7945577982567715 -1.7715012042745413 -1.773049781482303 -1.7783837696423712 -1.8028168766981674 -1.8306912664378787 -1.8628672595324838 -1.8960756374322634 -1.9229176423668002 -1.9526847375826646 -1.9550936354614052 -1.946318364617422 -1.9409843764573538 -1.9322091056133706 -1.9248103478429535 -1.9361665806998727 -1.949759647301337 -1.9747089467597205 -1.995700771131602 -2.0137675052221553 -2.0137675052221553
-2.3472277972935167 -2.3193534075538054 -2.2993939679870983 -2.2691106803686463 -2.2197282738544666 -2.1670766487905677 -2.101176085393596 -2.044911113511586 -1.9864093078850313 -1.9234338347693873 -1.8745676206577948 -1.8482418081258452 -1.8310353947062703 -1.8158937508970445 -1.8129686606157167 -1.7998917864168398 -1.7998917864168398 -1.7998917864168398 -1.8033330691007547 -1.810043570334389 -1.8028168766981674 -1.805225774576908 -1.7797602827159373 -1.788191425291529 -1.7911165155728566 -1.8150334302260656 -1.849618321199411 -1.8843752763069523 -1.9306605284056089 -1.9609438160240606 -1.9697190868680439 -1.9604276236214733 -1.9458021722148346 -1.8945270602245017 -1.883342891501778 -1.9101848964363146 -1.9351341958946984 -1.9542333147904265 -1.977117844638461 -1.9936360015212529 -2.0020671440968445 -2.0039598495729978
-2.4146769378982498 -2.388695253634692 -2.354970683332325 -2.3164283172724773 -2.252936651754246 -2.1856595752837085 -2.1201031401551282 -2.0640102324073144 -2.0055084267807595 -1.9542333147904265 -1.9067436137523996 -1.8726749151816415 -1.86424377260605 -1.849102128796824 -1.8408430503554278 -1.829142689230117 -1.822260123862287 -1.822260123862287 -1.8203674183861338 -1.8272499837539637 -1.8164099432996317 -1.8217439314597 -1.8041933897717335 -1.8134848530183039 -1.8174423281048062 -1.8336163567192065 -1.8676850552899649 -1.8960756374322634 -1.9385754785786133 -1.9556098278639924 -1.9624923932318223 -1.9542333147904265 -1.924294155440366 -1.8790412881468843 -1.8759441337313607 -1.9029582028000933 -1.9341018110895238 -1.9521685451800774 -1.9717838564783927 -1.9853769230798568 -1.9903667829715337 -1.984000410006291
-2.4532193039580976 -2.4224198239370587 -2.3780272773145557 -2.3140194193937367 -2.2388273927501947 -2.1705179314744827 -2.1142529595924726 -2.0586762442472457 -2.0137675052221553 -1.9619762008292352 -1.9248103478429535 -1.8907416492721951 -1.892118162345761 -1.8759441337313607 -1.864759965008637 -1.8458329102471047 -1.839466537281862 -1.8432519482341685 -1.8418754351606026 -1.8466932309180835 -1.839466537281862 -1.8389503448792748 -1.8277661761565511 -1.8306912664378787 -1.8349928697927727 -1.851166898407173 -1.8692336324977266 -1.8974521505058293 -1.9213690651590385 -1.934618003492111 -1.9399519916521792 -1.9253265402455406 -1.8979683429084167 -1.9019258179949188 -1.899000727713591 -1.9033023310684847 -1.933241490418545 -1.942877081933507 -1.9624923932318223 -1.9697190868680439 -1.9766016522358738 -1.9755692674306993
-2.461478382399494 -2.4301627099758676 -2.352045593050997 -2.2730681554551486 -2.1997688342877595 -2.147461337492252 -2.0948097124283533 -2.052309871282003 -2.0074011322569127 -1.963352713902801 -1.9298002077346301 -1.9014096255923316 -1.9019258179949188 -1.8843752763069523 -1.8740514282552074 -1.8525434114807389 -1.8535757962859134 -1.8578773996408071 -1.8549523093594793 -1.8570170789698284 -1.8535757962859134 -1.844284333039343 -1.8355090621953598 -1.8331001643166194 -1.8389503448792748 -1.8540919886885008 -1.8721587227790542 -1.8814501860256247 -1.9019258179949188 -1.9112172812414892 -1.9155188845963829 -1.895559445029676 -1.893666739553523 -1.9136261791202298 -1.9404681840547664 -1.944941851543856 -1.938059286176026 -1.9458021722148346 -1.9619762008292352 -1.966793996586716 -1.9766016522358738 -1.9893343981663592
-2.4668123705595617 -2.3876628688295174 -2.290618697143115 -2.2221371717332072 -2.164667750911827 -2.125953320717784 -2.0810445816926935 -2.0385447405463433 -2.002411272365236 -1.9604276236214733 -1.931176720808196 -1.9043347158736592 -1.8950432526270888 -1.8735352358526203 -1.868201247692552 -1.8628672595324838 -1.8638996443376583 -1.8668247346189861 -1.8638996443376583 -1.8583935920433943 -1.8559846941646538 -1.849618321199411 -1.853059603883326 -1.8525434114807389 -1.8663085422163987 -1.8804178012204502 -1.8931505471509356 -1.9033023310684847 -1.8916019699431739 -1.8940108678219143 -1.903818523471072 -1.8984845353110038 -1.9101848964363146 -1.9327252980159577 -1.9561260202665796 -1.9624923932318223 -1.957158405071754 -1.9717838564783927 -1.9843445382746825 -1.9946683863264274 -2.002411272365236 -2.0103262225382403
-2.3931689211237814 -2.3028352506710132 -2.223685748940969 -2.1792932023184655 -2.1226841021680647 -2.0879271470605234 -2.052309871282003 -2.0185853009796366 -1.9864093078850313 -1.960083495353082 -1.9351341958946984 -1.9112172812414892 -1.895559445029676 -1.8759441337313607 -1.8628672595324838 -1.8652761574112242 -1.8663085422163987 -1.8687174400951392 -1.8730190434500331 -1.871642530376467 -1.8706101455712925 -1.8780089033417098 -1.892118162345761 -1.9082921909601616 -1.9282516305268684 -1.9385754785786133 -1.946318364617422 -1.9423608895309197 -1.927219245721694 -1.9043347158736592 -1.9053671006788337 -1.9112172812414892 -1.9229176423668002 -1.938059286176026 -1.956642212669167 -1.9678263813918906 -1.9869255002876187 -2.0049922343781725 -2.011358607343415 -2.0172087879060703 -2.0225427760661385 -2.0273605718236194
-2.3437865146096017 -2.2685944879660593 -2.207167592058177 -2.1734430217558103 -2.131803501280439 -2.0937773276231786 -2.056611474636897 -2.020994198858377 -1.9946683863264274 -1.977117844638461 -1.9630085856344095 -1.9458021722148346 -1.914142371522817 -1.9029582028000933 -1.8862679817831056 -1.8848914687095397 -1.8848914687095397 -1.8862679817831056 -1.8897092644670206 -1.892118162345761 -1.8950432526270888 -1.9067436137523996 -1.9213690651590385 -1.9420167612625283 -1.9542333147904265 -1.9590511105479074 -1.9521685451800774 -1.9361665806998727 -1.914142371522817 -1.890225456869608 -1.8769765185365352 -1.8891930720644334 -1.9125937943150553 -1.9452859798122475 -1.9731603695519588 -2.0015509516942576 -2.033210752386275 -2.0616013345285733 -2.0781194914113654 -2.079668068619127 -2.0698604129699696 -2.0743340804590593
-2.3233108826403073 -2.28029484909137 -2.2457099581180247 -2.1904773710411893 -2.1426435417347713 -2.11236025411632 -2.0879271470605234 -2.0610851421259864 -2.040093317754105 -2.019617685784811 -1.9946683863264274 -1.9858931154824442 -1.9609438160240606 -1.9409843764573538 -1.9268751174533023 -1.9194763596828852 -1.9146585639254041 -1.9091525116311403 -1.9082921909601616 -1.9101848964363146 -1.9170674618041448 -1.9239500271719747 -1.933241490418545 -1.9468345570200092 -1.9458021722148346 -1.9420167612625283 -1.9268751174533023 -1.9048509082762466 -1.8814501860256247 -1.8663085422163987 -1.8554685017620667 -1.8618348747273092 -1.8873003665882802 -1.9322091056133706 -1.980559127322376 -2.028392956628794 -2.0621175269311607 -2.0781194914113654 -2.090852237341851 -2.1075424583588385 -2.1133926389214936 -2.127501897925545
