static/ASC_sea/1979/03/ERA5V/00.asc
ncols         201
nrows         201
xllcorner     105.0
yllcorner     0.0
cellsize      0.25
NODATA_value  -32767
[rows 114 to 132 of 201, columns 84 to 125 of 201]
1.045360736644061 0.9720614154766718 0.9170008925340323 0.8954928757595637 0.8705435763011802 0.8099770010642766 0.7230846132954236 0.6372246103317449 0.5580751086017004 0.4565572694262088 0.33972572230729536 0.24354187129187177 0.17471621761357237 0.11277312930310279 0.02484835672907526 -0.07081930188376107 -0.15048499601639265 -0.2294624336122414 -0.33063614451934153 -0.45658709075062964 -0.5849469348606582 -0.6744202846424475 -0.7480637340782279 -0.8032963211550633 -0.8442475850936515 -0.8662717942707073 -0.869196884552035 -0.8765956423224522 -0.8755632575172777 -0.877455962993431 -0.8907049013265036 -0.9092878278196445 -0.9311399728625046 -0.9614232604809564 -0.9961802155884976 -1.0336901968431709 -1.069823665024278 -1.1118073137680407 -1.160157335477046 -1.2138413453461196 -1.2744079205830232 -1.3203490444132882
1.0443283518388864 0.9624258239617101 0.9257761633780155 0.8992782867118703 0.8240862600683281 0.7318598841394066 0.6375687386001363 0.5692592773244243 0.4847757874343115 0.3935817963105648 0.2943007908796178 0.2177322511625095 0.14598150720288228 0.054615451944939775 -0.0537849525983819 -0.15478659937128636 -0.24666884703181624 -0.3428526980472397 -0.46192107891069784 -0.5875278968735944 -0.6924870187330011 -0.7841972022593352 -0.8617981267816178 -0.9218485096159341 -0.9512714765634072 -0.9555730799183009 -0.9576378495286498 -0.9512714765634072 -0.969854403056548 -0.9966964079910848 -1.0259473108043622 -1.0508966102627457 -1.0761900379895208 -1.0952891568852487 -1.1264327651746795 -1.1505217439620843 -1.1734062738101187 -1.2050660745021364 -1.2528999038085546 -1.3086486832879771 -1.3726565412087957 -1.4332231164456992
1.010259653268128 0.9271526764515814 0.9101183271662023 0.8588432151758691 0.7762524307619099 0.6718095013050904 0.5819920232549096 0.5200489349444399 0.4393508560066339 0.344715582198972 0.24509044849963368 0.1698984218560915 0.08679144503954483 -0.018167676819861978 -0.1499688036138055 -0.24666884703181624 -0.339927607765912 -0.4698360290837023 -0.6011209634750585 -0.728104294511521 -0.8218792476482042 -0.9063627375383168 -0.9707147237275268 -1.0352387740509326 -1.0586394963015544 -1.0610483941802948 -1.0708560498294526 -1.083588795759938 -1.0982142471665766 -1.1216149694171984 -1.1611897202822206 -1.20128066354983 -1.2257137706056263 -1.2329404642418478 -1.2510071983324014 -1.2701063172281295 -1.291098141600011 -1.3193166596081136 -1.3668063606461403 -1.436148206727027 -1.502564962526586 -1.5629594736292938
0.9643185294378631 0.9071932368848745 0.8745010513876823 0.8060195259777745 0.7084591618887848 0.6141680163495147 0.5443099778660405 0.48236688955557105 0.3973672072628711 0.2870740972433963 0.17815750029748734 0.0888562146498938 -0.009736534244270234 -0.13671986528073277 -0.2652517735249571 -0.37107121605534255 -0.476202402048945 -0.6181553127604377 -0.7759381238179393 -0.8979315949627251 -0.9722633009352886 -1.0459067503710688 -1.1093984158893002 -1.163598618160961 -1.1747827868836849 -1.1715135683339655 -1.1840742501302552 -1.217798820432622 -1.2510071983324014 -1.2886892437212705 -1.3365230730276885 -1.3686990661222935 -1.3764419521611022 -1.3774743369662767 -1.3877981850180217 -1.3941645579832644 -1.4385571046057675 -1.4726258031765258 -1.5206316966171398 -1.5830909773301964 -1.6304086142340273 -1.6694671726964623
0.929561574330322 0.8715759611063547 0.791910266973723 0.7201595230140958 0.6489249714570557 0.563925289164356 0.48873326252081384 0.42231650672125487 0.32165898821674177 0.2025906073532837 0.09229749733380876 -0.015758778941121432 -0.13379477499940506 -0.27936103252900846 -0.4058281711628838 -0.5224876541476013 -0.6388030088639275 -0.8003712308737355 -0.9600467474073904 -1.073264947708193 -1.126088636906288 -1.1869993404115828 -1.2432643122935927 -1.2852479610373555 -1.3041750157988878 -1.3086486832879771 -1.3344583034173396 -1.3726565412087957 -1.4151563823551458 -1.4545590690859722 -1.500500192916237 -1.5249332999720333 -1.5268260054481866 -1.5254494923746207 -1.5337085708160165 -1.5596902550795746 -1.6051151865072524 -1.6415927829567512 -1.684092624103101 -1.7281410424572126 -1.7481004820239194 -1.773049781482303
0.8886103103917338 0.7934588441814847 0.6938337104821461 0.6122753108733614 0.5410407593163213 0.48099037648200516 0.4056262857042672 0.30565702373653725 0.20207441495069633 0.09315781800478751 -0.031760743421326065 -0.1542704069686992 -0.2963953818143876 -0.441961639343991 -0.5777202412244367 -0.6943797242091544 -0.8227395683191829 -0.9898138426232549 -1.1274651499798538 -1.225197578203039 -1.2749241129856106 -1.3256830325733564 -1.3819480044553663 -1.4268567434804567 -1.4462999906445764 -1.4757229575920492 -1.5058341810763052 -1.5503987918330042 -1.5732833216810387 -1.6123418801434737 -1.640216269883185 -1.6646493769389812 -1.6742849684539434 -1.6734246477829644 -1.6923517025444967 -1.730549940335953 -1.7637583182357326 -1.7930092210490098 -1.8262175989487894 -1.8482418081258452 -1.868201247692552 -1.8793854164152757
0.7939750365840719 0.6762831687941799 0.55566621072296 0.47015033602767287 0.4174987109637738 0.3574483281294576 0.2631571825901873 0.15234788016812506 0.06201420971535698 -0.03468583370265377 -0.17870351402449547 -0.33201265759290755 -0.47276111936503 -0.5963031677175776 -0.7324058978664149 -0.876079449919865 -1.0092570897873745 -1.1534468342434119 -1.269073932422955 -1.3551059995208294 -1.414123997549971 -1.4667756226138704 -1.526481877179795 -1.5719068086074728 -1.629376229428853 -1.6617242866576536 -1.6811675338217733 -1.7255600804442763 -1.7265924652494509 -1.7529182777814003 -1.7783837696423712 -1.7954181189277505 -1.805225774576908 -1.8310353947062703 -1.8487580005284325 -1.8891930720644334 -1.912077601912468 -1.9316929132107834 -1.9487272624961625 -1.9712676640758056 -1.9869255002876187 -1.9981096690103424
0.6430747908944003 0.5258991155070956 0.40906756838818215 0.3275091687793972 0.28122391668074087 0.21669986635733496 0.11621441198701776 0.0009314420758661512 -0.08406824021683368 -0.1826609891109977 -0.33941141536332475 -0.5020120221783073 -0.6523960754653917 -0.768539366047522 -0.8912210937290909 -1.0328298761721921 -1.1651471953687227 -1.2945394242839259 -1.3979499689355708 -1.4874233187173602 -1.5469575091490892 -1.6104491746673206 -1.671015749904224 -1.7377766339721745 -1.8036771973691463 -1.849618321199411 -1.8578773996408071 -1.8756000054629693 -1.8663085422163987 -1.888676879661846 -1.9019258179949188 -1.917583654206732 -1.9492434548987496 -1.9824518327985292 -2.0191014933822236 -2.0562673463685055 -2.060052757320812 -2.072785503251297 -2.083969671974021 -2.100143700588421 -2.1128764465189067 -2.10547768874849
0.509725086892695 0.39547450178671806 0.2684911707502555 0.18211497538398946 0.12258078495226055 0.05358306713976524 -0.040019821862722016 -0.1362036728781455 -0.24460407742146728 -0.3535206743673761 -0.5243803596237546 -0.6919708263304138 -0.8253205303321192 -0.9399152437064877 -1.0679309595481248 -1.212981024675141 -1.3461586645426504 -1.4433749003632483 -1.5323320577424506 -1.6269673315501123 -1.6983739472413482 -1.761349420356992 -1.8296588816327044 -1.9008934331897442 -1.9630085856344095 -2.004476041975585 -2.0079173246595 -2.0108424149408277 -2.0146278258931343 -2.023403096737117 -2.03665203507019 -2.072785503251297 -2.1152853443976474 -2.153311518054908 -2.1904773710411893 -2.201661539763913 -2.192025948248951 -2.201661539763913 -2.2032101169716745 -2.203726309374262 -2.1958113592012576 -2.185143382881121
0.35641594332428306 0.24801553878096128 0.14839040508162293 0.042398898417041586 -0.029868037945172787 -0.09422002413438291 -0.18506988698973814 -0.30224556237704303 -0.43714384358651004 -0.5341880152729124 -0.6924870187330011 -0.8623143191842051 -0.9908462274284293 -1.1152485964519556 -1.248598300453661 -1.3848730947366938 -1.5116843616389608 -1.6113094953382991 -1.6992342679123267 -1.773049781482303 -1.8516830908097601 -1.8995169201161783 -1.9649012911105628 -2.053342256087178 -2.1256091924493923 -2.152451197383929 -2.1553762876652565 -2.1495261071026013 -2.1700017390718953 -2.1822182925997935 -2.196843744006432 -2.2383112003476073 -2.2935437874244426 -2.3339788589604438 -2.341893809133448 -2.3198695999563923 -2.301802865865839 -2.294920300498009 -2.288209799264375 -2.274444668528715 -2.261367794329838 -2.2457099581180247
0.2519730138674636 0.1322163764672224 0.025364549131662528 -0.1167604257140259 -0.202276300409313 -0.26421938871978257 -0.3521441612938102 -0.474137632438596 -0.6123051321977822 -0.7549462994460578 -0.8862312338374142 -1.0288724010856898 -1.1611897202822206 -1.291614334002598 -1.4273729358830438 -1.5650242432396428 -1.6899428046657565 -1.7720173966771284 -1.8759441337313607 -1.941500568859941 -2.0122189280143936 -2.068828028164795 -2.1288784109991115 -2.196843744006432 -2.254485228962008 -2.278402143615217 -2.29405997982703 -2.318837215151218 -2.3535941702587593 -2.3730374174228785 -2.4067619877252455 -2.4463367385902677 -2.4766200262087192 -2.486943874260464 -2.45029421367677 -2.405729602920071 -2.3833612654746235 -2.354970683332325 -2.331053768679116 -2.3092016236362563 -2.2901025047405277 -2.2661855900873187
0.13273256886980966 0.01796579136124532 -0.09422002413438291 -0.23049481841741581 -0.34233650564465246 -0.4194212377643479 -0.5269613216366908 -0.6606551539067876 -0.8027801287524761 -0.9311399728625046 -1.0395403774058263 -1.1723738890049442 -1.3038308875304963 -1.4345996295192653 -1.5693258465945366 -1.7095581159640716 -1.839466537281862 -1.933241490418545 -2.035275521996624 -2.104617368077511 -2.1562366083362354 -2.2159428629021605 -2.281327233896545 -2.3477439896961037 -2.3998794223574156 -2.431195094781042 -2.4599298051917318 -2.5005369408619282 -2.5499193473761084 -2.5703949793454024 -2.5977531766825264 -2.6216700913357354 -2.637327927547549 -2.601538587634833 -2.5488869625709336 -2.4976118505806006 -2.4532193039580976 -2.419494733655731 -2.3799199827907085 -2.3546265550639336 -2.322278497835133 -2.2911348895457024
0.025364549131662528 -0.09714511441571061 -0.2203430344998667 -0.35885466252744436 -0.48446148049034093 -0.5992282579989053 -0.7050477005292908 -0.8394297893361705 -0.9789738021689227 -1.0923640666039212 -1.1904406230954978 -1.3296405076598585 -1.4536987484149932 -1.5889411578928518 -1.7222908618945572 -1.8589097844459816 -1.9795267425172014 -2.087410954657936 -2.1705179314744827 -2.2491512408019396 -2.3150518041989114 -2.3711447119467257 -2.4336039926597826 -2.482470206771375 -2.5292716512726185 -2.579686442591973 -2.624078989214476 -2.679311576291312 -2.721295225035074 -2.7422870494069556 -2.748653422372198 -2.7617302965710753 -2.7305866882816447 -2.688603039537882 -2.611862435686578 -2.55955493889107 -2.4976118505806006 -2.459069484520753 -2.411235655214335 -2.370112327141551 -2.339484911254708 -2.2954364929005964
-0.10454387218612782 -0.23927008926139903 -0.3736521780682788 -0.5107872930222905 -0.6529122678679788 -0.7681952377791306 -0.8877798110451759 -1.0225060281204472 -1.1314226250663562 -1.2510071983324014 -1.3501161396291526 -1.4882836393883387 -1.6147507780222141 -1.7369163133011958 -1.8700939531687053 -1.996216963534189 -2.118210434678975 -2.2221371717332072 -2.300770481060664 -2.375618379435815 -2.44341164830894 -2.5029458387406693 -2.562996221574985 -2.6113462432839905 -2.6650302531530645 -2.717853942351159 -2.7763557479777137 -2.834513425335877 -2.866689418430482 -2.8783897795557927 -2.8799383567635544 -2.8305559502493747 -2.7988961495573568 -2.712519954191091 -2.6328542600584592 -2.5786540577867987 -2.5132696867924142 -2.461994574802081 -2.40779437253042 -2.3663269161892444 -2.328128678397788 -2.2842523241778725
-0.26903718447726355 -0.41993743016693513 -0.5538033265712277 -0.6869809664387372 -0.8291059412844256 -0.9443889111955772 -1.0639734844616227 -1.189064110021932 -1.288173051318683 -1.4234154607965417 -1.527342197850774 -1.660691901852479 -1.7887076176941161 -1.910701088838902 -2.0180691085770492 -2.1440200548083372 -2.249495369070331 -2.341893809133448 -2.4293023893048886 -2.4965794657754263 -2.55955493889107 -2.6177126162492335 -2.6777629990835496 -2.7324793937577976 -2.7861634036268716 -2.8530963518290173 -2.9112540291871807 -2.9585716660910117 -2.9941889418695316 -2.9995229300296 -2.967863129337582 -2.9174483380182274 -2.8100803182800806 -2.7231879305112274 -2.6285526567035653 -2.5650609911853346 -2.4936543754940983 -2.4258611066209737 -2.375102187033228 -2.3389687188521204 -2.300770481060664 -2.270143065173821
-0.4600283734345446 -0.6133375170029567 -0.7446224513943129 -0.8790045402011927 -1.002030396151153 -1.1167971736597173 -1.224681385800452 -1.349255818958174 -1.4653991095403043 -1.6030504168969033 -1.7154082965267272 -1.8384341524766876 -1.966793996586716 -2.075194401130038 -2.1827344850023804 -2.27788595121263 -2.380436175193296 -2.456144394239425 -2.5444132950818448 -2.6073887681974885 -2.669503920642154 -2.7271454055977298 -2.7818618002719777 -2.83640613081203 -2.898005090854108 -2.9692396424111482 -3.025504614293158 -3.059573312863916 -3.100180448534113 -3.099148063728938 -3.05819679979035 -2.9625291411775136 -2.8544728649025837 -2.7305866882816447 -2.6347469655346125 -2.5347777035668826 -2.455112009434251 -2.385770163353364 -2.33655982097338 -2.3023190582684263 -2.276337374004868 -2.2457099581180247
-0.6622037311145493 -0.8038125135576505 -0.9361298327541813 -1.049348033054984 -1.173922466212706 -1.291614334002598 -1.4013912516194857 -1.5137491312493097 -1.6465826428484278 -1.773049781482303 -1.8907416492721951 -2.005852555049151 -2.100143700588421 -2.2149104780969857 -2.3135032269911497 -2.4048692822490922 -2.4927940548231198 -2.5712553000163814 -2.6461031983915317 -2.705637388823261 -2.773430657696386 -2.8257381544918934 -2.8852723449236226 -2.9477316256366795 -3.0093305856787573 -3.0552717095090225 -3.1161824130143176 -3.148014277840531 -3.181738848142898 -3.182255040545485 -3.12254878597956 -3.0244722294879836 -2.889229820010125 -2.7574286932161813 -2.632338067655872 -2.517227161878916 -2.4253449142183863 -2.3647783389814827 -2.3116105215149965 -2.2861450296540253 -2.2637766922085785 -2.235902302468867
-0.8667879866732946 -1.010289474592549 -1.1319388174689433 -1.245157017769746 -1.3516647168369145 -1.4643667247351297 -1.5836071697327836 -1.696309177630999 -1.8145172378234784 -1.9316929132107834 -2.035275521996624 -2.152451197383929 -2.252420459351659 -2.3506690799774317 -2.438077660148872 -2.516194777073742 -2.596204599474765 -2.6700201130447407 -2.7588052062897477 -2.830211821980983 -2.8838958318500567 -2.926739801264798 -2.9790472980603058 -3.0406462581023836 -3.0948464603740446 -3.1371742373861986 -3.177265180653808 -3.227163779570575 -3.267082658703989 -3.260372157470355 -3.1894817341817063 -3.0674882630369207 -2.9258794805938195 -2.7744630425015604 -2.636295542742374 -2.516194777073742 -2.409170885603986 -2.348604310367082 -2.3105781367098217 -2.2895863123379403 -2.260851601927251 -2.2300521219062115
-1.0811798978811975 -1.1954304829871747 -1.2964321297600792 -1.425308166272695 -1.5331923784134291 -1.63677498719927 -1.754466854989162 -1.8628672595324838 -1.9516523527774903 -2.0746782087274505 -2.1718944445480486 -2.2651532052821444 -2.363401825907917 -2.4527031115555102 -2.5382189862507976 -2.6285526567035653 -2.719230455424725 -2.795454866873442 -2.879422164360967 -2.9272559936673854 -2.9750898229738034 -3.0292900252454644 -3.085554997127474 -3.1283989665422154 -3.1674575250046506 -3.215807546713656 -3.2460908343321075 -3.3119913977290794 -3.3408981722739655 -3.3188739630969093 -3.2393803330984734 -3.102589346412853 -2.9434300222817855 -2.7822059285403693 -2.6259716946906293 -2.511721109584652 -2.4293023893048886 -2.395577819002522 -2.354970683332325 -2.3267521653242222 -2.283736131775285 -2.2334934045901265
