static/ASC_sea/1979/03/ERA5V/00.asc
ncols         201
nrows         201
xllcorner     105.0
yllcorner     0.0
cellsize      0.25
NODATA_value  -32767
[rows 57 to 75 of 201, columns 0 to 41 of 201]
0.26797497834766815 0.3149484869831076 0.2055156976346113 0.06287453038633573 0.16404824129343587 0.0346560123782329 -0.1752622313405805 -0.3930954252323984 -0.3345936196058438 -0.2939864839356471 -0.22412844545217314 -0.17870351402449547 -0.10265116670997454 -0.06101164623460331 -0.015242586538534164 -0.07821805965417827 -0.21827826488951763 -0.24907774491055668 -0.24167898714013947 -0.4281965086083311 -0.26611209419593584 -0.3598870473326189 -0.4794716205986642 -0.7857457794670969 -0.7251792042301933 -0.3428526980472397 0.06579962066766343 0.2220338545174032 0.3016995486500349 -0.022985472577342847 -0.043461104546636986 0.08300603408723828 0.11965569467093284 -0.04982747751187966 -0.19831882532281087 -0.15186150908995866 0.0004152496732788835 0.09522258761513647 0.2538657193436167 0.3817093710510582 0.5375994766324064 0.5419010799873001
0.3149484869831076 0.3120233967017798 0.25868351510109777 0.12344110562323929 0.06786439027801239 -0.031244551018738798 -0.203652813482879 -0.3208284888701839 -0.26181049084104213 -0.27196227475859125 -0.2788448401264212 -0.26318700391460814 -0.1645942550204441 -0.07133549428634822 -0.00939240597587876 -0.057742427684884134 -0.17199301279086132 -0.25544411787579935 -0.5307467325889974 -0.8359885066522555 -0.9151380083823 -0.7958975633846461 -0.8208468628430297 -0.644653189426583 -0.41167835172553924 0.06975709575416567 0.12344110562323929 0.17041461425867865 0.11673060438960503 0.1864165787388834 0.09126511252863423 -0.05860274835586288 -0.2578530157545399 -0.3975690927214878 -0.3340774272032565 -0.21741794421853888 -0.10746896246745552 -0.031244551018738798 0.18056639817622777 0.3817093710510582 0.5150590750527633 0.5052514194036057
-0.04982747751187966 0.036032525451798914 0.07319837843808064 0.10451405086170695 0.045840181100956556 -0.11142643755395776 -0.21931064969469216 -0.29295409913047266 -0.3375187098871715 -0.28417882828648944 -0.27351085196635305 -0.26181049084104213 -0.23393610110133078 -0.17044443558309952 -0.2626708115120209 -0.380362679301913 -0.5025282145808945 -0.5737627661379345 -0.8086303093151315 -0.9917065480994081 -1.0328298761721921 -0.9005125569756613 -0.6162626072842845 -0.22808592053867538 0.2280560992142544 0.43109177756523787 0.30858211401786484 0.019514368569007012 -0.26903718447726355 -0.1499688036138055 -0.17336952586442722 -0.2862435978968384 -0.40823706904162427 -0.36332833001653386 -0.3013852417060643 -0.2275697281360881 -0.10058639709962558 0.07801617419556162 0.2616086053824256 0.42679017421034415 0.4589661673049492 0.4682576305515196
-0.6396633295349062 -0.37261979326310424 -0.1348271598045796 0.0692409033515784 0.15527297044945287 0.14494912239770774 0.042398898417041586 -0.1167604257140259 -0.32771105423801383 -0.2323875238935691 -0.12020170839794087 -0.03761092398398158 -0.05963513316103741 -0.28366263588390217 -0.4903116610529964 -0.672011386763707 -0.8623143191842051 -1.003406909224719 -1.0777386151972825 -1.0469391351762434 -0.9204719965423681 -0.7227703063514529 -0.4130548647991052 -0.04793477203572649 0.3016995486500349 0.29636556048996665 0.16249966408567418 -0.08492856088781242 -0.40686055596805826 -0.4546943852744764 -0.43662765118392277 -0.3540368667699634 -0.13190206952325179 0.21325858367342 0.315292615251499 0.2953331756847921 0.246122833304808 0.27675024919165137 0.3261326557058313 0.38807574401630074 0.4183590316347525 0.43556544505432737
0.008674328114674834 0.12688238830715426 0.25730700202753165 0.38515065373497315 0.26504988806634056 0.045840181100956556 -0.13723605768332003 -0.36676961270044883 -0.5365969131516528 -0.5044209200570478 -0.4546943852744764 -0.3975690927214878 -0.3736521780682788 -0.5274775140392781 -0.668570104079792 -0.7422135535155725 -0.8433872644226728 -0.869196884552035 -0.5801291391031772 -0.31549450071011564 -0.005951123291963789 0.17385589694259362 0.3495333779564531 0.4321241623704124 0.5727005600083392 0.3885919364188881 0.053238938871373764 -0.23789357618783302 -0.2594015929623016 -0.01765148441727471 0.1366900439563119 0.3300901307923334 0.41491774895083755 0.4052821574358756 0.3734502926096621 0.35830864880043634 0.324239950229678 0.3104748194940181 0.3466082876751253 0.37637538289098993 0.38222556345364533 0.402357067154548
0.2177322511625095 0.2910315723298984 0.43590957332271896 0.5312331036671638 0.4140574282798588 0.14546531480029512 -0.02935184554258563 -0.21191189192427495 -0.17784319335351673 -0.2920937784594939 -0.3535206743673761 -0.5498458514847254 -0.5543195189738149 -0.6845720685599966 -0.7690555584501093 -0.8423548796174982 -0.7480637340782279 -0.20657790376420682 0.07853236659814888 0.38084905038007943 0.5355347070220575 0.5370832842298192 0.4741078111141752 0.516607652260525 0.587842203817565 0.4775490937980902 0.17523241001615952 -0.015758778941121432 -0.027803268334823827 0.1698984218560915 0.30703353681010315 0.45397630741327255 0.3364565037575762 0.18693277114147056 0.1922667593015388 0.29051537992731125 0.3149484869831076 0.32510027090065674 0.3319828362684867 0.3471244800777127 0.3319828362684867 0.3529746606403681
-0.004402546084201986 0.0902327277234598 0.20947317272111365 0.2626409901875999 0.1308398633936565 -0.12501950415542185 -0.16270154954429084 -0.10299529497836601 0.0023079551494321615 0.029322024218164766 0.02484835672907526 -0.1255356965580091 -0.1904038751498064 -0.2934702915330598 -0.30517065265837073 -0.16511044742303127 -0.011801303854619194 0.34179049191764443 0.5594516216752665 0.36811630444959387 0.3349079265498145 0.31925009033800134 0.3817093710510582 0.4422759462879615 0.4863243646420732 0.4125088510720971 0.2387240755343909 0.16645713917217653 0.252317142135855 0.306517344407516 0.24853173118354865 0.16163934341469544 -0.02246928017475569 -0.01902799749084072 0.04343128322221612 0.13961513423763972 0.19777281159580262 0.23476660044788877 0.26504988806634056 0.29344047020863906 0.2953331756847921 0.306517344407516
-0.02935184554258563 -0.02591056285867066 -0.12450331175283458 -0.12897697924192408 -0.12071790080052813 -0.23737738378524575 -0.18025209123225716 -0.1855860793923254 -0.012317496257206462 0.051174169261024804 0.18056639817622777 0.1082994618140134 0.07319837843808064 0.006781622638521667 0.07801617419556162 0.228400227482646 0.4066586705094417 0.36570740657085343 0.3271650405110058 0.14391673759253343 0.17385589694259362 0.2509406290622891 0.2645336956637532 0.2899991875247241 0.3090983064204522 0.29774207356353277 0.2161836739547478 0.2055156976346113 0.3016995486500349 0.30703353681010315 0.2490479235861358 0.017105470690266578 -0.12157822147150688 -0.13826844248849457 -0.05326876019579463 0.020374689239985755 0.08644731677115325 0.15871425313336784 0.1967404267906283 0.23769169072921636 0.24698315397578674 0.24560664090222084
0.0947063952125492 -0.031760743421326065 -0.17577842374316777 -0.06496912132110555 -0.05516146567194791 0.014180380408938875 0.12739858070974153 0.09711529309128974 -0.03227693582391333 -0.003886353681614829 0.0288058318155775 -0.03227693582391333 -0.0673780191998461 -0.06651769852886735 -0.0001009427293082732 0.08834002224730653 0.14099164731120561 0.10004038337261745 0.09952419097003018 0.03259124276788394 0.12395729802582656 0.16404824129343587 0.17815750029748734 0.0902327277234598 0.06442310759409742 0.06253040211794425 0.06201420971535698 0.05513164434752704 0.12585000350197972 0.05169036166361207 -0.0014774558028742835 0.02347184365550925 -0.05808655595327561 -0.11142643755395776 -0.09628479374473187 -0.02246928017475569 0.03259124276788394 0.10778326941142613 0.14942278988679725 0.17764130789490018 0.1874489635440577 0.19777281159580262
0.13479733848015862 -0.017135292014687442 -0.0009612634002870157 0.12877509378330743 0.12980747858848196 0.17626479482133406 0.23769169072921636 0.19725661919321547 0.06734819787542523 -0.008360021170704224 -0.1480760981376522 -0.19436135023630863 -0.15100118841897991 -0.14170972517240954 -0.22275193237860713 -0.13964495556206047 -0.08596094569298696 -0.07718567484900374 -0.03675060331300284 -0.047418579633139224 -0.0014774558028742835 0.02828963941299023 0.12550587523358825 0.016073085885092042 -0.0673780191998461 -0.08836984357172739 -0.08699333049816138 -0.12020170839794087 -0.07236787909152276 -0.1904038751498064 -0.2920937784594939 -0.2666282865985231 -0.1391287631594733 -0.08836984357172739 -0.07718567484900374 -0.05860274835586288 -0.013177816928185204 0.035516333049211646 0.08438254716080429 0.11277312930310279 0.1366900439563119 0.1518316877655379
0.04446366802739066 0.03654871785438618 0.0692409033515784 0.03809729506214787 -0.011801303854619194 -0.16356187021526958 -0.25389554066803766 -0.304310331987392 -0.3301199521167544 -0.26129429843845486 -0.14411862305114997 0.0692409033515784 0.08593112436856609 -0.08458443261942095 -0.22068716276825817 -0.006811443962942532 0.025364549131662528 0.017105470690266578 -0.040019821862722016 -0.1738857182670145 -0.20313662108029173 -0.15186150908995866 -0.020060382296015145 0.06287453038633573 -0.0341696413000665 -0.05326876019579463 -0.003886353681614829 -0.038643308789156006 -0.18661846419749994 -0.3072354222687198 -0.44385434482014424 -0.4483280123092337 -0.3165268855152902 -0.15977645926296313 -0.11624423331143874 -0.11091024515137049 -0.1016187819048 -0.043461104546636986 0.011255290127611062 0.04136651361186716 0.06734819787542523 0.09814767789646417
0.04188270601445443 -0.08458443261942095 -0.2564765026809739 -0.3652210354926871 -0.38191125650967467 -0.2740270443689402 -0.15341008629772046 -0.2203430344998667 -0.2984601514247366 -0.22223573997601986 0.12154840014708601 0.4994012388409501 0.516607652260525 0.27382515891032355 -0.08750952290074865 -0.22275193237860713 -0.2588854005597143 -0.2774683270528552 -0.29295409913047266 -0.23927008926139903 -0.26318700391460814 -0.2578530157545399 -0.26611209419593584 -0.30517065265837073 -0.2291183053438498 -0.04931128510929239 0.03844142333053935 -0.01765148441727471 -0.2261932150625221 -0.39894560579505384 -0.477578915122511 -0.45228548739573593 -0.33201265759290755 -0.22412844545217314 -0.18661846419749994 -0.1904038751498064 -0.17044443558309952 -0.12656808136318365 -0.11727661811661316 -0.08062695753291871 -0.026942947663845085 0.03310743517047121
0.1951918495828664 -0.10110258950221285 -0.41167835172553924 -0.5625785974152109 -0.5484693384111594 -0.39550432311113887 -0.18076828363484443 -0.13878463489108173 -0.11572804090885147 0.006781622638521667 0.2943007908796178 0.4140574282798588 0.4520836019371193 0.3529746606403681 0.08782382984471926 -0.28572740549425113 -0.36436071482170834 -0.35300448196478895 -0.3120532180262007 -0.24907774491055668 -0.13293445432842632 -0.11779281051920043 -0.14601132852730325 -0.1661428322282058 -0.08458443261942095 -0.08303585541165914 -0.10299529497836601 -0.1391287631594733 -0.1587440744577886 -0.23927008926139903 -0.23737738378524575 -0.1812844760374317 -0.11039405274878322 -0.15100118841897991 -0.28228612281033616 -0.3657372278952743 -0.3598870473326189 -0.2724784671611785 -0.17096062798568679 -0.11091024515137049 -0.07133549428634822 -0.048795092706705234
0.10193308884877073 -0.11968551599535371 -0.4185609170933692 -0.5556960320473809 -0.5410705806407423 -0.4658785539972001 -0.46725506707076603 -0.40393546568673055 -0.38242744891226194 -0.31841959099144346 -0.476202402048945 -0.5567284168525554 -0.438520356660076 -0.2110515712532962 -0.14755990573506494 -0.15926026686037587 -0.09920988402605957 -0.06152783863719058 -0.09335970346340416 -0.30912812774487297 -0.4946132644078901 -0.44437053722273145 -0.30620303746354527 -0.02109276710118968 0.1308398633936565 -0.0035422254132232434 -0.20847060924035998 -0.30327794718221757 -0.10746896246745552 -0.08355204781424641 -0.1152118485062642 -0.11968551599535371 -0.0761532900438292 -0.0747767769702633 -0.2711019540876125 -0.40926945384679875 -0.46828745187594056 -0.37261979326310424 -0.2833185076155107 -0.23445229350391805 -0.1964261198466576 -0.1587440744577886
-0.1451510078563245 -0.44006893386783774 -0.5825380369819178 -0.6635802441881153 -0.53711310555424 -0.4331863685000078 -0.47362144003600876 -0.5200787562688609 -0.5248965520263419 -0.5971634883885564 -0.7129626507022953 -0.7554624918486451 -0.6763129901186007 -0.48497767289292815 -0.2846950206890767 -0.17870351402449547 -0.0747767769702633 0.006781622638521667 -0.03967569359433054 -0.33356123480066935 -0.6401795219374935 -0.5694611627830408 -0.3194519757966179 -0.0703031094811738 -0.09766130681829788 -0.06101164623460331 -0.1690679225095335 -0.08750952290074865 0.016073085885092042 0.012631803201177072 -0.04449348935181152 -0.08492856088781242 -0.2865877261652299 -0.3848363467910024 -0.43903654906266326 -0.38139506410708746 -0.3681461257740148 -0.33648632508199705 -0.34388508285241426 -0.3165268855152902 -0.3115370256236135 -0.2798772249315957
-0.4472956275040592 -0.7530535939699047 -0.8306545184921873 -0.6988533916982438 -0.5581049299261214 -0.4502207177853869 -0.5322953097967591 -0.6109286191242163 -0.7182966388623634 -0.7876384849432502 -0.8174055801591147 -0.7998550384711482 -0.7134788431048824 -0.5030444069834819 -0.2695533768798508 -0.05189224712222862 0.10158896058037914 0.16938222945350412 -0.07718567484900374 -0.3550692515751379 -0.47912749233027274 -0.2998366644983026 -0.05275256779320736 -0.05808655595327561 -0.07959457272774417 -0.020060382296015145 -0.014726394135946896 0.022955651252921982 -0.012661624525597936 -0.09680098614731913 -0.1303534923154901 -0.16992824318051225 -0.3340774272032565 -0.5147447681087927 -0.6332969565696636 -0.5756554716140878 -0.5044209200570478 -0.45555470594545516 -0.4058281711628838 -0.3511117764886357 -0.3428526980472397 -0.24322756434790127
-0.7554624918486451 -0.9517876689659944 -0.8896725165213292 -0.7573551973247984 -0.6611713463093749 -0.5904529871549221 -0.6367382392535785 -0.6558373581493067 -0.7632053778874538 -0.7549462994460578 -0.7823044967831819 -0.7398046556368321 -0.4882468914426474 -0.2724784671611785 -0.10402767978354055 -0.018683869222449134 0.09711529309128974 -0.02109276710118968 -0.25544411787579935 -0.3340774272032565 -0.0928435110608169 0.08386635475821702 0.14494912239770774 0.09315781800478751 0.13135605579624365 -0.02453404978510465 -0.01902799749084072 -0.18162860430582317 -0.1871346566000872 -0.2652517735249571 -0.31549450071011564 -0.3550692515751379 -0.30035285690088975 -0.4053119787602965 -0.5777202412244367 -0.7363633729529171 -0.6757967977160135 -0.673387899837273 -0.6181553127604377 -0.5625785974152109 -0.44385434482014424 -0.3203122964675966
-0.8960388894865718 -0.969854403056548 -0.9087716354170572 -0.870573397625601 -0.7743895466101776 -0.7265557173037593 -0.7143391637758612 -0.7207055367411039 -0.6850882609625839 -0.6622037311145493 -0.6885295436464989 -0.5753113433456962 -0.32323738674892444 -0.08251966300907199 0.0453239886983694 -0.020060382296015145 -0.15530279177387363 -0.2740270443689402 -0.32323738674892444 -0.28073754560257447 -0.005434930889376521 0.08782382984471926 0.14942278988679725 0.17333970454000647 0.22255004691999059 0.004372724759781121 -0.2384097685904203 -0.4101297745177775 -0.45555470594545516 -0.45951218103195735 -0.5142285757062055 -0.4892792762478219 -0.406344363565471 -0.43163779129224605 -0.5889044099471603 -0.7480637340782279 -0.7647539550952156 -0.7950372427136674 -0.8125877844016337 -0.8227395683191829 -0.704187379858312 -0.5009796373731328
-0.9122129181009722 -0.9228808944211087 -0.9502390917582326 -0.9170307138584531 -0.8530228559376347 -0.7724968411340243 -0.7563228125196239 -0.7339544750741765 -0.6978210068930694 -0.5772040488218495 -0.533671822870325 -0.3975690927214878 -0.26318700391460814 -0.024878178053496125 0.0009314420758661512 -0.10987786034619595 -0.2740270443689402 -0.24167898714013947 -0.2685209920746763 -0.12501950415542185 -0.028319460737411095 0.04343128322221612 0.10055657577520472 0.21669986635733496 0.15613329112043162 -0.007843828768116956 -0.25097045038670995 -0.5679125855752791 -0.7549462994460578 -0.7212217291436911 -0.611788939795195 -0.5835704217870922 -0.6327807641670763 -0.7081448549448143 -0.8027801287524761 -0.7392884632342448 -0.7408370404420065 -0.7602802876061261 -0.8609378061106391 -0.8784883477986055 -0.7472034134072492 -0.5312629249915846
