static/ASC_sea/1979/09/ERA5V/00.asc
ncols         201
nrows         201
xllcorner     105.0
yllcorner     0.0
cellsize      0.25
NODATA_value  -32767
[rows 114 to 132 of 201, columns 86 to 128 of 201]
-1.9658642130248936 -1.9916896812646545 -1.994664342527873 -1.9922305287670579 -1.991284045637852 -1.9834417568530032 -1.952613449216011 -1.9082639540189348 -1.8383594143332993 -1.7626407639968276 -1.673806561727074 -1.5668539681268079 -1.4555745945073146 -1.333478270839754 -1.1986720308657142 -1.0415558314175355 -0.8779494619405162 -0.7231318643775517 -0.5815650306234696 -0.45460107943427874 -0.3383188664175544 -0.23920856160213694 -0.1615969450072534 -0.10494316913050047 -0.06099930956022673 -0.014621636229137813 0.017558790163862692 0.04054480901600588 0.05420120845169096 0.06691112475817013 0.08543515171548555 0.11234231496005315 0.1391142663290199 0.19630888970817623 0.2544499962165384 0.31150940772009394 0.3651885223336283 0.41210704316712066 0.4491550970817514 0.45848471649820954 0.4403663251676967 0.3988562793582381 0.3436898341130944
-1.9443655248043596 -1.9711374761733265 -1.9810079430921879 -1.9926361643938604 -2.0010193006811123 -1.977492434326566 -1.9599148904984565 -1.9228668365838257 -1.8643200944486609 -1.7968493685238407 -1.7138292769049235 -1.6176936333527245 -1.5068198953600338 -1.3755291641516159 -1.244103221067597 -1.0946940985286664 -0.9385243822096935 -0.783706784646729 -0.6415991033902437 -0.512742185942641 -0.3930796760358955 -0.2915355574596629 -0.2045943214483213 -0.12847003548504704 -0.07330359023990338 -0.032740027559650664 -0.006373711817486416 0.020939087053883754 0.050280064059266494 0.07123790477739705 0.0917901098687251 0.12004939186930119 0.1626411326835665 0.20699062788064276 0.250528851824114 0.29393186389198445 0.3451771647447036 0.3939886518366077 0.41697467068875094 0.40575208501388105 0.38181958303253194 0.342337715357086 0.29001071949956003
-1.917458361559792 -1.9477458216943806 -1.9658642130248936 -1.9810079430921879 -1.9819544262213937 -1.9565345936084355 -1.950179635455196 -1.9019089958656952 -1.8568834412906146 -1.7895479272413952 -1.7153166075365327 -1.6289162190275945 -1.5283185835805677 -1.4077095905446164 -1.2807456393554255 -1.1586493156878648 -1.0122148544121525 -0.86091276561481 -0.7079881343102573 -0.5683142668145872 -0.44729963815183327 -0.3442681889439914 -0.2515128422818136 -0.17187304755291744 -0.097641727848055 -0.05329223265097871 -0.017596297492356333 0.010257348881417161 0.03513633399197219 0.06298998036574571 0.09233095737112851 0.12991985878816265 0.17535104899004567 0.215373764167895 0.2509344874509165 0.2920388976335726 0.3324672484382245 0.3711378448600654 0.3866872105541622 0.3696505142284561 0.3399039015962708 0.2944727113943878 0.24174007991005925
-1.879869460142758 -1.9120498865357582 -1.942337346670347 -1.9668106961540994 -1.9555881104792296 -1.9321964560002838 -1.923407684086229 -1.8843314520375856 -1.8510693306397785 -1.7758915278057101 -1.7109898275173057 -1.6328373634200188 -1.5395411692554377 -1.4370505675499992 -1.3271233126865143 -1.2094889809137817 -1.0859053266146117 -0.9350088734440716 -0.7719433514694557 -0.6225342289305249 -0.4951646421145315 -0.3872655653850593 -0.2870735655648351 -0.20513516895072464 -0.1382052905283077 -0.09223325282402131 -0.05369786827778125 -0.021517441884780775 0.0029559075989716854 0.036623664623581464 0.08300133795467035 0.1333001556781837 0.18752011779412148 0.22848931610117673 0.26121058999658053 0.3017741526768333 0.33787572346225814 0.3651885223336283 0.37208432798927127 0.35450678416116177 0.3193516965049428 0.269458514408232 0.20901880601465544
-1.8452552199889423 -1.879869460142758 -1.9116442509089557 -1.931114760995477 -1.931114760995477 -1.9184048446889979 -1.9043428096265103 -1.877976493884346 -1.8349791174432781 -1.7489843645611425 -1.68597563053115 -1.6182344808551279 -1.5292650667097736 -1.4546281113781088 -1.3525431452994727 -1.2564075017472738 -1.1382323224721376 -0.9873358693015976 -0.8340056023702423 -0.6787823691804753 -0.5531705367472928 -0.4399981968693878 -0.3418343751831763 -0.26314106358348605 -0.19878021079748506 -0.15091520683478687 -0.10981079665213081 -0.07614303962752106 -0.04396261323452058 0.005389721359786881 0.05514769158089683 0.10639299243361611 0.16358761581277237 0.21672588292390343 0.2572894456041561 0.2958248301503962 0.3285461040458001 0.35058563976873736 0.35545326729036764 0.33692924033305227 0.31543055211251836 0.2670247006474168 0.20212300035901248
-1.821322718007593 -1.8510693306397785 -1.8832497570327789 -1.89947518210488 -1.89947518210488 -1.9008273008608885 -1.884737087664388 -1.860804585683039 -1.8056381404378954 -1.7265391932114027 -1.6582571960329773 -1.5903808344813544 -1.521963625427328 -1.44678582259326 -1.3579516203235065 -1.2704695368097614 -1.153376052539432 -1.0185698125653921 -0.8740283175480917 -0.7431432219664763 -0.6172609657820921 -0.505846380286998 -0.407276922973984 -0.3330456032691215 -0.2709833523683349 -0.2260930096688552 -0.17241389505532081 -0.13428414613588327 -0.0800641840199455 -0.030711849425638038 0.03567718149437554 0.08692248234709476 0.14357625822384773 0.1977962203397855 0.24809503806329886 0.2885233888679507 0.32029817963414864 0.33300809594062786 0.3373348759598548 0.33152076530901853 0.31056292459088797 0.2720275400446479 0.20942444164145796
-1.8149677598543534 -1.8432270418549295 -1.8491763643813666 -1.8656722132046695 -1.8731088663627158 -1.8755426801235309 -1.853097508773791 -1.8198353873759838 -1.765615425260046 -1.7109898275173057 -1.634324694051628 -1.5595525268443624 -1.491270529665937 -1.4258279818751294 -1.3373994152321784 -1.2543793236132612 -1.1406661362329529 -1.028305067608653 -0.9082369220751048 -0.783706784646729 -0.6767541910464627 -0.5649339699245661 -0.4716377757599849 -0.39794730355752583 -0.3320991201399156 -0.29004822682805365 -0.22703949279806113 -0.17187304755291744 -0.11481363604936198 -0.0458555794929324 0.020533451427081184 0.08732811797389733 0.145063588855457 0.19820185596658801 0.24904152119250478 0.2920388976335726 0.32029817963414864 0.3296277990506068 0.3285461040458001 0.32273199339496383 0.3012333051744299 0.2617514374989839 0.2142920691630883
-1.8291650067924419 -1.8417397112233203 -1.8393058974625052 -1.8403875924673119 -1.849582000008169 -1.8413340755965177 -1.8164550904859629 -1.7695365696524705 -1.7173447856705453 -1.6646121541862169 -1.5947076145005814 -1.522910108556534 -1.4550337470049113 -1.3837770885632672 -1.3140077607532326 -1.2313933047611179 -1.1274153724240703 -1.0415558314175355 -0.9224341690131933 -0.8281914917194061 -0.7221853812483457 -0.6206412626721132 -0.530725365397553 -0.4463531550226274 -0.3700936571837523 -0.31343988130699935 -0.2504311472770068 -0.18850410825182107 -0.11278545791534933 -0.04450346073692396 0.023913748317102246 0.08840981297870404 0.152770665764705 0.21334558603388237 0.2606697424941772 0.2973121607820055 0.32178551026575797 0.3173235183709301 0.31394322148090903 0.2973121607820055 0.2748669894322656 0.2494471568193073 0.20509766162223098
-1.8129395817203409 -1.818888904246778 -1.8125339460935384 -1.8134804292227442 -1.817942421117572 -1.8080719541987105 -1.774404197174101 -1.7265391932114027 -1.6913841055551837 -1.6420317709608763 -1.5707751125192322 -1.5053325647284246 -1.4419181950716295 -1.3803967916732462 -1.3125204301216233 -1.2188186003302397 -1.1201139311416246 -1.0415558314175355 -0.9516399341429752 -0.8598310706100033 -0.7588277995361741 -0.6586357997159499 -0.565880453053772 -0.477587098286422 -0.3988937866867317 -0.3173610256994238 -0.24272407036775884 -0.1826899976009848 -0.11373194104455522 -0.0458555794929324 0.030809553972745207 0.10598735680681354 0.1708890570952179 0.22605550234036154 0.2709458450398412 0.30758826332766953 0.3134023739785057 0.3012333051744299 0.2812219475855052 0.2597232593649713 0.24214571553686182 0.22416253608194975 0.19482155907656695
-1.7646689421308401 -1.7714295359108823 -1.7753506803033068 -1.7714295359108823 -1.7637224590016343 -1.7529055089535668 -1.7236997438237849 -1.681648850511923 -1.6410852878316702 -1.6049837170462453 -1.5556313824519379 -1.4985719709483825 -1.4462449750908564 -1.3895911992141035 -1.3091401332316024 -1.2188186003302397 -1.1391788056013437 -1.0458826114367623 -0.9652963335786603 -0.8697015375288647 -0.7778926739958928 -0.6924387686161604 -0.59765524381997 -0.49070265021970366 -0.4024092954523536 -0.3173610256994238 -0.2500255116502043 -0.17038571692130816 -0.09858821097726089 -0.038554138210486893 0.02296726518789638 0.08840981297870404 0.14993121637708734 0.20847795851225204 0.24174007991005925 0.2720275400446479 0.28270927821711445 0.27878813382469003 0.2621570731257865 0.23971190177604662 0.2192949085603194 0.20266384786141584 0.1884666009233274
-1.7113954631441084 -1.7310011851062304 -1.7310011851062304 -1.7128827937757176 -1.6962517330768139 -1.680702367382717 -1.6537952041381494 -1.6367585078124434 -1.6049837170462453 -1.5771300706724718 -1.5552257468251354 -1.5088480734940464 -1.4452984919616505 -1.3730953503908008 -1.2891287756426777 -1.2016466921289326 -1.121601261773234 -1.0415558314175355 -0.9652963335786603 -0.8764621313089068 -0.7891152596707627 -0.7016331761570177 -0.6069848632364281 -0.512742185942641 -0.41552484738563533 -0.3203356869626423 -0.25300017291342286 -0.17187304755291744 -0.10305020287208869 -0.03517384132046583 0.0332433677335604 0.09571125426114957 0.15385236076951175 0.20550329724903355 0.22456817170875232 0.23822457114443735 0.25390914871413506 0.2568838099773536 0.24606685992928623 0.23633160488602556 0.22551465483795818 0.21334558603388237 0.20658499225384025
-1.6659642729422253 -1.6855699949043474 -1.681648850511923 -1.660150162291389 -1.6337838465492247 -1.615665455218712 -1.6049837170462453 -1.5801047319356905 -1.5527919330643203 -1.5303467617145805 -1.5028987509676095 -1.4643633664213693 -1.402841963022986 -1.3276641601889176 -1.248565212962425 -1.1723057151235499 -1.1001025735527001 -1.0316853644986739 -0.9516399341429752 -0.8701071731556673 -0.7949293703215989 -0.7079881343102573 -0.612258126384861 -0.5185562965934771 -0.4189051442756564 -0.3394005614223611 -0.2612480973250742 -0.17633503944774526 -0.10791783039371902 -0.03814850258368438 0.03121518959954772 0.09760422051956136 0.1591256239179446 0.1830581258992937 0.2041511784930251 0.21632024729710092 0.23092312986199187 0.23781893551763483 0.23971190177604662 0.23633160488602556 0.23484427425441629 0.22308084107714304 0.22064702731632785
-1.6367585078124434 -1.6347303296784308 -1.6298627021568004 -1.6006569370270185 -1.572803290653245 -1.56401451873919 -1.5668539681268079 -1.543462313647862 -1.510200192250055 -1.4858620546419032 -1.442323830698432 -1.3989208186305617 -1.3276641601889176 -1.2514046623500428 -1.1948860983488907 -1.1328238474481038 -1.0776574022029601 -1.005859896258913 -0.9325750596832564 -0.8628057318732217 -0.7855997509051408 -0.7089346174394632 -0.6186130845381006 -0.5292380347659438 -0.43066857745292964 -0.3579245883796765 -0.27787915802397783 -0.19675203266347244 -0.11481363604936198 -0.045449943866129855 0.022426417685492972 0.08840981297870404 0.15236503013790248 0.180218676511676 0.20509766162223098 0.21145261977547058 0.22118787481873126 0.2123991029046765 0.21388643353628572 0.21334558603388237 0.21050613664626466 0.20455681411982762 0.19725537283738215
-1.5903808344813544 -1.587406173218136 -1.5756427400408626 -1.5464369749110807 -1.5303467617145805 -1.521963625427328 -1.5097945566232525 -1.4907296821635336 -1.4565210776365205 -1.4198786593486923 -1.3749883166492125 -1.3056246244659804 -1.2343679660243365 -1.182581817669214 -1.1322829999457005 -1.0791447328345696 -1.026412101350241 -0.9579948922962148 -0.9131045495967351 -0.8482028493083308 -0.7851941152783383 -0.7079881343102573 -0.6161792707772853 -0.5243704072443134 -0.4404038324961903 -0.3657668771645254 -0.2895073793256503 -0.21825072088400638 -0.13915177365751358 -0.06586693708185704 0.0020094244697658192 0.0742125660406156 0.1333001556781837 0.16304676831036902 0.18454545653090298 0.1884666009233274 0.19576804220577287 0.18413982090410042 0.17183554022442377 0.1708890570952179 0.15777350516193617 0.15033685200388985 0.13086634191736857
-1.536566507992219 -1.536566507992219 -1.5249382866905468 -1.495597309685164 -1.4795070964886636 -1.4673380276845878 -1.4458393394640539 -1.4252871343727258 -1.3895911992141035 -1.3461881871462331 -1.2871005975086651 -1.2182777528278361 -1.1591901631902681 -1.107944862337549 -1.0698151134181115 -1.0155951513021737 -0.9643498504494544 -0.9121580664675293 -0.8745691650504951 -0.8207548385613598 -0.7582869520337706 -0.6904105904821478 -0.5986017269491759 -0.5176098134642713 -0.43945734936698444 -0.3676598434229371 -0.30613844002455387 -0.2343409340805066 -0.157675800614829 -0.08398532841236991 -0.01367515309993192 0.05852798847091789 0.10788032306522538 0.1387086307022174 0.15033685200388985 0.15033685200388985 0.15385236076951175 0.13424663880738963 0.12207757000331382 0.1093676536968346 0.09625210176355292 0.082460490452267 0.05906883597332124
-1.4858620546419032 -1.4897831990343278 -1.4765324352254452 -1.4477323057224658 -1.4125772180662468 -1.4018954798937802 -1.3764756472808217 -1.3467290346486365 -1.3052189888391779 -1.2558666542448704 -1.1943452508464873 -1.1371506274673309 -1.078603885332166 -1.0468290945659682 -1.0103218881537408 -0.9628625198178451 -0.914051032725941 -0.8710536562848732 -0.8340056023702423 -0.7773518264934894 -0.7133966093342909 -0.6455202477826681 -0.5854861750158942 -0.5082801940478132 -0.4364826881037659 -0.3700936571837523 -0.31587369506781454 -0.24461703662617063 -0.16605893690208123 -0.09331494782882804 -0.02300477251639002 0.024454595819505653 0.07326608291140974 0.09517040675874616 0.10152536491198577 0.1000380342803765 0.09368307612713689 0.07515904916982152 0.06934493851898527 0.057175869714909455 0.048387097800854706 0.03459548648956878 0.013232010144635709
-1.4419181950716295 -1.4331294231575749 -1.423394168114314 -1.3979743355013559 -1.3647122141035486 -1.325635982054905 -1.2964302169251232 -1.2509990267232403 -1.1977255477365083 -1.1509422387786168 -1.0918546491410486 -1.041961467044338 -1.0107275237805433 -0.9839555724115765 -0.9628625198178451 -0.9233806521423992 -0.8770029788113102 -0.8325182717386331 -0.7968223365800107 -0.7377347469424427 -0.6709400803956265 -0.6186130845381006 -0.5619593086613476 -0.5039534140285862 -0.4364826881037659 -0.3745556490785801 -0.3106004319193817 -0.24556351975537652 -0.17241389505532081 -0.09858821097726089 -0.05221053764617198 -0.011782186841520104 0.018505273293068558 0.027834892709526715 0.03716451212598482 0.03811099525519068 0.0332433677335604 0.025806714575514034 0.020533451427081184 0.019586968297875318 0.013637645771438223 0.003902390728177607 -0.014621636229137813
-1.3886447160848976 -1.3808024273000488 -1.360791069711124 -1.330097973949733 -1.2929147081595012 -1.2558666542448704 -1.2153030915646177 -1.168925418233529 -1.1049702010743303 -1.055617866480023 -1.0077528625173247 -0.9800344280191521 -0.9516399341429752 -0.9267609490324202 -0.9072904389458989 -0.8784903094429195 -0.850636663069146 -0.8091266172596874 -0.7558531382729555 -0.6958190655061816 -0.6503878753042984 -0.6133398213896677 -0.5639874867953603 -0.4975984558753466 -0.42580094993129936 -0.3773950984661978 -0.3106004319193817 -0.24029025660694367 -0.1694392337921023 -0.12008689919779483 -0.08493181154157581 -0.06302748769423935 -0.03517384132046583 -0.01664981436315044 0.005389721359786881 -0.0019117199226586223 -0.0019117199226586223 -0.011241339339116752 -0.01367515309993192 -0.010700491836713372 -0.012187822468322645 -0.023410408143192563 -0.04734291012454164
-1.3286106433181237 -1.3286106433181237 -1.3115739469924175 -1.271551231814568 -1.2255791941102818 -1.1821761820424115 -1.1240350755340491 -1.0698151134181115 -1.0077528625173247 -0.966378028583467 -0.9462314591189415 -0.9291947627932353 -0.9072904389458989 -0.8867382338545708 -0.8676733593948521 -0.8379267467626668 -0.8125069141497084 -0.7788391571250987 -0.7476052138613041 -0.7012275405302152 -0.6533625365675171 -0.6059031682316214 -0.551277570488881 -0.48678150582727925 -0.41363188112722354 -0.34670200270480656 -0.2934285237180747 -0.23150148469288892 -0.1787688532085604 -0.14794054557156835 -0.1318503323750681 -0.11819393293938305 -0.10210371974288279 -0.08939380343640363 -0.0669486320866638 -0.05910634330181494 -0.03422735819125994 -0.032740027559650664 -0.03179354443044477 -0.03219918005724731 -0.03909498571289027 -0.04883024075615092 -0.06884159834507558
