static/ASC_sea/1979/09/ERA5V/00.asc
ncols         201
nrows         201
xllcorner     105.0
yllcorner     0.0
cellsize      0.25
NODATA_value  -32767
[rows 171 to 189 of 201, columns 0 to 42 of 201]
1.861307925856949 1.846705043292058 1.8027611837217838 1.7412397803234008 1.712845286447224 1.6709296050109628 1.6142758291342099 1.5654643420423058 1.5230078131036413 1.4809569197917793 1.4224101776566145 1.3573732654926094 1.2943645314626169 1.2479868581315279 1.1801104965799052 1.0981720999657947 1.038543662825823 0.9985209476479737 0.969179970642591 0.9463291636660487 0.9443009855320361 0.9106332285074263 0.8754781408512073 0.8510047913674548 0.8427568669558034 0.8345089425441521 0.8154440680844333 0.793404532361496 0.7593311397100837 0.712818254503394 0.7021365163309274 0.662113801153078 0.6191164247120102 0.5639499794668665 0.5156793398773658 0.4921524735228193 0.48633836287198307 0.47362844656550385 0.44969594458415474 0.4277916207368183 0.45361708897657926 0.4809298878479493 0.5444794693803453
1.9272913211501597 1.911606743580462 1.8695558502686 1.8027611837217838 1.7621976210415315 1.7319101609069427 1.6840451569442445 1.623470236675067 1.5785798939755875 1.5170584905772042 1.4575652653128335 1.4067256000869168 1.3324942803820543 1.2782743182661167 1.1918739297571783 1.1191299406839252 1.0693719704628153 1.0288084077825626 0.9809434038198643 0.9516024268144816 0.926317806077124 0.8949486509377287 0.8584414445255011 0.8227455093668787 0.817337034342845 0.8076017792995844 0.7875904217106597 0.7451338927719953 0.7065985082257552 0.6796913449811876 0.65278418173662 0.5991050671230855 0.5532682412944 0.49999476230766815 0.46876081904387357 0.4457748001917303 0.42968458699523016 0.4106197125355113 0.3784392861425109 0.38330691366414116 0.4135943737987299 0.4302254344976335 0.4921524735228193
1.9961141658309884 1.9658267056963998 1.9312124655425844 1.8676628840101883 1.8110091081334354 1.7836963092620652 1.7528680016250733 1.6924282932314967 1.6264448979382857 1.5654643420423058 1.5116500155531705 1.4594582315712454 1.374950809320719 1.3095082615299112 1.2202684236333552 1.1473892226845013 1.0961439218317819 1.039490145955029 0.9927068369971377 0.9443009855320361 0.9111740760098297 0.8784528021144258 0.8364019088025638 0.7997594905147356 0.7866439385814539 0.7769086835381933 0.758249444705277 0.7163337632690159 0.6723899036987421 0.6538658767414267 0.6060008727787285 0.5488062493995722 0.5014820929392774 0.4691664546706761 0.4390142064116882 0.4315775532536419 0.4140000094255324 0.3960168299706204 0.3760054723816957 0.4052112375114777 0.43455221451686044 0.4629467083930373 0.5097300173509288
2.049793280444523 2.010311412769077 1.9867845464145306 1.9258039905185504 1.8715840284026126 1.8306148300955574 1.799245674956162 1.7382651190601823 1.672416935642572 1.6152223122634157 1.564382647037499 1.4994809467490946 1.4130805582401564 1.3457450441909369 1.264212283203629 1.1855189716039387 1.1000650662242064 1.0434112903474535 0.9858110313414947 0.9364586967471873 0.8999514903349597 0.8579005970230977 0.8178778818452486 0.7793424972990084 0.7612241059684954 0.7318831289631127 0.712818254503394 0.693888591919276 0.6488630373441956 0.6284460441284684 0.5751725651417364 0.5209526030257987 0.47998340471874346 0.45605090273739435 0.455510055234991 0.447802978325743 0.4365803926508731 0.42089581508117535 0.4467212833209363 0.4794425572163401 0.5058088729585043 0.5381245112271057 0.5776063789025516
2.1298387108002217 2.0664243411434264 2.04289747478888 1.987325393916934 1.9345927624326054 1.8779389865558525 1.8306148300955574 1.7719328760847919 1.7001353701407447 1.6406421448763742 1.5819601908656085 1.5190866687112168 1.4375539077239088 1.361294409885034 1.2817898270317385 1.1884936328671574 1.1024988799850215 1.0321887046725835 0.9702616656473977 0.9160417035314601 0.8837260652628587 0.835455425673358 0.8090891099311937 0.767579064121735 0.7387789346187557 0.7055168132209485 0.6850998200052213 0.6640067674114899 0.6469700710857837 0.623578416606838 0.5634091319644632 0.5166258230065718 0.4945862872836344 0.4926933210252227 0.48485103224037374 0.46970730217307943 0.45997204712981876 0.4794425572163401 0.5175723061357776 0.546372435638757 0.5751725651417364 0.5897754477066275 0.6821251587420027
2.2148869805531515 2.13916833021668 2.0956301062732083 2.051280611076132 1.9677196719548116 1.8910545384891342 1.8515726708136881 1.7866709705252837 1.7113579558156147 1.634692822349937 1.566951672673915 1.4946133192274644 1.4160552195033749 1.3427703829277184 1.268539063222856 1.1757837165606781 1.0903298111809459 1.018126669610096 0.9672870043841792 0.9301037385939477 0.879940132746035 0.8193652124768578 0.7894833879690715 0.7558156309444619 0.7314774933363102 0.71538728013981 0.7026773638333308 0.6909139306560576 0.6752293530863598 0.6312854935160861 0.5761190482709424 0.546372435638757 0.5458315881363537 0.5170314586333743 0.47754959095792826 0.4667326409098609 0.4941806516568319 0.5346090024614838 0.5400174774855174 0.5488062493995722 0.5809866757925727 0.6738772343303514 0.7988130073855297
2.286549274621598 2.210424988658324 2.147416254628331 2.095224470646406 2.0195058203099343 1.945274500605072 1.866175553378579 1.7870766061520862 1.714332617078833 1.6382083311155589 1.5458586200801836 1.4599990790736488 1.3745451736939163 1.3042349983814783 1.2245952036525822 1.1503638839477197 1.0800537086352817 1.0219126021269196 0.969179970642591 0.910092381005023 0.8437033500850093 0.8051679655387693 0.7700128778825504 0.7729875391457688 0.7655508859877225 0.7466212234036046 0.7324239764655162 0.7202549076614403 0.6928068969144693 0.6479165542149896 0.5951839227306611 0.5757134126441399 0.5785528620317575 0.5532682412944 0.5356906974662905 0.5317695530738661 0.5366371805954964 0.5444794693803453 0.5346090024614838 0.5170314586333743 0.5708457851225095 0.7275563489438858 0.7554099953176594
2.3510453392832 2.2724872395591103 2.199743250485857 2.1298387108002217 2.0449256529228927 1.9385139068250297 1.8540064845745032 1.7876174536544895 1.7036508789063667 1.5981856159377097 1.496641497361477 1.4233566607858203 1.3397957216644998 1.258262960677192 1.179164013450699 1.1221046019471437 1.068831122960412 1.0160984914760833 0.9603911987285363 0.9042782703541867 0.8510047913674548 0.8124694068212148 0.7709593610117562 0.769472030380147 0.769472030380147 0.7685255472509409 0.7627114366001049 0.7455395283987978 0.7172802463982217 0.6694152424355235 0.61424879719038 0.6054600252763251 0.6035670590179134 0.5575950213136269 0.5317695530738661 0.5424512912463326 0.5521865462895933 0.5160849755041683 0.4575382333690037 0.4751157771971132 0.5873416339458123 0.6767166837179691 0.4867439984987856
2.41851606520802 2.3359016092159055 2.2528815175969883 2.1913601141986048 2.1044188781872633 1.9716408163472363 1.8686093671393942 1.7621976210415315 1.6684957912501477 1.574658749583163 1.4833907335525944 1.3925283531488284 1.3115364396639237 1.2216205423893638 1.146037103928493 1.0873551499177272 1.0381380271990206 0.9867575144707006 0.9345657304887753 0.8837260652628587 0.8408639006973917 0.8012468211463448 0.793404532361496 0.7793424972990084 0.77636783603579 0.774474869777378 0.7627114366001049 0.7358042733555372 0.7070041438525577 0.65278418173662 0.6187107890852077 0.6020797283863041 0.560975318203648 0.5420456556195301 0.5542147244236059 0.5663837932276817 0.5351498499638871 0.4691664546706761 0.4902595072644075 0.5747669295149339 0.5673302763568876 0.4921524735228193 0.29785300828440886
2.4901783592764666 2.4174343702032135 2.32860016793346 2.2489603732045635 2.138221847087474 2.0073367515058584 1.8745586896658315 1.7666596129363592 1.6567323580728743 1.556675570128251 1.4437736540015476 1.3579141129950127 1.279761648897726 1.1757837165606781 1.1103411687698705 1.0732931148552396 1.0269154415241508 0.9751292931690281 0.9209093310530903 0.8876472096552832 0.8666893689371526 0.8334272475393454 0.7905650829738784 0.7670382166193317 0.7666325809925292 0.7617649534708988 0.7500015202936257 0.7290436795754951 0.6840181250004146 0.6230375691044346 0.5766598957733458 0.571251420749312 0.5356906974662905 0.525820230547429 0.5381245112271057 0.5747669295149339 0.5596231994476396 0.5224399336574079 0.5273075611790383 0.6308798578892835 0.5287948918106475 0.39209568557819596 0.2393062661492441
2.561975865220514 2.4800374686064033 2.401344157006713 2.3271128373018506 2.2113714717875297 2.070345485535851 1.9297251349109752 1.8003273699609688 1.688912784465875 1.5537009088650324 1.4428271708723417 1.3510183073393698 1.2509615193947465 1.138194815143644 1.0981720999657947 1.0654508260703908 1.0200196358685079 0.9678278518865826 0.926317806077124 0.898869795330153 0.8681766995687619 0.8334272475393454 0.789077752342269 0.7646044028585166 0.758249444705277 0.7363451208579406 0.7241760520538647 0.6963224056800912 0.6439954098225652 0.6045135421471193 0.5420456556195301 0.5400174774855174 0.5244681117914206 0.5145976448725591 0.5546203600504085 0.5957247702330645 0.6337193072769012 0.5849078201849971 0.500941245436874 0.5736852345101272 0.4818763709771553 0.24268656303926517 0.1411424444630326
2.6343142186669644 2.561029382091308 2.4912600542812733 2.4022906401359188 2.281276011473165 2.1430894746091043 2.010311412769077 1.8794263171874617 1.7328566440361486 1.5981856159377097 1.478523106030964 1.3809001318471559 1.2309501618058218 1.0127181945860624 1.0106900164520496 1.0630170123095757 1.0194787883661043 0.9854053957146922 0.9448418330344395 0.8999514903349597 0.8597935632815097 0.8184187293476519 0.7866439385814539 0.7554099953176594 0.7260690183122765 0.7030829994601333 0.6791504974787842 0.651837698607414 0.6206037553436194 0.5897754477066275 0.5282540443082442 0.5214934505282021 0.5014820929392774 0.5131103142409499 0.5557020550552152 0.60302621151551 0.6342601547793045 0.5405583249879208 0.4755214128239157 0.5087835342217228 0.4042647543822717 0.16304676831036902 0.10882680619443125
2.7173343102858816 2.6489171012318553 2.5834745534410475 2.477062807343185 2.357400297436439 2.224081388094009 2.1000920981680364 1.953657636892324 1.807087963741011 1.6679549437477443 1.5439656538217719 1.4531032734180058 1.2666460969644442 0.884266912765262 0.9818898869490702 1.0517944266347057 1.024887263390138 0.9912195063655282 0.9448418330344395 0.8930556846793167 0.8510047913674548 0.800300338017139 0.7733931747725713 0.7255281708098732 0.6928068969144693 0.642508079190956 0.6181699415828044 0.596130405859867 0.5727387513809213 0.5488062493995722 0.5068905679633111 0.4981017960492563 0.4818763709771553 0.5039159067000926 0.5433977743755385 0.5908571427114342 0.5420456556195301 0.4418536557993059 0.4087267462770996 0.3696505142284561 0.2544499962165384 0.14993121637708734 0.0859759992178889
2.808061478814047 2.734911854113991 2.670956636954793 2.551294127048047 2.4458288640793904 2.307101479712926 2.2046108780074873 2.052227094205338 1.9110658960780587 1.7768005036064225 1.6367210004839496 1.5731714189515538 1.3681902155406769 0.8197708481036603 1.0170449746052892 1.1152087962915007 1.073698750482042 0.9990617951503773 0.9560644187093092 0.8764246239804132 0.8412695363241942 0.7778551666673992 0.7533818171836466 0.7040294825893392 0.6512968511050107 0.5957247702330645 0.5571893856868244 0.5287948918106475 0.5048623898292984 0.4805242522211468 0.4618650133882306 0.45456357210578513 0.4642988271490458 0.5205469673989962 0.532716036203072 0.46632700528305837 0.40723941564549027 0.3939886518366077 0.3461236478739096 0.17535104899004567 0.1000380342803765 0.10747468743842281 0.11031413682604052
2.893109748566977 2.818878428862114 2.7450527447840543 2.5879365453358756 2.480983951735609 2.366189069350494 2.2680252476642826 2.1357880333266586 1.9989536152186065 1.8740178421634281 1.7382651190601823 1.6474027386564163 1.464866706595279 0.9854053957146922 1.137248332014438 1.2055303291928634 1.1230510850763495 1.0409774765866384 0.9639067074941583 0.8764246239804132 0.8330216119125429 0.7754213529065839 0.7421592315087767 0.6606264705214688 0.596130405859867 0.5620570132084548 0.5321751887006686 0.4926933210252227 0.4526706058473733 0.4457748001917303 0.41940848444956613 0.40723941564549027 0.45997204712981876 0.507837051092517 0.46091853025902474 0.3827660661617378 0.3408503847254767 0.33057428217981266 0.3349010621990396 0.19725537283738215 0.11382964559166242 0.08840981297870404 0.1387086307022174
2.9516564907021414 2.8749913572364636 2.7876444855983196 2.6298522267721367 2.5243869638034795 2.4233836927296504 2.3110226241053504 2.198255919854248 2.075618748684284 1.9458153481074754 1.8100626250042295 1.6503773999196347 1.5624896807790871 1.3672437324114708 1.3237055084679996 1.2304093143034185 1.1464427395552954 1.0570676897831386 0.9536306049484942 0.8711513608319803 0.8163905512136391 0.7778551666673992 0.6840181250004146 0.60302621151551 0.5703049376201061 0.5381245112271057 0.49756094854685295 0.45456357210578513 0.41602818755954507 0.3988562793582381 0.3847942442957505 0.4515889108425666 0.4682199715414702 0.46632700528305837 0.430631070124436 0.3862815749273597 0.3524786060271491 0.3144840689833125 0.2924445332603751 0.22308084107714304 0.08935629610790996 -0.0458555794929324 -0.08939380343640363
3.0161525553637434 2.932591616242423 2.7998135544023954 2.6694693063231836 2.5679251877469507 2.500048826195328 2.366189069350494 2.236791304400488 2.1094217175844943 1.9804295882612908 1.8540064845745032 1.6952677426191143 1.5819601908656085 1.4902865392082374 1.370624029301492 1.2515023668971499 1.1694287584074385 1.0897889636785425 0.9945998032555494 0.9018444565933716 0.8036806349071601 0.7391845702455582 0.6488630373441956 0.5796345570365643 0.5370428162222989 0.4945862872836344 0.46240586089063396 0.4438818339333186 0.4214366625835787 0.377492803013305 0.39845064373143557 0.44969594458415474 0.4242761119711964 0.4418536557993059 0.41210704316712066 0.3120502552224973 0.22848931610117673 0.22848931610117673 0.24998800432171064 0.2006356697274032 0.07272523540900633 0.041491292145211744 -0.005832864315083064
3.057662601173202 2.994113019640806 2.8749913572364636 2.766145797377786 2.6376945155569853 2.532770100090732 2.4022906401359188 2.2665379170326734 2.1455232883699193 2.019100184683132 1.867122036507785 1.7363721528017704 1.609813837239382 1.4770357753993548 1.350071824210164 1.2504206718923432 1.1709160890390478 1.0878959974201305 0.9863518788438981 0.8784528021144258 0.7909707186006809 0.6909139306560576 0.6045135421471193 0.5673302763568876 0.5312287055714627 0.48390454911116787 0.4551044196081885 0.4766031078287224 0.4857975153695797 0.4502367920865582 0.4955327704128404 0.4390142064116882 0.4106197125355113 0.3960168299706204 0.3247601715289765 0.20212300035901248 0.07272523540900633 0.057175869714909455 0.2060441447514369 0.2518809705801225 0.2118582554022731 0.1738637183584364 0.09665773739035544
3.1420348115481276 3.0312962854310377 2.895543562327792 2.8007600375316013 2.700703249586978 2.5516997626748497 2.420409031466432 2.2891183002580138 2.1777037147629197 2.0527679417077414 1.9121475910828654 1.782208978630456 1.6337463392207312 1.475142809140943 1.3306013141236426 1.232437492437431 1.1454962564260895 1.0517944266347057 0.952143274316885 0.8339680950417487 0.7343169427239279 0.6284460441284684 0.5620570132084548 0.5521865462895933 0.5693584544909003 0.5014820929392774 0.44334098643091524 0.4702481496754828 0.5375836637247023 0.5478597662703664 0.5194652723941894 0.39696331309982624 0.33936305409386747 0.31150940772009394 0.2656725818914084 0.24174007991005925 0.15777350516193617 0.11382964559166242 0.14601007198466287 0.1738637183584364 0.16940172646360863 0.05514769158089683 0.011203832010623083
