static/ASC_sea/1979/09/ERA5V/00.asc
ncols         201
nrows         201
xllcorner     105.0
yllcorner     0.0
cellsize      0.25
NODATA_value  -32767
[rows 152 to 170 of 201, columns 43 to 85 of 201]
1.1323807044928078 1.0658564616971933 0.9858110313414947 0.8921092015501109 0.7754213529065839 0.6752293530863598 0.5785528620317575 0.4809298878479493 0.36816318359684685 0.250528851824114 0.13424663880738963 0.017558790163862692 -0.09574876158964321 -0.19675203266347244 -0.26516924171749867 -0.3091131012877724 -0.3476484858340125 -0.4037614142083621 -0.4263417974337027 -0.44527146001782064 -0.6146919401456761 -0.8525296293275577 -1.0707615965473174 -1.168925418233529 -0.7240783475067576 -0.23001415406127965 -0.062486640191836 -0.1694392337921023 -0.2930228880912722 -0.3203356869626423 -0.23150148469288892 -0.11914041606858894 -0.16849275066289637 -0.3145215763118061 -0.2573269529326498 -0.07127541210589075 0.005795356986589395 0.040003961513602526 0.0508209115616699 0.030809553972745207 0.04973921655686314 0.02540107894871152 0.02296726518789638
1.1294060432295892 1.0400309934574323 0.9530897574460908 0.8485709776066397 0.7451338927719953 0.6548123598706326 0.5590823519452363 0.46876081904387357 0.3891210243149774 0.2808163119587027 0.16358761581277237 0.03811099525519068 -0.09128676969481542 -0.19039707451023286 -0.255433986674238 -0.3525161133556428 -0.38036975972941633 -0.4389165018645811 -0.5000322696361618 -0.6303765177153737 -0.8037181422356536 -1.0131613375413586 -1.206514319650563 -1.173793045755159 -0.7192107199851272 -0.24759169788938915 -0.08790647280479436 -0.2104084320991575 -0.3809106072318197 -0.3988937866867317 -0.24029025660694367 -0.19729288016587582 -0.27787915802397783 -0.2627354279566835 -0.1518616899639928 0.03175603710195113 0.10111972928518326 0.020939087053883754 -0.01610896686074706 -0.00732019494669231 0.06880409101658191 0.09814506802196471 0.14060159696062918
1.115749643793904 1.0263745940217472 0.9257769585747206 0.8188243649744544 0.7099788051157763 0.6147896446927833 0.525820230547429 0.4590255640006129 0.3750589892524898 0.28663042260953897 0.16940172646360863 0.047305402796048 -0.06978808147428148 -0.18120266696937556 -0.2793664886555871 -0.3837500566194374 -0.44973345191264846 -0.5112548553110317 -0.6088778294948398 -0.7388164419472494 -0.8779494619405162 -1.0664348165280904 -1.1821761820424115 -1.1167336342516037 -0.6352441452370041 -0.1651124537728753 -0.02192307751158329 -0.18120266696937556 -0.3457555195756007 -0.21919720401321224 -0.08790647280479436 -0.1963463970366699 -0.3358850526567392 -0.2978905156129025 -0.12360240796341673 0.041491292145211744 0.12207757000331382 0.048792733427657276 0.024860231446308168 0.012691162642232356 0.08151400732306108 0.19333422844495773 0.2641852512597991
1.1006059137266098 1.0033885751696041 0.902385304095775 0.7851566079498447 0.6748237174595573 0.581527523294976 0.4941806516568319 0.4302254344976335 0.3457180122471071 0.25634296247495025 0.14898473324788142 0.027834892709526715 -0.05275138514857533 -0.15875749561963573 -0.23920856160213694 -0.29829615123970504 -0.4028149310791561 -0.5415423154456204 -0.639706137131832 -0.7470643663589007 -0.885791750725365 -0.9667836642102695 -1.0488572726999807 -0.9331159071856598 -0.4765054032816152 -0.04639642699533575 -0.08736562530239098 -0.24029025660694367 -0.10494316913050047 0.02634756207791744 0.003902390728177607 -0.1670054200312871 -0.39551348979671064 -0.37604297971018935 -0.15334902059560204 0.04095044464280839 0.12059023937170454 0.21388643353628572 0.1938750759473611 0.12599871439573823 0.14749740261627214 0.3339545790698337 0.4115661956647172
1.0810001917644876 0.9839180650830828 0.8681766995687619 0.7494606727912223 0.6512968511050107 0.571251420749312 0.4818763709771553 0.40183094062145663 0.3184052133757369 0.2142920691630883 0.10693383993601946 0.047846250298451354 -0.026925916908814462 -0.09034028656560952 -0.12644185735103441 -0.1621377925096568 -0.3345329339007308 -0.48678150582727925 -0.5834579968818815 -0.6913570736113537 -0.7397629250764552 -0.8042589897380571 -0.8242703473269817 -0.6875711410945301 -0.3358850526567392 -0.11089249165693754 -0.20161966018510274 -0.26706220797591046 -0.1318503323750681 0.06055616660493052 0.019586968297875318 -0.192830888271048 -0.44581230752022405 -0.4228262886680808 -0.09426143095803394 0.1093676536968346 0.09760422051956136 0.19090041468414254 0.3236784765241697 0.2773008031930808 0.3169178827441276 0.4926933210252227 0.5508344275335848
1.0654508260703908 0.9530897574460908 0.8345089425441521 0.7343169427239279 0.6376404516693256 0.5654373100984759 0.4882313291303948 0.395475982468217 0.30272063580603914 0.19536240657897036 0.10882680619443125 0.05960968347572465 0.011744679513026435 -0.036120324449671726 -0.060593673933424186 -0.08885295593400025 -0.2812594549139989 -0.4061952279691772 -0.495570277741334 -0.5434352817040322 -0.5795368524894571 -0.5907594381643271 -0.5864326581451 -0.4779927339132245 -0.31303424568019683 -0.17579419194534185 -0.28815526056964186 -0.3358850526567392 -0.1615969450072534 0.029727858967938503 0.0014685769673624116 -0.17281953068212336 -0.3320991201399156 -0.3031637787613354 0.028375740211930067 0.20266384786141584 0.1351931219365955 0.004848873857383473 0.09571125426114957 0.43698602827767563 0.5693584544909003 0.6548123598706326 0.6591391398898596
1.0302957384141718 0.919422000421481 0.8100355930603995 0.7103844407425788 0.6260122303676532 0.5488062493995722 0.4751157771971132 0.3862815749273597 0.2924445332603751 0.20171736473220991 0.12004939186930119 0.045953284040039566 -0.018542780621562227 -0.07086977647908821 -0.07857685338833623 -0.00732019494669231 -0.16010961437564414 -0.2797721242823896 -0.3339920863983274 -0.3710401403129582 -0.4164713305148412 -0.43310239121374483 -0.41309103362482014 -0.3383188664175544 -0.25300017291342286 -0.1791744888353629 -0.2558396223010405 -0.22460567903724596 -0.050723207014562705 0.07853934605984259 0.04446595340843029 -0.054644351406987146 -0.07614303962752106 -0.06546130145505452 0.023913748317102246 0.17183554022442377 0.11518176434767086 -0.01664981436315044 0.16155943767875974 0.6157361278219892 0.8388357225633791 0.8579005970230977 0.7988130073855297
1.0146111608444741 0.9076585672442077 0.7929988967346935 0.6757702005887631 0.5985642196206822 0.5214934505282021 0.44334098643091524 0.3647828867068258 0.28906423637035406 0.22659634984276494 0.14357625822384773 0.030809553972745207 -0.030306213798835524 0.036623664623581464 0.08786896547630069 0.12004939186930119 -0.017055449989952953 -0.1445602486815473 -0.2158169071231912 -0.26706220797591046 -0.3110060675461842 -0.3266906451158819 -0.3173610256994238 -0.27639182739236856 -0.2539466560426287 -0.22555216216645185 -0.18066181946697218 -0.11859956856618556 -0.03814850258368438 0.003902390728177607 -0.07127541210589075 -0.1851238113618 0.005795356986589395 0.04338425840362353 0.0014685769673624116 0.12004939186930119 0.19630888970817623 0.22416253608194975 0.3960168299706204 0.7563564784468653 0.9785095900590493 0.9287516198379391 0.7881312692130631
0.9927068369971377 0.8964359815693379 0.7973256767539205 0.6864519387612297 0.5839613370557912 0.4902595072644075 0.42968458699523016 0.366270217338435 0.32665313778738825 0.2881177532411482 0.1903595671817392 0.07610553229902739 0.12789168065415002 0.3457180122471071 0.2909572026287659 0.13478748630979298 0.03757014775278733 -0.03517384132046583 -0.10007554160887017 -0.16998008129450565 -0.24029025660694367 -0.2924820405888688 -0.2758509798899652 -0.22663385717125858 -0.29004822682805365 -0.2592199191910616 -0.04342176573211723 0.10598735680681354 0.14749740261627214 0.08205485482546448 -0.10548401663290385 -0.24029025660694367 -0.07370922586670592 -0.02827803566482287 -0.04342176573211723 0.18413982090410042 0.3696505142284561 0.395475982468217 0.4102140769087088 0.579093709534161 0.8975176765741446 0.9760757762982339 0.733370459594722
0.9916251419923308 0.9048191178565901 0.8081426268019878 0.7055168132209485 0.6172234584535984 0.5209526030257987 0.4506424277133607 0.40183094062145663 0.360320894811998 0.2275428329719708 0.08448866858627962 0.04689976716924543 0.2036103309906217 0.3812787355301286 0.269458514408232 0.18265249027249114 0.1274860450273475 0.04392510590602694 -0.036661171952075106 -0.11481363604936198 -0.1991858464242876 -0.24907902852099842 -0.21973805151561562 -0.19972669392669096 -0.22406483153484258 -0.18309563322778735 0.018099637666266044 0.1996891865981973 0.20793711100984869 0.06731676038497264 -0.057619012670205666 -0.05572604641179388 0.1333001556781837 0.23430342675201293 0.22456817170875232 0.37938576927171674 0.5117581954849414 0.5229807811598113 0.3739772942476831 0.36424203920442244 0.5082426867193195 0.7617649534708988 0.6675222761771118
0.9603911987285363 0.9136078897706448 0.8291004675201183 0.7606832584660921 0.6581926567606536 0.5502935800311815 0.5233864167866139 0.47362844656550385 0.3764111080084982 0.2475541905608955 0.16358761581277237 0.17575668461684818 0.3812787355301286 0.4575382333690037 0.33544190970144305 0.29785300828440886 0.21483291666549165 0.13722130007060812 0.05420120845169096 -0.03463299381806248 -0.11859956856618556 -0.1743068613137326 -0.16010961437564414 -0.14848139307397173 -0.10886431352292492 -0.08790647280479436 0.06393646349495158 0.268512031279026 0.26999936191063534 0.1118014674576498 -0.011782186841520104 0.04973921655686314 0.3232728408973672 0.5321751887006686 0.5546203600504085 0.6123558309319681 0.6909139306560576 0.6011332452570982 0.4487494614549489 0.20942444164145796 0.23241046049360115 0.45848471649820954 0.542992138748736
0.9736419625374189 0.9282107723355357 0.8876472096552832 0.8184187293476519 0.7167393988958184 0.6127614665587706 0.5136511617433532 0.30420796643764847 0.22308084107714304 0.3359827572038464 0.2705402094130387 0.38722805805656557 0.5233864167866139 0.4966144654176471 0.4263042901052091 0.3608617423144014 0.2470133430584921 0.17237638772682717 0.10057888178277985 0.01417849327384163 -0.017055449989952953 -0.06546130145505452 -0.054238715780184604 -0.03463299381806248 0.010798196383820569 0.05176739469087577 0.1708890570952179 0.2475541905608955 0.24998800432171064 0.17778486275086086 0.07177875227980046 0.117615578108486 0.314889704610115 0.4930989566520252 0.5561076906820177 0.6045135421471193 0.4227887813395872 0.31543055211251836 0.022020782058690458 -0.1752533444429385 -0.012187822468322645 0.1415480800898351 0.22551465483795818
0.9785095900590493 0.9770222594274398 0.9379460273787965 0.881833099004447 0.7948918629931052 0.65278418173662 0.4003436099898473 0.20171736473220991 0.187925753420924 0.2987994914136147 0.4164338231863476 0.5302822224422569 0.5302822224422569 0.507837051092517 0.4751157771971132 0.3724899636160738 0.268512031279026 0.18900744842573075 0.11869727311329276 0.09476477113194365 0.06393646349495158 0.04446595340843029 0.054742055954094315 0.06447731099735499 0.11031413682604052 0.16994257396601198 0.23430342675201293 0.30907559395927875 0.36180822544360725 0.29298538076277847 0.17183554022442377 0.15966647142034796 0.17873134588006673 0.3520729704003466 0.4565917502397977 0.4945862872836344 0.31299673835170316 0.05609417471010275 -0.23096063719048554 -0.24029025660694367 -0.05329223265097871 -0.03219918005724731 0.09084362673951923
0.9878392094755073 0.9863518788438981 0.9872983619731039 0.9330783998571661 0.8739908102195981 0.6845589725028179 0.3778984386401075 0.39060835494658663 0.39452949933901116 0.3891210243149774 0.5068905679633111 0.5473189187679629 0.5405583249879208 0.5321751887006686 0.4751157771971132 0.37695195551090166 0.2993403389160181 0.2123991029046765 0.1587199882911421 0.1351931219365955 0.13668045256820477 0.12599871439573823 0.1274860450273475 0.12599871439573823 0.17913698150686924 0.2451203768000803 0.3032614833084425 0.39060835494658663 0.4428001389285118 0.3096164414616821 0.18697927029171812 0.04392510590602694 -0.04152879947370544 0.180218676511676 0.3764111080084982 0.40237178812386 0.2881177532411482 0.030809553972745207 0.05609417471010275 0.07718722730383415 0.05420120845169096 -0.0029934149274653543 0.2099652891438613
0.9785095900590493 1.0024420920403982 1.0048759058012133 0.9960871338871586 0.9579573849677212 0.7915115661030843 0.5517809106627908 0.669956089937927 0.6352066379085105 0.5732795988833247 0.5688176069884969 0.5981585839938797 0.5912627783382367 0.5590823519452363 0.46632700528305837 0.3926365330805993 0.31299673835170316 0.24660770743168958 0.1967145253349788 0.16210028518116315 0.15966647142034796 0.16940172646360863 0.1703482095928145 0.17535104899004567 0.2217287223211346 0.27148669254224456 0.31299673835170316 0.4179211538179568 0.40723941564549027 0.2318696129911978 0.15723265765953282 0.016071459532253418 -0.13874613803071106 0.010257348881417161 0.20266384786141584 0.17332287085603304 0.10544650930441019 0.13816778319981404 0.23971190177604662 0.21970054418712198 0.11626345935247756 0.07272523540900633 0.332061612811422
0.9609320462309396 1.0024420920403982 1.0357042134382055 1.0269154415241508 1.0194787883661043 0.9603911987285363 0.8021933042755507 0.7406719008771675 0.6606264705214688 0.6206037553436194 0.64156159606175 0.6494038848465989 0.6181699415828044 0.5600288350744421 0.4897186597620041 0.4277916207368183 0.3584279285535862 0.3184052133757369 0.27392050630305975 0.2318696129911978 0.21091177227306723 0.20212300035901248 0.1977962203397855 0.1967145253349788 0.22700198546956746 0.3100220770884846 0.2593176237381688 0.2178075779287102 0.20306948348821835 0.19292859281815516 0.24606685992928623 0.44090717267010004 0.2660782175182109 0.16791439583199935 0.07718722730383415 0.04203213964761515 0.05568853908330024 0.0917901098687251 0.05568853908330024 -0.005832864315083064 -0.00434553368347379 -0.005427228688280522 0.2006356697274032
0.9121205591390356 0.9824307344514736 1.036109849065008 1.066938156702 1.0473324347398778 1.0170449746052892 0.9770222594274398 0.9125261947658381 0.881833099004447 0.8505991557406523 0.790024235471475 0.7251225351830706 0.6836124893736121 0.6430489266933593 0.5424512912463326 0.45456357210578513 0.3935830162098052 0.3676223360944435 0.32516580715577903 0.2920388976335726 0.27635432006387495 0.25634296247495025 0.2621570731257865 0.23876541864684075 0.3169178827441276 0.3432841984862919 0.2041511784930251 0.21875406105791606 0.2748669894322656 0.24417389367087444 0.3188108490025394 0.6088403221663462 0.627905196626065 0.3056952970692577 0.22551465483795818 0.21483291666549165 0.17967782900927265 0.1239705362617256 0.05420120845169096 -0.019083628123965607 -0.024356891272398457 0.004443238230580959 0.08989714361031331
0.8451906807166185 0.9482221299244604 1.0342168828065963 1.1191299406839252 1.1548258758425476 1.1469835870576988 1.1127749825306856 1.060042351046357 0.9990617951503773 0.930644586096351 0.8520864863722615 0.7861030910790505 0.7324239764655162 0.6791504974787842 0.61424879719038 0.5557020550552152 0.4926933210252227 0.45118327521576407 0.41697467068875094 0.39696331309982624 0.3799266167741201 0.3511264872711407 0.3339545790698337 0.33692924033305227 0.48728484600118893 0.3486926735103255 0.32029817963414864 0.5742260820125306 0.6918604137852634 0.5688176069884969 0.7090323219865704 1.1260257463395682 1.072211419850433 0.5708457851225095 0.34909830913712814 0.17778486275086086 0.11477612872086829 0.11964375624249862 0.10301269554359505 0.050280064059266494 0.08151400732306108 0.12599871439573823 0.023372900814698894
0.7524353340544407 0.8867007265260771 1.0448986209790627 1.1636146477566023 1.258262960677192 1.2778686826393142 1.2339248230690403 1.1894401159963632 1.0903298111809459 0.9745884456666247 0.8949486509377287 0.8334272475393454 0.7733931747725713 0.723094357049058 0.6815843112395994 0.6200629078412161 0.560975318203648 0.5121638311117439 0.48877217663279826 0.4809298878479493 0.47119463280468876 0.43847335890928485 0.4667326409098609 0.5415048081171268 0.49512713478603776 0.1333001556781837 0.2758134725614715 0.7593311397100837 0.930644586096351 0.8861598790236738 1.066938156702 1.3237055084679996 1.289091268314184 0.8349145781709546 0.40088445749225066 0.2509344874509165 0.3021797883036358 0.3120502552224973 0.23876541864684075 0.24174007991005925 0.44482831706252446 0.17535104899004567 -0.060052826431020834
