static/ASC_sea/1979/09/ERA5V/00.asc
ncols         201
nrows         201
xllcorner     105.0
yllcorner     0.0
cellsize      0.25
NODATA_value  -32767
[rows 95 to 113 of 201, columns 86 to 128 of 201]
-2.7431972858541362 -2.7607748296822456 -2.7617213128114515 -2.745090252112548 -2.70209287567148 -2.6229939284449872 -2.550249939371734 -2.444784676403077 -2.2788797050408434 -2.0302250658108942 -1.7397899570202853 -1.4131180655686502 -1.0449361283075564 -0.6709400803956265 -0.3119525506753901 0.024454595819505653 0.31056292459088797 0.5517809106627908 0.7324239764655162 0.8461371638458246 0.9218558141822961 0.9818898869490702 1.0512535791323023 1.0888424805493364 1.1030397274874248 1.1045270581190343 1.1049326937458368 1.1049326937458368 1.1122341350282823 1.106420024377446 1.1103411687698705 1.1181834575547194 1.134814518253623 1.165507614015014 1.200662701671233 1.2597502913088012 1.3212716947071845 1.3608887742582312 1.3837395812347737 1.4097002613501353 1.4389060264799174 1.4624328928344639 1.4755484447677456
-2.6820815180825552 -2.6880308406089926 -2.6845153318433708 -2.6680194830200676 -2.651388422321164 -2.601089604597651 -2.5199624792371456 -2.3931337399235555 -2.2007272409435568 -1.93801056665112 -1.6401388047024643 -1.3052189888391779 -0.9433920097313239 -0.5791312168626546 -0.22703949279806113 0.09760422051956136 0.3588335641803887 0.5469132831411604 0.6782040143495783 0.7866439385814539 0.8764246239804132 0.9428136549004267 0.9927068369971377 1.0194787883661043 1.0312422215433776 1.037056332194214 1.0478732822422814 1.0639634954387815 1.066938156702 1.0761325642428574 1.0937101080709668 1.1015523968558156 1.1142623131622948 1.1454962564260895 1.1748372334314723 1.2314910093082252 1.27881516576852 1.3081561427739028 1.3270858053580208 1.3506126717125673 1.381846614976362 1.3994241588044714 1.4164608551301774
-2.6259685897082057 -2.6450334641679247 -2.6519292698235675 -2.6572025329720006 -2.6562560498427947 -2.5952754939468146 -2.5044131135430487 -2.3729871704590297 -2.1889638077662834 -1.9434190416751538 -1.6201274471135396 -1.258841315508089 -0.8940396751370163 -0.5268042210051286 -0.1787688532085604 0.11626345935247756 0.3408503847254767 0.5156793398773658 0.6542715123682292 0.7587902922076804 0.832075128783337 0.8876472096552832 0.9384868748811999 0.9526841218192883 0.9599855631017338 0.9721546319058096 0.9945998032555494 1.033676035304193 1.0649099785679874 1.0854621836593155 1.091817141812555 1.0981720999657947 1.113315830033089 1.1421159595360684 1.1718625721682536 1.2251360511549856 1.2597502913088012 1.2900377514433898 1.3130237702955332 1.3178913978171634 1.3222181778363904 1.3373619079036847 1.3564267823634035
-2.609337529009302 -2.632864395363849 -2.645574311670328 -2.65233490545037 -2.6562560498427947 -2.587433205161966 -2.495624341628994 -2.3481081853484747 -2.1571890170000856 -1.9184048446889979 -1.5956540976297873 -1.2324749997659248 -0.8594254349832007 -0.49854493900455255 -0.1752533444429385 0.11031413682604052 0.32178551026575797 0.47606226032631904 0.6088403221663462 0.697268888809297 0.7636579197293107 0.8070609317971811 0.8485709776066397 0.8627682245447281 0.8867007265260771 0.9072529316174052 0.9463291636660487 0.9882448451023098 1.0346225184333988 1.0649099785679874 1.075726928616055 1.084921336156912 1.099659430597404 1.123591932578753 1.1611808339957872 1.2176993979969393 1.252989697528759 1.2734066907444863 1.2666460969644442 1.2597502913088012 1.2734066907444863 1.2803024964001293 1.2924715652042051
-2.546869642481713 -2.6040642658608695 -2.6225882928181847 -2.6342165141198572 -2.635298209124664 -2.567421847573041 -2.46290306773359 -2.3159277589554743 -2.1186536324538454 -1.8740553494919217 -1.5356200248630132 -1.1786606732767895 -0.8149407279105236 -0.495570277741334 -0.1797153363377663 0.07853934605984259 0.2841966088487238 0.42725077323441496 0.5405583249879208 0.6299333747600776 0.6869927862636331 0.7255281708098732 0.7475677065328105 0.7773143191649958 0.8066552961703786 0.8510047913674548 0.8925148371769134 0.9388925105080024 0.9809434038198643 1.0117717114568563 1.0390845103282265 1.050712731629899 1.0796480730084792 1.1118284994014798 1.1576653252301652 1.1933612603887875 1.2221613898917671 1.2152655842361242 1.2045838460636575 1.1933612603887875 1.2021500323028425 1.2070176598244726 1.2251360511549856
-2.492244044738973 -2.5483569731133224 -2.5605260419173983 -2.5693148138314528 -2.573776805726281 -2.519556843610343 -2.4111169193784674 -2.253865508054688 -2.056185745926256 -1.8052325048110929 -1.4740986214646299 -1.1240350755340491 -0.7895208952975652 -0.4702856570039765 -0.19526470203186316 0.05852798847091789 0.24174007991005925 0.3696505142284561 0.4766031078287224 0.5433977743755385 0.5996459146254889 0.638181299171729 0.6626546486554815 0.6991618550677089 0.7485141896620164 0.793404532361496 0.8422160194534001 0.8857542433968713 0.9301037385939477 0.9667461568817759 0.9912195063655282 1.0185323052368984 1.048278917869084 1.083434005525303 1.1221046019471437 1.1494174008185138 1.1567188421009593 1.1494174008185138 1.1318398569904045 1.1230510850763495 1.12791871259798 1.1376539676412405 1.1537441808377409
-2.4359959044890225 -2.467229847752817 -2.4795341284324937 -2.4873764172173423 -2.4907567141073637 -2.4419452270154594 -2.340401108439227 -2.1831496971154474 -1.9892558675038392 -1.7362744482546633 -1.428667431262747 -1.087392657246221 -0.7567996214021614 -0.45703489319509394 -0.18120266696937556 0.040003961513602526 0.20658499225384025 0.32029817963414864 0.39304216870740183 0.45997204712981876 0.5106765004801347 0.5512400631603874 0.582474006424182 0.6224967216020313 0.6757702005887631 0.7427000790111802 0.7920524136054876 0.835455425673358 0.884266912765262 0.9248304754455148 0.9467347992928512 0.9740475981642214 1.0029829395428016 1.0357042134382055 1.056662054156336 1.0770790473720633 1.0830283698985004 1.0785663780036725 1.060988834175563 1.0585550204147478 1.0620705291803698 1.068831122960412 1.0742395979844455
-2.3647392460473786 -2.395973189311173 -2.3989478505743915 -2.410711283751665 -2.4013816643352066 -2.3525701772433028 -2.256299321815503 -2.1274424043679003 -1.9350359053879016 -1.6880038086651625 -1.3876982329556917 -1.0473699420683715 -0.7246191950091609 -0.42377277179728673 -0.19039707451023286 0.024454595819505653 0.1626411326835665 0.2509344874509165 0.3173235183709301 0.36667585296523764 0.4175155181911543 0.4565917502397977 0.4893130241352016 0.5342033668346813 0.6045135421471193 0.6723899036987421 0.733370459594722 0.7797481329258109 0.8257201706300974 0.8696640302003711 0.8915683540477075 0.9184755172922752 0.9476812824220571 0.9697208181449943 0.9848645482122889 0.9975744645187679 1.0014956089111924 0.9979801001455704 0.9985209476479737 0.9970336170163645 0.9931124726239402 0.9814842513222677 0.9848645482122889
-2.31200661456305 -2.337832082802811 -2.3389137778076177 -2.321741869606311 -2.304164325778201 -2.2602204662079273 -2.174766560828195 -2.0498307877730166 -1.8837906045351822 -1.6440599490948888 -1.3442952208878214 -1.001533116239686 -0.6772950385488661 -0.4028149310791561 -0.17390122568693006 -0.02935973066962963 0.08786896547630069 0.16656227707599092 0.22118787481873126 0.2660782175182109 0.31056292459088797 0.3457180122471071 0.3935830162098052 0.45361708897657926 0.5248737474182231 0.5888289645774215 0.6488630373441956 0.7065985082257552 0.7451338927719953 0.790024235471475 0.8188243649744544 0.8437033500850093 0.870610513329577 0.8945430153109262 0.9111740760098297 0.9188811529190777 0.9213149666798928 0.9223966616846997 0.9252361110723173 0.9228022973115022 0.9145543728998506 0.8925148371769134 0.8915683540477075
-2.2583274999495155 -2.2865867819500916 -2.2865867819500916 -2.2626542799687424 -2.227093556685721 -2.1840961802446532 -2.1079718942813788 -2.0010193006811123 -1.8413340755965177 -1.6171527858503212 -1.3213092020356783 -0.9813865467751605 -0.6840556323289082 -0.42728828056290863 -0.2378564428461285 -0.10548401663290385 -0.006373711817486416 0.04973921655686314 0.09814506802196471 0.1426297750946418 0.1923877453157518 0.25783029310655947 0.3193516965049428 0.3739772942476831 0.44090717267010004 0.5048623898292984 0.5624626488352573 0.616682610951195 0.6572461736314478 0.7036238469625367 0.7309366458339068 0.758249444705277 0.7875904217106597 0.8154440680844333 0.8315342812809337 0.8579005970230977 0.8735851745927956 0.870610513329577 0.8612808939131189 0.8554667832622826 0.8403230531949883 0.8203116956060637 0.8017876686487482
-2.207487834723599 -2.224118895422502 -2.2231724122932963 -2.208569529728406 -2.1753074083305983 -2.1250085906070852 -2.056185745926256 -1.9574810767376414 -1.8071254710695046 -1.5879470207205393 -1.3061654719683837 -0.9873358693015976 -0.7085289818126607 -0.4794800645448337 -0.3081666181585665 -0.19039707451023286 -0.11129812728374008 -0.058159860172609046 -0.00434553368347379 0.044871589035232806 0.09760422051956136 0.1626411326835665 0.2411992324076559 0.320839027136552 0.37546462487929233 0.42481695947359976 0.4766031078287224 0.5287948918106475 0.5732795988833247 0.5966712533622704 0.6118149834295648 0.6357474854109139 0.6694152424355235 0.7079506269817637 0.7514888509252349 0.7827227941890293 0.8036806349071601 0.809629957433597 0.8017876686487482 0.782181946686626 0.7387789346187557 0.7216070264174487 0.7191732126566336
-2.1504284232200437 -2.171386263938174 -2.174766560828195 -2.1665186364165434 -2.1431269819375975 -2.0937746473432903 -2.0214362938968398 -1.9258414978470442 -1.790494410370601 -1.5879470207205393 -1.3237430157964933 -1.041961467044338 -0.7764053433642836 -0.5566860455129148 -0.3876712010118618 -0.27436364925835593 -0.20067317705589685 -0.1475349099447658 -0.10061638911127352 -0.045449943866129855 0.027834892709526715 0.1093676536968346 0.19536240657897036 0.2681063956522235 0.31543055211251836 0.355994114792771 0.39939712686064144 0.4326592482584486 0.4653805221538525 0.4794425572163401 0.5106765004801347 0.5405583249879208 0.5776063789025516 0.623578416606838 0.6903730831536541 0.7290436795754951 0.7533818171836466 0.750542367796029 0.7324239764655162 0.7070041438525577 0.6791504974787842 0.659679987392263 0.6475109185881871
-2.0952619779749 -2.117166301822236 -2.142586134435194 -2.1504284232200437 -2.1255494381094886 -2.06159422095029 -1.9931770118962637 -1.902855478994901 -1.7710239002840797 -1.5961949451321906 -1.3534896284286786 -1.0894208353802335 -0.8446873405427089 -0.6322694839737856 -0.4819138783056489 -0.3769894628393953 -0.30613844002455387 -0.2388029259753344 -0.1816083025961781 -0.1142727885469586 -0.038554138210486893 0.05420120845169096 0.145063588855457 0.2123991029046765 0.2606697424941772 0.2997459745428206 0.32665313778738825 0.350044792266334 0.37208432798927127 0.3827660661617378 0.41454085692793574 0.4579438689958062 0.5033750591976892 0.5703049376201061 0.6318263410184894 0.6675222761771118 0.687939269392839 0.6899674475268516 0.677663166847175 0.6512968511050107 0.6200629078412161 0.61424879719038 0.6078938390371403
-2.079577400405202 -2.1049972330181603 -2.1289297349995095 -2.1396114731719758 -2.1231156243486735 -2.0610533734478866 -1.991284045637852 -1.8983934871000732 -1.7695365696524705 -1.5980879113906024 -1.4018954798937802 -1.1767677070183777 -0.9374426872048868 -0.7421967388372704 -0.5922467687959363 -0.48975616709049774 -0.41309103362482014 -0.3345329339007308 -0.24759169788938915 -0.17674067507454777 -0.08493181154157581 0.011203832010623083 0.109908501199238 0.17142990459762125 0.21050613664626466 0.229976646732786 0.25390914871413506 0.27540783693466897 0.2933910163895811 0.3173235183709301 0.3651885223336283 0.4087267462770996 0.4629467083930373 0.5282540443082442 0.5800401926633668 0.6147896446927833 0.6303390103868801 0.642508079190956 0.6337193072769012 0.6249305353628465 0.596130405859867 0.5878824814482156 0.5869359983190098
-2.0722759591227566 -2.1049972330181603 -2.124467743104682 -2.132850879391934 -2.118112784951442 -2.06646184847192 -1.9961516731594822 -1.9032611146217036 -1.779271824695731 -1.6264824052667792 -1.4473266700956633 -1.2465370348284124 -1.0391220176567202 -0.854016959959167 -0.7148839399659003 -0.6127989738872643 -0.5209901103542924 -0.42336713617048416 -0.3222286532210541 -0.2260930096688552 -0.12008689919779483 -0.020570958755574853 0.06393646349495158 0.11815642561088935 0.1415480800898351 0.16115380205195723 0.18752011779412148 0.2142920691630883 0.2353851217568197 0.2681063956522235 0.31543055211251836 0.35694059792197697 0.41454085692793574 0.4745749296947098 0.5205469673989962 0.5542147244236059 0.5684119713616943 0.5918036258406401 0.60302621151551 0.6069473559079345 0.5923444733430434 0.5820683707973794 0.5751725651417364
-2.06159422095029 -2.0956676136017025 -2.1162198186930303 -2.1231156243486735 -2.10012960549653 -2.05523926279705 -1.9950699781546755 -1.906235775884922 -1.7846802997197648 -1.6547416872673553 -1.4862676902687058 -1.3295571264473296 -1.1440464331229738 -0.9712456561050974 -0.8413070436526878 -0.738275594444846 -0.6210468982989157 -0.5097675246794224 -0.3852373872510466 -0.27828479365078035 -0.16646457252888375 -0.07222189523509664 -0.0005596011666502143 0.045412436537636214 0.06975057414578784 0.09368307612713689 0.12207757000331382 0.15236503013790248 0.18995393155493667 0.22416253608194975 0.2621570731257865 0.3017741526768333 0.35694059792197697 0.4115661956647172 0.4569973858666002 0.49607361791524374 0.5214934505282021 0.5561076906820177 0.5761190482709424 0.5849078201849971 0.5785528620317575 0.5669246407300851 0.546372435638757
-2.0473969740122016 -2.0756562560127776 -2.0952619779749 -2.090799986080072 -2.065921000969517 -2.025357438289264 -1.974112137436545 -1.8925793764492371 -1.790494410370601 -1.6631248235546077 -1.5385946861262318 -1.3895911992141035 -1.2431567379383912 -1.0913138016386452 -0.9604287060570299 -0.8349520854994482 -0.717723389353518 -0.5806185474942638 -0.4491926044102451 -0.33155827263751225 -0.2260930096688552 -0.13279681550427402 -0.06938244584747896 -0.023410408143192563 0.012150315139829004 0.042437775274417666 0.0742125660406156 0.10639299243361611 0.1469565551138688 0.1767031677460541 0.2142920691630883 0.24606685992928623 0.2920388976335726 0.3457180122471071 0.4042647543822717 0.44334098643091524 0.4833637016087645 0.5214934505282021 0.5536738769212025 0.5648964625960724 0.5542147244236059 0.5332568837054753 0.5127046786141473
-2.0249518026624616 -2.041988498988168 -2.05523926279705 -2.0507772709022225 -2.0292785826816884 -1.9849290874846124 -1.9370640835219142 -1.8740553494919217 -1.7807591553273403 -1.6792150367511078 -1.5567130774567446 -1.4452984919616505 -1.3207683545332747 -1.1924522845880754 -1.068327782786502 -0.9321694240564539 -0.780326487756708 -0.6367314758686133 -0.5004379052629644 -0.379828912227013 -0.2715241998707382 -0.18404211635699325 -0.12211507733180746 -0.07086977647908821 -0.030711849425638038 0.013232010144635709 0.05609417471010275 0.08489430421308214 0.10882680619443125 0.1351931219365955 0.16210028518116315 0.1903595671817392 0.22659634984276494 0.2846022444755263 0.3461236478739096 0.39845064373143557 0.4442874695601211 0.4878256935035923 0.5205469673989962 0.5342033668346813 0.525820230547429 0.5018877285660799 0.45361708897657926
-1.9922305287670579 -2.005886928202743 -2.019543327638428 -2.0156221832460037 -1.9975037919154908 -1.977492434326566 -1.9350359053879016 -1.8750018326211275 -1.7988775466578533 -1.7104489800149023 -1.6176936333527245 -1.5180424810349038 -1.4091969211762256 -1.276824494963001 -1.1459393993813856 -0.9970711243448582 -0.8379267467626668 -0.6806753354388871 -0.5385676541824018 -0.4189051442756564 -0.30573280439775136 -0.21487042399398532 -0.14253207054753464 -0.08493181154157581 -0.036120324449671726 -1.875366424680669e-05 0.027294045207123308 0.05514769158089683 0.08002667669145186 0.10247184804119164 0.1269451975249441 0.14357625822384773 0.17778486275086086 0.2470133430584921 0.2997459745428206 0.3496391566395315 0.40237178812386 0.45361708897657926 0.4945862872836344 0.5048623898292984 0.4897186597620041 0.4506424277133607 0.39696331309982624
