static/ASC_sea/1979/03/ERA5U/00.asc
ncols         201
nrows         201
xllcorner     105.0
yllcorner     0.0
cellsize      0.25
NODATA_value  -32767
[rows 114 to 132 of 201, columns 126 to 167 of 201]
-3.0089352760252654 -3.0180805968941407 -3.012218211721785 -2.988768671032361 -2.964850139529149 -2.971650506329082 -3.0147976611976213 -3.0663866507143536 -3.1149271999414605 -3.1456460982446055 -3.15643288696174 -3.1812894000925294 -3.1894967393338276 -3.1953591245061834 -3.1998145372371742 -3.193014170437241 -3.1681576573064523 -3.1367352727826243 -3.103202429596749 -3.09663655820371 -3.0910086684382483 -3.0898361914037773 -3.0752974761763343 -3.0162046336389867 -2.9610982130188415 -2.902005370481494 -2.8461954636406652 -2.7838196854067987 -2.719802439324672 -2.666102991145892 -2.606541157794756 -2.544399874967783 -2.492810885451051 -2.4487257489549346 -2.4189448322793665 -2.399481713507145 -2.368762815204 -2.3218637338251527 -2.268633276460161 -2.2240791491502563 -2.190077315150592 -2.1640483249853317
-3.1962971061337604 -3.20567692240953 -3.209428848919838 -3.193014170437241 -3.170033620561606 -3.1831653633476833 -3.2129462800232513 -3.249527563498752 -3.2872813240087244 -3.31307581876709 -3.3320699467255235 -3.3550504966011587 -3.3569264598563127 -3.356457469042524 -3.3388703135254563 -3.315889763649821 -3.2856398561604645 -3.255389948671108 -3.2218571054852325 -3.2129462800232513 -3.2026284821199047 -3.188089766892462 -3.1681576573064523 -3.137204263596413 -3.1074233469208448 -3.0675591277488246 -3.0225360096251315 -2.9770439006876495 -2.9482009656396584 -2.9174820673365134 -2.88629417821958 -2.8393950968407324 -2.800468859296289 -2.7824127129654332 -2.760370144717375 -2.7242578520556626 -2.677358770676815 -2.6133415245946887 -2.5474483152574083 -2.5019562063199263 -2.4721752896443583 -2.4503672168031945
-3.3906937984490826 -3.38834884438014 -3.3853004040905152 -3.3749826061871686 -3.3716996704906492 -3.379907009731948 -3.3925697617042365 -3.4235231554142755 -3.44978664098643 -3.476050126558585 -3.507941501896201 -3.521073244682278 -3.5206042538684894 -3.501141135096268 -3.4790985668482097 -3.4474416869174878 -3.4160193023936603 -3.3775620556630055 -3.352236551718428 -3.3496571022425914 -3.3749826061871686 -3.3749826061871686 -3.3731066429320147 -3.3627888450286685 -3.3505950838701684 -3.3369943502703023 -3.3004130667948015 -3.28094994802258 -3.259845361402099 -3.233581875829944 -3.1972350877613374 -3.15643288696174 -3.1236035299965472 -3.098747016865758 -3.058648302286844 -3.0126872025355733 -2.9512494059292833 -2.877617848164493 -2.8114901434203183 -2.7627150987863174 -2.733403172924538 -2.7193334485108833
-3.5743037020472697 -3.572896729605904 -3.573834711233481 -3.580635078033414 -3.588842417274712 -3.5918908575643376 -3.59423581163328 -3.6022086554676838 -3.60807104064004 -3.627065168598473 -3.652859663356839 -3.6739642499773204 -3.6861580111358205 -3.6533286541706276 -3.6005671876194243 -3.578290123964472 -3.5557785649026252 -3.5445227853717016 -3.549916179730269 -3.5698482893162793 -3.6076020498262515 -3.630817095108781 -3.636210489467348 -3.6451213149293293 -3.634334526212194 -3.621202783426117 -3.6005671876194243 -3.578290123964472 -3.559061500599144 -3.526935629854634 -3.490354346379133 -3.4521315950553726 -3.419067742683285 -3.378031046476794 -3.328787011029004 -3.268052700643397 -3.1988765556095973 -3.1226655483689703 -3.068028118562613 -3.0225360096251315 -3.003541881666698 -2.9833752766737938
-3.7543961745420433 -3.7553341561696203 -3.761900027562659 -3.7794871830797265 -3.783708100403823 -3.7881635131348133 -3.7823011279624574 -3.7745627795349477 -3.7804251647073035 -3.7736247979073707 -3.7841770912176114 -3.809737090569083 -3.816537457369016 -3.779956173893515 -3.728601679783677 -3.7065591115356193 -3.7271947073423117 -3.731415624666408 -3.7588515872730337 -3.7930879166795926 -3.8315451634102473 -3.8554636949134595 -3.862967547934075 -3.874692318278787 -3.8676574560719597 -3.8657814928168057 -3.8467873648583724 -3.839518007244651 -3.822399842541372 -3.794494889120958 -3.7642449816316015 -3.7255532394940523 -3.690613423866811 -3.64793525981206 -3.589545903495395 -3.523887189565009 -3.4669048056897096 -3.397025174435227 -3.347312148173649 -3.290564259705244 -3.275087562850224 -3.2567969211124734
-3.9312057113402976 -3.9239363537265763 -3.9279227756437782 -3.944337454126375 -3.938475068954019 -3.942461490871221 -3.930736720526509 -3.9229983720989994 -3.9103356201267108 -3.9033007579198835 -3.8857136024028156 -3.9049422257681434 -3.886886079437287 -3.858981126016873 -3.820758374693112 -3.8261517690516795 -3.8467873648583724 -3.889700024320018 -3.9171359869266436 -3.968255985629587 -4.00600974613956 -4.028990296015195 -4.034149194966868 -4.043529011242637 -4.049860387228781 -4.047984423973627 -4.065571579490696 -4.05806772647008 -4.063461120828648 -4.040011580139224 -4.017265525670482 -3.983029196263924 -3.9459789219746346 -3.901893785478518 -3.8428009429411705 -3.7980123202243714 -3.7407954409421778 -3.6852200295082436 -3.6366794802811366 -3.584152509136828 -3.5595304914129327 -3.5400673726407113
-4.088552129366331 -4.079641303904349 -4.0747169003595705 -4.079172313090561 -4.069323506001004 -4.062523139201071 -4.048922405601204 -4.021955433808367 -4.009292681836079 -3.979980755974299 -3.9591106647607117 -3.942461490871221 -3.911742592568076 -3.8965003911199507 -3.9049422257681434 -3.9112736017542877 -3.951137820926308 -3.9942849757948475 -4.051267359670147 -4.108015248138552 -4.149520935158832 -4.178363870206823 -4.183757264565391 -4.184695246192968 -4.195013044096314 -4.207675796068603 -4.225262951585671 -4.268644601861104 -4.279431390578239 -4.270989555930047 -4.245195061171681 -4.218931575599526 -4.184226255379179 -4.140141118883062 -4.104966807848927 -4.060178185132128 -4.027348828166935 -3.9731803891743662 -3.9267502986093072 -3.8892310335062295 -3.854994704099671 -3.8296692001550934
-4.238394694371748 -4.216821116937478 -4.214007172054747 -4.195951025723891 -4.189619649737747 -4.177894879393035 -4.155383320331188 -4.121615981738418 -4.077296349835407 -4.0421220388012715 -4.000147360967204 -3.961455618829654 -3.9347231424437115 -3.937537087326442 -3.969897453477847 -4.015624057822223 -4.055722772401137 -4.108953229766129 -4.169453044744842 -4.233470290826968 -4.280369372205816 -4.3199990959709424 -4.328675426026029 -4.325861481143298 -4.332192857129442 -4.346731572356885 -4.376981479846242 -4.428335973956079 -4.470779642603936 -4.4752350553349265 -4.446861111100724 -4.436074322383589 -4.404417442452867 -4.376981479846242 -4.347200563170674 -4.327268453584663 -4.297956527722884 -4.260906253433594 -4.209082768509968 -4.174377448289621 -4.131933779641765 -4.109891211393706
-4.365725700315318 -4.33758625148801 -4.323751022481249 -4.295377078247047 -4.292563133364316 -4.266299647792162 -4.238394694371748 -4.1954820349101025 -4.145065522427841 -4.1035598354075615 -4.06744754274585 -4.0114031404981265 -3.9863121319604433 -4.0088236910222905 -4.066509561118273 -4.111298183835071 -4.157259283586342 -4.216821116937478 -4.281776344647182 -4.343448636660366 -4.400431020535665 -4.436543313197378 -4.455537441155811 -4.467731202314311 -4.476642027776292 -4.48649083486585 -4.510409366369062 -4.54792863147214 -4.589903309306209 -4.621091198423142 -4.614759822436998 -4.6278915652230745 -4.611476886740478 -4.58943431849242 -4.585447896575218 -4.57231615378914 -4.550273585541082 -4.520023678051726 -4.463979275804003 -4.43279138668707 -4.387768268563376 -4.348607535612039
-4.459523863073013 -4.424349552038877 -4.400900011349454 -4.376981479846242 -4.36525670950153 -4.34532459991552 -4.310619279695173 -4.269582583488681 -4.220338548040892 -4.172032494220679 -4.1363891923727545 -4.097228459421418 -4.083627725821551 -4.124195431214255 -4.185164237006756 -4.220338548040892 -4.261844235061171 -4.322344050039884 -4.387299277749588 -4.44498514784557 -4.49422918329336 -4.520492668865514 -4.564577805361631 -4.574192117044294 -4.5992831255819775 -4.617808262726623 -4.634926427429902 -4.656265509457278 -4.679246059332913 -4.716765324435991 -4.75827101145627 -4.768588809359617 -4.75827101145627 -4.7519396354701255 -4.763195415001049 -4.767181836918251 -4.7505326630287605 -4.71840679228425 -4.665176334919258 -4.638678353940209 -4.608428446450853 -4.572785144602929
-4.557777438561698 -4.518147714796572 -4.476642027776292 -4.455537441155811 -4.421066616342358 -4.408872855183858 -4.360801296770539 -4.309681298067596 -4.2578578131439695 -4.217759098565055 -4.207206805254814 -4.205096346592766 -4.2285458872821895 -4.263720198316325 -4.300301481791826 -4.332661847943231 -4.371119094673886 -4.421066616342358 -4.480628449693494 -4.5376108335687935 -4.587558355237266 -4.608897437264641 -4.65251358294697 -4.671038720091614 -4.709026976008481 -4.73388348913927 -4.751001653842549 -4.768588809359617 -4.788755414352521 -4.829557615152118 -4.893574861234245 -4.898968255592812 -4.900844218847966 -4.900844218847966 -4.905768622392745 -4.911631007565101 -4.909286053496158 -4.894512842861822 -4.850662201772599 -4.819943303469454 -4.806811560683377 -4.788051928131838
-4.639147344753998 -4.603973033719862 -4.54792863147214 -4.52354110915514 -4.479455972659023 -4.456709918190282 -4.412155790880377 -4.364787718687741 -4.317419646495106 -4.297018546095307 -4.302411940453874 -4.327737444398452 -4.363380746246376 -4.404886433266656 -4.4147352403562135 -4.445923129473147 -4.4752350553349265 -4.522134136713774 -4.57231615378914 -4.617808262726623 -4.6602519313744795 -4.683701472063903 -4.723331195829029 -4.769526790987194 -4.806342569869589 -4.838468440614099 -4.861917981303523 -4.89498183367561 -4.926873209013226 -4.971192840916237 -5.013636509564094 -5.017622931481296 -5.013167518750305 -5.01949889473645 -5.038258527287988 -5.053735224143009 -5.076246783204855 -5.071791370473864 -5.019029903922661 -4.989717978060882 -4.985497060736785 -4.970723850102448
-4.700350645953394 -4.6616589038158445 -4.607021474009488 -4.560122392630641 -4.516740742355207 -4.492822210851994 -4.450847533017926 -4.40676239652181 -4.3823748742048085 -4.367367168163578 -4.4112178092528 -4.448737074355878 -4.485318357831379 -4.520961659679303 -4.5357348703136395 -4.574192117044294 -4.5992831255819775 -4.624139638712767 -4.669397252243354 -4.701288627580971 -4.744201287042616 -4.776327157787127 -4.815487890738464 -4.869187338917244 -4.917024401923668 -4.954074676212958 -4.983855592888526 -5.012698527936517 -5.039196508915565 -5.079764214308269 -5.101572287149432 -5.126428800280221 -5.131822194638789 -5.159258157245414 -5.178252285203848 -5.202639807520848 -5.225151366582695 -5.2467249440169645 -5.197715403976069 -5.162072102128145 -5.149878340969646 -5.136746598183568
-4.73060055344275 -4.6923778021189895 -4.656734500271066 -4.605145510754334 -4.570909181347775 -4.551915053389342 -4.511816338810427 -4.468434688534994 -4.4438126708110985 -4.461399826328167 -4.5059539536380715 -4.55566697989965 -4.590372300119997 -4.623670647898979 -4.655327527829701 -4.693315783746566 -4.7221587187945575 -4.747249727332241 -4.771637249649242 -4.805170092835118 -4.84292385334509 -4.8745807332758115 -4.915148438668514 -4.97471027201965 -5.026064766129489 -5.068508434777345 -5.098758342266701 -5.117283479411347 -5.142608983355924 -5.17285889084528 -5.196308431534704 -5.230075770127474 -5.260325677616831 -5.291044575919976 -5.33114329049889 -5.355530812815891 -5.3726489775191695 -5.386249711119036 -5.350606409271112 -5.32340494207138 -5.305348795740524 -5.292451548361341
-4.760850460932107 -4.751001653842549 -4.726614131525548 -4.686515416946634 -4.666583307360624 -4.6431337666712 -4.616870281099046 -4.573254135416717 -4.547459640658352 -4.5650467961754195 -4.599752116395766 -4.648996151843556 -4.671038720091614 -4.708557985194692 -4.756395048201116 -4.807749542310954 -4.836592477358945 -4.856524586944955 -4.881381100075744 -4.915617429482303 -4.951729722144015 -4.987842014805728 -5.028409720198431 -5.081640177563423 -5.136746598183568 -5.179190266831425 -5.208971183506993 -5.22819980687232 -5.2467249440169645 -5.272519438775331 -5.315432098236976 -5.350606409271112 -5.390705123850026 -5.429865856801364 -5.469261085159595 -5.483565304980144 -5.500448974276528 -5.501621451311 -5.474185488704374 -5.458005305628672 -5.445811544470172 -5.4350247557530365
-4.832606055441743 -4.830261101372801 -4.820412294283243 -4.790631377607675 -4.77984458889054 -4.747249727332241 -4.727552113153125 -4.691908811305201 -4.666114316546835 -4.667990279801989 -4.698240187291345 -4.728021103966913 -4.742794314601251 -4.785706974062896 -4.862386972117311 -4.912568989192678 -4.957123116502583 -4.977524216902381 -5.001442748405593 -5.03614806862594 -5.072260361287653 -5.113297057494145 -5.1538647628868475 -5.19443246827955 -5.251649347561744 -5.29901741975438 -5.328798336429948 -5.352013381712477 -5.3703040234502275 -5.395160536581017 -5.449797966387374 -5.484503286607721 -5.536795762345135 -5.5707975963448 -5.593778146220435 -5.608082366040984 -5.600109522206579 -5.598233558951425 -5.5865087886067135 -5.572439064193059 -5.573846036634425 -5.567983651462069
-4.9074100902410045 -4.92429375953739 -4.919134860585716 -4.892636879606668 -4.885367521992946 -4.852069174213965 -4.829557615152118 -4.797900735221396 -4.786644955690472 -4.790631377607675 -4.7833620199939535 -4.800480184697233 -4.825336697828022 -4.879974127634379 -4.958530088943948 -5.023954307467441 -5.070853388846287 -5.102510268777009 -5.129946231383635 -5.167934487300501 -5.202639807520848 -5.238283109368773 -5.2793198055752635 -5.326218886954111 -5.383904757050093 -5.434555764939248 -5.471840534635432 -5.4941175982903845 -5.509828790552298 -5.535154294496876 -5.581115394248146 -5.6176966777236474 -5.67045814427485 -5.699301079322841 -5.722750620012265 -5.730488968439775 -5.717357225653697 -5.708680895598611 -5.700239060950418 -5.689452272233283 -5.706101446122775 -5.696956125253899
-5.006836142764161 -5.02114036258471 -5.0312236650811615 -5.00402219788143 -4.975648253647227 -4.946805318599236 -4.917024401923668 -4.894512842861822 -4.887712476061889 -4.884429540365369 -4.87223577920687 -4.881850090889533 -4.917024401923668 -4.993235409164296 -5.072729352101441 -5.149409350155857 -5.205688247810474 -5.237345127741196 -5.261263659244408 -5.293155034582024 -5.335129712416092 -5.378511362691526 -5.416030627794604 -5.480985855504307 -5.530229890952096 -5.580646403434358 -5.6181656685374355 -5.635283833240715 -5.6488845668405805 -5.665064749916283 -5.700708051764207 -5.746200160701688 -5.780436490108247 -5.808106948121767 -5.8331979566594505 -5.844219240783479 -5.844219240783479 -5.8364808923559695 -5.8341359382870275 -5.829211534742249 -5.838825846424912 -5.828273553114672
-5.1236148553974905 -5.139326047659405 -5.149409350155857 -5.130415222197423 -5.081171186749634 -5.044589903274133 -5.004491188695218 -4.987842014805728 -4.980103666378218 -4.973303299578285 -4.985497060736785 -5.01621595903993 -5.064053022046354 -5.145657423645549 -5.2134265962379835 -5.283306227492465 -5.3388816389263996 -5.378042371877737 -5.408292279367094 -5.435728241973719 -5.468323103532018 -5.522491542524587 -5.553679431641521 -5.613241264992657 -5.654746952012936 -5.700239060950418 -5.731426950067352 -5.747607133143054 -5.7719946554600545 -5.794506214521902 -5.81936272765269 -5.852192084617884 -5.883379973734817 -5.931217036741241 -5.9574805223133955 -5.97319171457531 -5.983040521664868 -5.976709145678723 -5.972722723761521 -5.9591219901616554 -5.961466944230597 -5.960059971789232
