static/ASC_sea/1979/03/ERA5U/00.asc
ncols         201
nrows         201
xllcorner     105.0
yllcorner     0.0
cellsize      0.25
NODATA_value  -32767
[rows 19 to 37 of 201, columns 0 to 41 of 201]
1.3583071819729948 1.5034598388405271 1.491031582275133 1.4926730501233925 1.33978204482835 1.368624979876341 1.4652370875167668 1.5243299300541144 1.4539813079858432 1.2187824148709243 0.9329325138668497 0.7669097657857303 0.7244660971378735 0.8787640748742812 1.0131299430246785 1.2152649837675105 1.1899394798229328 1.1127904909547293 0.9643548983906775 0.8979926982396086 0.8245956358817125 0.7195416935930946 0.6883538044761611 0.7244660971378735 0.8138088471645776 0.8515626076745498 0.9223802205566091 0.9960117783213994 1.1882980119746733 1.2351970933535208 1.1453853525130282 1.1421024168165088 1.1882980119746733 1.262164065146358 1.1273292061821718 1.1092730598513159 1.3177394765802921 1.709346806093667 2.0062179912217704 2.327007707853086 2.4393310077554253 2.412598531369482
1.6678411190733873 1.7543699242173605 1.7417071722450714 1.5761534149777408 1.4999424077371137 1.5292543335988933 1.6551783671010982 1.6326668080392515 1.5623181859709807 1.4075512174207843 1.275295807932435 1.108335078223739 1.0131299430246785 1.0199303098246117 1.1547651687887974 1.3308712193663692 1.324539843380225 1.2469218636982324 1.0703468223068726 0.9594304948458986 0.885564441674214 0.7357218766687968 0.8138088471645776 0.8506246260469729 1.0194613190108233 0.9779556319905433 1.0492422356863913 1.1777457186644327 1.3289952561112153 1.3758943374900627 1.2982763578080703 1.3660455304005046 1.412944611779352 1.474616903792536 1.2347281025397323 1.216671956208876 1.3149255316975612 1.6394671748391847 1.9379798278155476 2.1253416579240425 2.1736477117442554 2.1469152353583123
2.038578357373175 2.109864961069023 2.126983125772302 1.9339934058983457 1.8896737739953346 1.8338638671545064 1.922737626367422 1.8348018487820834 1.6411086426874442 1.521984975985172 1.462423142634036 1.4495258952548529 1.3632315855177737 1.323601861752648 1.3456444300007062 1.5022873618060562 1.5004113985509022 1.308125164897628 1.1043486563065366 0.9692793019354565 0.7884833432200001 0.574154541318668 0.6932782080209402 0.9657618708320429 1.229803698994953 1.1714143426782884 1.1995537915055965 1.3027317705390606 1.412006630151775 1.367218007434976 1.3153945225113497 1.4145860796276115 1.4990044261095368 1.5580972686468844 1.3163325041389267 1.1882980119746733 1.2063541583055297 1.463361124261613 1.6038238729912604 1.7954066204238517 1.830580931457987 1.971981661815212
2.4604355943759066 2.400404770210982 2.4374550445002714 2.524452840458033 2.3089515615222296 2.232740554281603 2.2552521133434493 2.2221882609713624 2.003873037152828 1.6225835055427993 1.4926730501233925 1.4950180041923349 1.582484790963885 1.6741724950595316 1.6875387332525031 1.5920991026465487 1.338844063200773 1.1228737934511814 0.9765486595491778 0.9174558170118302 0.7347838950412199 0.47848041530581953 0.63957875984216 0.9341049909013209 1.3325126872146287 1.3998128689932745 1.430062776482631 1.4042682817242653 1.2757647987462235 1.2112785618503086 1.2058851674917412 1.335795622911148 1.4218554372413328 1.4209174556137558 1.2952279175184453 1.1625035172163072 1.0780851707343824 1.0429108597002466 1.1625035172163072 1.3559622279040524 1.6570543303562522 1.8423057018026991
3.0888832848524603 2.8679886115580895 2.800219438965655 2.8895621889923593 2.685082194180585 2.5359431153958507 2.408143118638492 2.4189299073556265 2.253845140902084 1.8969431316090564 1.7011394668523687 1.5761534149777408 1.5752154333501638 1.585298735846616 1.5437930488263358 1.4295937856688425 1.1350675546096816 0.9878044390801012 0.9828800355353221 1.0457248045829775 0.9901493931490436 0.7786345361304422 0.8750121483639733 1.0820715926515843 1.4511673631031123 1.554579837543471 1.53957213150224 1.4134136025931405 1.2387145244569342 1.1674279207610865 1.1904084706367213 1.2513772764292228 1.2368385612017803 1.1634414988438841 1.1132594817685177 1.1170114082788256 1.1421024168165088 0.9530991188597541 0.8921303130672528 0.969748292749245 1.3894950710899283 1.7459280895691678
3.128278513210692 2.994147140467189 2.9090253077645807 2.877368427833859 2.846649529530714 2.812882190937944 2.750506412704077 2.7014968726631814 2.5863596278781116 2.393369908004155 2.114789364613802 1.817214693265016 1.5414480947573934 1.5283163519713163 1.554579837543471 1.6054653408395203 1.3315747055870517 1.1962708558090775 1.1962708558090775 1.3681559890625525 1.4363941524687758 1.3723769063866489 1.337906081573196 1.3789427777796877 1.5337097463298837 1.597492497005116 1.5531728651021055 1.4075512174207843 1.2978073669942818 1.2527842488705883 1.2670884686911368 1.2544257167188482 1.1868910395333079 1.0776161799205939 1.1273292061821718 1.2405904877120881 1.3925435113795532 1.183139113023 1.0884029686377286 1.1156044358374602 1.4052062633518423 1.646033046232223
2.474974309603349 2.795764026234665 2.8363317316273675 2.877837418647647 2.8867482441096284 2.8895621889923593 2.9702286089639767 2.801157420593232 2.6435765071603052 2.4041566967212895 2.106347529965609 1.797751574492794 1.4560917666478916 1.5946785521223852 1.7173196499280712 2.036467898711127 1.8861563428919212 1.753900933403572 1.6497849727425309 1.753900933403572 1.8319879038993525 1.9060884524779316 1.7581218507276684 1.740065704396812 1.721540567252167 1.7949376296100632 1.7592943277621393 1.6326668080392515 1.504397820468104 1.4560917666478916 1.4809482797786804 1.4666440599581319 1.4066132357932077 1.3163325041389267 1.396295437889861 1.4954869950061234 1.5789673598604717 1.4345181892136218 1.3641695671453506 1.4237314004964867 1.428186813227477 1.5580972686468844
2.2908954151913736 2.6928205426080947 2.9819533793086883 3.066840716604402 2.9193431056679273 2.816868612855146 2.8855757670751574 2.753789348400596 2.618485498622622 2.420336879796992 2.1776341336614573 1.8852183612643443 1.5179985540679701 1.642984605942598 1.8934257005056425 2.2519691776469304 2.274715232115671 2.3237247721565666 2.2456378016607856 2.2493897281710935 2.221719270157574 2.262521470957171 2.045847714986896 1.9257860666570474 1.9335244150845572 2.03552991708355 2.0263845962146747 1.8901427648091231 1.7621082726448702 1.7471005666036392 1.812524785127131 1.8148697391960735 1.7445211171278023 1.616252129556655 1.6389981840253962 1.628914881528944 1.6654961650044449 1.5810778185225196 1.6082792857222512 1.6868352470318202 1.6293838723427325 1.5233919484265375
2.3964183482937798 2.638183112801738 2.929191912757485 2.9920366818051405 2.6766403595323927 2.5736968759058225 2.6079332053123814 2.650376873960238 2.514604033368475 2.4721603647206183 2.3910249539352124 2.097202209096734 1.768908639444803 1.7806334097895147 2.0322469813870305 2.2493897281710935 2.603946783395179 2.6527218280291804 2.6102781593813233 2.4988928411065614 2.470518896872359 2.516479996623629 2.20600807789566 2.0854774387520223 2.005749000407982 2.0526480817868293 2.042799274697271 2.0141908350561746 2.0927467963657436 2.0770356041038296 2.192876335109583 2.1375354190825426 2.0667178062004834 1.84511964668543 1.7801644189757262 1.76984662107238 1.8465266191267955 1.7944686387962747 1.8216701059960063 1.833394876340718 1.8495750594164204 1.7435831355002254
2.696103478304614 2.869630079406349 2.941854664729774 3.0140792500531988 2.644514488787882 2.3115310109980665 2.3007442222809313 2.378362201962924 2.4892785294238977 2.486699079948061 2.4564491724587043 2.5019412813961863 2.2552521133434493 2.2444653246263147 2.212339453881804 2.360775046445856 2.748395954042029 2.9287229219436965 2.8827618221924265 2.758713751945375 2.7807563201934333 2.86470567586157 2.52539082208561 2.182558537206236 2.0472546874282616 2.0667178062004834 2.119948263565475 2.142459822627322 2.282219085136287 2.4414414664174733 2.5448539408578315 2.47169137390683 2.3157519283221624 2.092277805551955 2.020522211042319 2.016066798311328 2.0976711999105224 2.034591935455973 1.956035974146404 1.943373222174115 1.9827684505323466 2.0350609262697614
2.889093198178571 2.787087696179578 2.932943839267793 2.9842983333776307 2.5727588942782456 2.1806825739510822 2.092277805551955 2.2064770687094484 2.358899083190702 2.484823116692907 2.607464214498593 2.801157420593232 2.8588432906892143 2.8602502631305797 2.762231183048789 2.808895769020742 3.1772880532515875 3.345655755401649 3.2279390611407424 3.0654337441630366 3.1625148426172505 3.327599609070793 3.0117342959842563 2.653190818842969 2.2918333968189506 2.171302757675313 2.275887709150142 2.4555111908311273 2.7122836613803165 2.833986777558425 2.8323453097101656 2.729870816897384 2.5814352243333323 2.4315926593279156 2.3525677072045577 2.368044404059577 2.3999357793971936 2.3173933961704223 2.2561900949710263 2.149729180241043 2.202959637606035 2.204132114640506
2.8632987034202046 2.5985533890366117 2.779114852345174 2.7221324684698742 2.5110866022650615 2.0868844111933877 2.0571034945178197 2.14457028128937 2.331932111397865 2.605822746650333 2.8597812723167912 3.2054275020788956 3.344717773774072 3.3857544699805637 3.2129313550995113 3.3676983236497073 3.558577584861616 3.7724373959491593 3.659645105233032 3.596096849964694 3.6732458388328975 3.722489874280687 3.5740542817166356 3.2054275020788956 2.7073592578355377 2.544384950044043 2.611685131822689 2.845711547903137 3.0199416352255546 3.1416447514036636 3.0218175984807085 2.918874114854139 2.8206205393654535 2.7908396226898855 2.756368797876433 2.74347155049725 2.7064212762079607 2.662570635118738 2.5718209126506686 2.413536512997059 2.3572576153424425 2.342718900115
2.7617621922350004 2.5976154074090347 2.682971735518537 2.6639776075601036 2.5774488024161304 2.251500186833142 2.253845140902084 2.3173933961704223 2.5047552262789172 2.8651746666753586 3.2586579594438874 3.6767632699363113 3.6687904261019075 3.5180098794689134 3.3090744719261482 3.480490614365835 3.716627489108331 3.904223814623721 3.9246249150235193 3.961440693905914 3.9809038126781355 3.9173555574097976 3.686377581618975 3.405217588752785 2.9207500781092928 2.760589715200529 2.6855511849943734 2.942792646357351 3.17025319104476 3.368167314463496 3.150790072272539 2.9184051240403504 2.790370631876097 2.9048043904404848 2.9955541129085543 3.005402919998112 2.8855757670751574 2.77723888909002 2.6787508181944406 2.495609905410042 2.4280752282245017 2.4130675221832707
2.3900869723076354 2.4355790812451175 2.433468622583069 2.5120245838926385 2.5659585274783128 2.6545977912843344 2.7371401745111057 2.7889636594347316 2.9165291607851964 3.301570618905533 3.722489874280687 3.8627181276034404 3.7246003329427357 3.2816385093195226 3.0574609003286324 3.1029530092661144 3.4417988722282864 3.6493273073296852 3.772906386762948 3.8577937240586615 3.77525134083189 3.5527151996892603 3.2134003459133 3.099435578162701 3.028148974466853 3.0000095256395447 2.707828248649326 2.7627001738625774 3.071765120149181 3.3787196077737365 3.1526660355276928 2.7967020078622418 2.646390452043036 2.811944209310367 2.9364612703712067 2.9603798018744185 2.7591827427591635 2.5962084349676693 2.5052242170927057 2.3910249539352124 2.357726606156231 2.3563196337148655
2.025915605400886 2.1274521165860905 2.2425893613711607 2.3471743128459903 2.5232803634235617 2.807957787393165 3.238256859044089 3.3358069483120913 3.3794230939944194 3.4511786885040556 3.559515566489193 3.4652484129177097 3.205896492892684 2.6248168746087663 2.200145692723304 2.0071559728493473 2.295350827922364 2.5800282518919673 2.82648292453781 3.0644957625354596 3.158997411513837 3.0633232855009886 2.7519133851454423 2.8632987034202046 2.996492094536131 3.1693152094171833 2.578621279450602 2.556109720388755 2.9237985183989177 3.5527151996892603 3.440391899786921 3.112332825541884 2.848056501972079 2.862829712606416 2.858374299875426 2.7962330170484533 2.422212843052146 2.1698957852339475 2.062496888876387 2.0906363377036956 2.1253416579240425 2.151839638903091
2.394542385038626 2.5429779776026775 2.6419350393120453 2.356788624528654 2.2939438554809986 2.500299813547927 3.3695742869048613 3.650265288957262 3.661521068488186 2.96764915948814 2.42854421903829 2.19662826161989 2.1302660614688214 1.6704205685492237 1.2075266353400007 0.7938767375785675 0.9568510453700619 1.3906675481243993 1.9794855148358272 2.3793001835905008 2.451055778100137 2.4745053187895607 2.451993759727714 2.7132216430078935 2.8738509967304453 2.8520429238892815 2.1328455109446582 1.9773750561737793 2.30121321309472 2.8290623740136462 3.1346098891968364 3.089352275666249 3.0804414502042676 2.9052733812542733 2.7983434757105012 2.63278971844317 2.235788994571228 2.006686982035559 1.9813614780909812 1.9300069839811433 1.9290690023535664 1.8889702877746521
3.0199416352255546 3.11819521071424 2.724946413352605 2.134721474199812 2.0927467963657436 2.3734377984181445 3.0478465886459687 3.2108208964374634 2.76950054066251 1.956035974146404 1.4579677299030451 1.227458744926011 1.2133890205123565 0.9179248078256187 0.6062804120631783 0.22991528399792882 0.0336426284274528 0.3928895917894232 0.9978877415765534 1.4628921334478244 1.386212135393409 1.3550242462764754 1.8031449688513614 2.353974679645923 2.5199974277270427 2.2205467931231024 1.5731049746881154 1.3627625947039852 1.416931033696554 1.9339934058983457 2.3584300923769135 2.8309383372688 2.949593013157284 2.7216634776560857 2.4329996317692806 2.2245332150403043 1.9028055167814122 1.725995979983158 1.6659651558182333 1.4851691971027767 1.5320682784816242 1.586236717474193
3.1278095223969036 2.8768994370200707 2.4672359611758394 2.0381093665593863 2.142459822627322 2.453166236762185 2.6639776075601036 2.2709633056053633 1.7972825836790056 1.3939504838209187 1.384101676731361 1.1526547101267495 1.260288101891204 1.0947343446238729 0.7821519672338558 0.15511124919866737 -0.3105966288932863 -0.008332049406615472 0.13916556152985926 0.317382070769479 0.23179124725308264 0.3504459231415663 0.9788936136181202 1.4968939674474888 1.6235214871703763 1.3421269988972924 0.8393688465160495 0.4920811489056852 0.4583138103129152 0.9901493931490436 1.9119508376502874 2.4613735760034836 2.4822436672170705 2.2254711966678813 1.936338359967288 2.0263845962146747 1.7773504740929957 1.5996029556671645 1.060029024403526 0.5922106876495242 0.628791971125025 0.9047930650395414
2.5052242170927057 2.253376150088296 2.3178623869842108 2.19826972946815 2.3030891763498738 2.3823486238801257 2.310358533963595 1.9173442320088547 1.6582268073907236 1.5735739655019039 1.5986649740395875 1.7982205653065826 1.927662029912201 1.7693776302585915 1.2206583781260778 0.5556294041740232 0.00831712448287536 -0.08899846937823286 0.05756115993066502 -0.06461094706123227 -0.32677681196898867 -0.208122136080505 0.40813179323754856 0.6503655485592948 0.7772275636890768 0.6255090354285057 0.2962774841489977 -0.051948195088943494 -0.08313608420587693 0.6770980249452377 1.602416900549895 2.0995471631656764 1.8753695541747866 1.6078102949084627 1.6880077240662916 2.0369368895249154 1.8275324911683621 1.6209420376945398 1.1106800322926809 0.7352528858550084 0.20013436732236078 0.40860078405133704
