static/ASC_sea/1979/03/ERA5U/00.asc
ncols         201
nrows         201
xllcorner     105.0
yllcorner     0.0
cellsize      0.25
NODATA_value  -32767
[rows 76 to 94 of 201, columns 126 to 167 of 201]
0.30565730042476713 0.49747454326425256 0.6888227952899496 0.862818387205473 1.0276686582521215 1.1882980119746733 1.3383750723869845 1.4837622246614113 1.5747464425363753 1.6218800193221168 1.6624477247148195 1.7152091912660228 1.7656257037482836 1.7932961617618037 1.8113523080926597 1.832456894713141 1.8437126742440646 1.8148697391960735 1.7900132260652843 1.7485075390450047 1.7142712096384458 1.6997324944110033 1.6542403854735213 1.6317288264116745 1.6113277260118761 1.601478918922318 1.6209420376945398 1.6218800193221168 1.6068723132808858 1.6038238729912604 1.6258664412393187 1.673703504245743 1.721540567252167 1.782743868451563 1.8476990961612665 1.911481846836499 1.973154138849683 2.050303127717887 2.121120740599946 2.1870139499372265 2.2601765168882286 2.3403739460460575
0.31480262129364245 0.48481179129196383 0.6611523372764297 0.8290510486127031 1.0063295762247457 1.1707108564576054 1.3186774582078686 1.4511673631031123 1.5770913966053177 1.6507229543701079 1.6898836873214451 1.7138022188246573 1.7274029524245234 1.771019098106851 1.801737996409996 1.8275324911683621 1.8559064354025647 1.8523890042991513 1.8348018487820834 1.815338730009862 1.7904822168790728 1.7815713914170916 1.7684396486310145 1.7553079058449375 1.7426451538726484 1.7290444202727828 1.723182035100427 1.7156781820798113 1.693401118424859 1.6664341466320218 1.6683101098871758 1.7161471728935997 1.7796954281619377 1.848168086975055 1.9100748743951335 1.9661192766428561 2.0184117523802705 2.070235237303897 2.128859089027456 2.1956902799923133 2.2817500943224984 2.3504572485425097
0.2885391357214879 0.44330610427168404 0.6067494028769668 0.7830899488614328 0.9324635230530612 1.0884029686377286 1.24457690962929 1.3894950710899283 1.5273783703437394 1.6230524963565878 1.6863662562180317 1.7245890075417925 1.7274029524245234 1.7581218507276684 1.7820403822308801 1.8099453356512942 1.8519200134853628 1.876776526616152 1.8889702877746521 1.8924877188780656 1.8861563428919212 1.8730246001058442 1.8763075358023635 1.86505175627144 1.8528579951129398 1.846995609940584 1.8319879038993525 1.8022069872237845 1.7625772634586587 1.7304513927141483 1.738189741141658 1.771957079734428 1.8242495554718428 1.8880323061470752 1.9565049649601924 2.0209912018561074 2.0629658796901755 2.111740924324177 2.169426794420159 2.2313335818402376 2.29347486466721 2.3495192669149327
0.2327292288806596 0.36615711540348017 0.5185791298847339 0.6838983917451708 0.8344444429712704 1.0037501267489093 1.1625035172163072 1.3064836970493685 1.4394425927584007 1.5623181859709807 1.6591647890183006 1.736313777886504 1.7914201985066498 1.8397262523268623 1.8821699209747194 1.9028055167814122 1.9354003783397111 1.9597879006567114 1.97409212047726 1.9837064321599236 1.9750301021048369 1.971043680187635 1.973154138849683 1.971981661815212 1.9672917536773271 1.9579119374015574 1.9339934058983457 1.9046814800365661 1.8753695541747866 1.846057628313007 1.8392572615130738 1.8509820318577859 1.8896737739953346 1.9506425797878362 2.003873037152828 2.0571034945178197 2.0887603744485417 2.1171343186827443 2.1478532169858893 2.175289179592515 2.2186708298679485 2.2679148653157384
0.25336482468735244 0.36944005109999956 0.5131857355261665 0.65951086942817 0.8056015079232793 0.9575545315907447 1.0984862711341807 1.242700946374136 1.3916055297519763 1.53793066365398 1.6570543303562522 1.772895061362005 1.8505130410439974 1.928600011539778 1.9940242300632702 2.026853587028463 2.0423302838834827 2.062496888876387 2.075628631662464 2.077504594917618 2.0770356041038296 2.073283677593522 2.074221659221099 2.077504594917618 2.0746906500348876 2.063434870503964 2.0517101001592524 2.0263845962146747 1.9912102851805393 1.9438422129879034 1.9173442320088547 1.8988190948642099 1.9222686355536336 1.9344623967121342 1.9569739557739805 1.9921482668081163 2.021460192669896 2.044440742545531 2.065310833759118 2.097202209096734 2.127921107399879 2.1551225745996105
0.39945546318246183 0.5218620655812533 0.6630283005315837 0.8079464619922218 0.939967376073677 1.0663604003896703 1.2026022317952219 1.3240708525664364 1.4652370875167668 1.5916301118327603 1.7161471728935997 1.828470472795939 1.925317075843259 2.007624963663136 2.0824289984623974 2.1438667950686874 2.161453950585755 2.174351197964938 2.185372482088967 2.174351197964938 2.1776341336614573 2.171302757675313 2.159577987330601 2.158640005703024 2.1328455109446582 2.116665327868956 2.104940557524244 2.0796150535796665 2.0409233114421172 1.9949622116908472 1.9511115706016247 1.9232066171812106 1.8880323061470752 1.8885012969608637 1.8992880856779983 1.9124198284640759 1.937510837001759 1.9492356073464707 1.9677607444911156 1.985816890821972 2.0083284498838183 2.0432682655110597
0.6102668339803804 0.7509640781169223 0.892599303881041 1.0316550801693234 1.1610965447749417 1.277171771187589 1.369562961503918 1.491031582275133 1.5951475429361737 1.706532861210936 1.818387170299487 1.8856873520781328 1.9822994597185581 2.062496888876387 2.13073505228261 2.2083530319646023 2.270494314791575 2.283626057577652 2.3040271579774507 2.289488442750008 2.2859710116465943 2.2620524801433826 2.249858718984882 2.214215417136958 2.174351197964938 2.150901657275514 2.1293280798412444 2.104002575896667 2.0657798245729064 2.0184117523802705 1.9637743225739137 1.9267240482846244 1.8915497372504886 1.8519200134853628 1.8437126742440646 1.8392572615130738 1.8383192798854968 1.850044050230209 1.859189371099084 1.8784179944644115 1.9018675351538352 1.9438422129879034
0.7889523340337886 0.931056550611696 1.0755057212585455 1.2152649837675105 1.3329816780284172 1.430062776482631 1.5184675448817586 1.5892851577638178 1.6912906597628106 1.7651567129344952 1.8587203802852956 1.922737626367422 2.002935055525251 2.0824289984623974 2.1410528501859565 2.225002205854093 2.290426424377585 2.3481122944735673 2.371561835162991 2.3769552295215584 2.373906789231933 2.3481122944735673 2.3035581671636622 2.265569911246796 2.217263857426583 2.182558537206236 2.1600469781443894 2.1225277130413116 2.08477395253134 2.0331849630146075 1.970105698560058 1.9344623967121342 1.8817009301609309 1.8397262523268623 1.8061934091409868 1.7792264373481492 1.7773504740929957 1.7665636853758606 1.7752400154309473 1.7949376296100632 1.8216701059960063 1.863175793016286
0.8862679278948967 1.0121919613971015 1.1571101228577398 1.2846756242082047 1.3916055297519763 1.4788378211166324 1.5442620396401243 1.6155486433359725 1.6727655226181661 1.7236510259142155 1.8139317575684966 1.8861563428919212 1.9661192766428561 2.0432682655110597 2.104002575896667 2.1806825739510822 2.243996333812526 2.3016822039085083 2.370623853535414 2.400404770210982 2.409081100266069 2.393369908004155 2.3490502761011443 2.302151194722297 2.257831562819286 2.2205467931231024 2.188420922378592 2.150901657275514 2.0976711999105224 2.045847714986896 1.985816890821972 1.927662029912201 1.874900563360998 1.8188561611132754 1.7850888225205055 1.753900933403572 1.7405346952106004 1.7299824019003598 1.7327963467830907 1.7463970803829563 1.7733640521757934 1.8094763448375057
0.9022136155637047 1.0189923281970348 1.1395229673406724 1.2640400284015119 1.367686998248764 1.4511673631031123 1.5116671780818254 1.5698220389915964 1.6167211203704435 1.6699515777354352 1.740065704396812 1.8108833172788712 1.8716176276644787 1.941262763512067 2.014659825869963 2.0887603744485417 2.15676404244787 2.2313335818402376 2.30566862582571 2.372968807604356 2.4041566967212895 2.3940733942248373 2.3720308259767795 2.3265387170392975 2.2850330300190174 2.2425893613711607 2.208822022778391 2.1640334000615917 2.108223493220763 2.050303127717887 1.9844099183806065 1.9199236814846912 1.8587203802852956 1.8031449688513614 1.7562458874725144 1.7166161637073882 1.705594879583359 1.6980910265627438 1.7119262555695034 1.722478548879744 1.7435831355002254 1.7757090062447358
0.8646943504606269 0.9760796687353893 1.089809941079094 1.1904084706367213 1.2874895690909356 1.3700319523177065 1.4506983722893239 1.5165915816266047 1.5794363506742601 1.648846991114954 1.6976220357489553 1.756714878286303 1.8094763448375057 1.8582513894715071 1.9232066171812106 1.9837064321599236 2.0545240450419833 2.133783492572235 2.2104634906266503 2.2918333968189506 2.3338080746530188 2.355850642901077 2.347643303659779 2.320207341053153 2.2763566999639306 2.228988627771295 2.1849034912751786 2.138004409896331 2.08477395253134 2.025915605400886 1.9569739557739805 1.8943636821332195 1.8338638671545064 1.7801644189757262 1.7318583651555137 1.7142712096384458 1.6858972654042432 1.6633857063423965 1.6469710278598 1.6483780003011654 1.6687791007009642 1.6830833205215123
0.7781655453166537 0.862818387205473 0.9500506785701291 1.0370484745278907 1.1357710408303645 1.2187824148709243 1.3139875500699842 1.3979369057381206 1.4750858946063246 1.5731049746881154 1.6406396518736557 1.705594879583359 1.7508524931139466 1.7869647857756594 1.8577823986577187 1.894832672947008 1.953456524670567 2.020522211042319 2.0887603744485417 2.1630954184340148 2.191234867261323 2.228050646143718 2.247982755729728 2.247982755729728 2.2353200037574394 2.2074150503370253 2.169426794420159 2.1194792727516867 2.0571034945178197 1.9822994597185581 1.9182822136364317 1.8587203802852956 1.8113523080926597 1.7747710246171589 1.7318583651555137 1.6966840541213783 1.6523644222183673 1.616252129556655 1.5911611210189718 1.570760020619173 1.5731049746881154 1.570760020619173
0.6269160078698711 0.7094583910966424 0.7835589396752211 0.8593009561020596 0.9634169167631005 1.056980584113901 1.1580481044853168 1.2567706707877906 1.3465824116282832 1.4652370875167668 1.5351167187712491 1.603354882177472 1.6605717614596656 1.7079398336523015 1.7820403822308801 1.8012690055962075 1.8446506558716416 1.8924877188780656 1.9520495522292016 2.0193497340078475 2.0545240450419833 2.0927467963657436 2.1176033094965327 2.1215897314137346 2.125810648737831 2.116665327868956 2.104940557524244 2.092277805551955 2.04772367824205 1.9715126710014235 1.8924877188780656 1.8319879038993525 1.7909512076928613 1.7597633185759278 1.7098157969074554 1.6790968986043104 1.6347772667012999 1.584360754219039 1.53957213150224 1.4729754359442766 1.460781674785776 1.4495258952548529
0.5033369284366086 0.570168119401466 0.6292609619388135 0.7059409599932288 0.8006771043785005 0.8895508635914161 0.9882734298938897 1.0799611339895363 1.1707108564576054 1.2724818630497041 1.355493237090264 1.430062776482631 1.5067427745370465 1.5599732319020383 1.6204730468807513 1.6591647890183006 1.7034844209213111 1.7597633185759278 1.814400748382285 1.8793559760919885 1.9208616631122681 1.959318909842923 1.9822994597185581 1.984878909194395 1.9935552392494817 2.0071559728493473 2.0209912018561074 2.0310745043525595 2.020522211042319 1.9790165240220388 1.9194546906709027 1.8549684537749878 1.8071313907685638 1.741238181431283 1.6718275409905892 1.6239904779841647 1.5609112135296153 1.509791214826672 1.4544502987996317 1.4033303000966884 1.3730803926073318 1.3437684667455523
0.39500005045147124 0.4437750950854725 0.49559858000909884 0.5678231653325235 0.637702796587006 0.7190727027793061 0.8016150860060774 0.900337652308551 0.9901493931490436 1.0872304916032576 1.1761042508161732 1.2469218636982324 1.322663880125071 1.3789427777796877 1.4413185560135546 1.491031582275133 1.5501244248124806 1.6082792857222512 1.6762829537215795 1.7435831355002254 1.7904822168790728 1.8235460692511603 1.8437126742440646 1.8544994629611993 1.8598928573197666 1.8784179944644115 1.9072609295124026 1.9248480850294705 1.938448818629336 1.9203926722984797 1.8992880856779983 1.8793559760919885 1.8383192798854968 1.771019098106851 1.690821668949022 1.5937405704948082 1.5102602056404604 1.4521053447306893 1.38128773184863 1.3308712193663692 1.2738888354910696 1.2382455336431457
0.33192078599692165 0.34223858390026807 0.3900756469066923 0.42337399468567394 0.49161215809189673 0.567354174518735 0.6391097690283715 0.7401772893997874 0.8213127001851933 0.9174558170118302 0.9882734298938897 1.056042602486324 1.1282671878097488 1.1864220487195194 1.2490323223602804 1.3221948893112825 1.382225713476207 1.462423142634036 1.5383996544677685 1.5996029556671645 1.6507229543701079 1.6835523113353008 1.7020774484799457 1.7173196499280712 1.7264649707969464 1.7543699242173605 1.78368185007914 1.813462766754708 1.8275324911683621 1.815338730009862 1.8054899229203039 1.8054899229203039 1.7954066204238517 1.7295134110865713 1.6633857063423965 1.5688840573640195 1.4809482797786804 1.4033303000966884 1.3280572744836383 1.257239661601579 1.200022782319385 1.1526547101267495
0.30800225449370955 0.2962774841489977 0.3138646396660655 0.34716298744504703 0.3760059224930381 0.4510444526991938 0.5033369284366086 0.5985420636356685 0.6756910525038723 0.7436947205032008 0.8142778379783661 0.8729016897019252 0.9418433393288307 1.00046719105239 1.0633119601000454 1.1367090224579415 1.2197203964985008 1.3036697521666376 1.3916055297519763 1.443663510082497 1.4959559858199118 1.5292543335988933 1.5477794707435382 1.5789673598604717 1.5916301118327603 1.6284458907151556 1.6591647890183006 1.6889457056938686 1.694339100052436 1.6790968986043104 1.6664341466320218 1.6704205685492237 1.661978733901031 1.6443915783839635 1.5784983690466832 1.5086187377922005 1.432642225958468 1.352444796800639 1.2884275507185121 1.2171409470226644 1.1453853525130282 1.0947343446238729
0.2922910622317957 0.2592272098597084 0.27282794345957406 0.26415161340448734 0.29041509897664186 0.3349692262865468 0.3760059224930381 0.4623002322301172 0.515530689595109 0.5828308713737548 0.6498965577455064 0.7064099508070173 0.7739446279925574 0.8372583878540013 0.9008066431223395 0.9744382008871296 1.057918565741478 1.1416334260027203 1.2356660841673093 1.2884275507185121 1.338844063200773 1.3730803926073318 1.4080202082345727 1.4431945192687086 1.4544502987996317 1.5004113985509022 1.5287853427851048 1.5442620396401243 1.5487174523711151 1.5311302968540472 1.5165915816266047 1.5107291964542489 1.4968939674474888 1.4818862614062573 1.446711950372122 1.383163695103784 1.3308712193663692 1.2748268171186465 1.2225343413812317 1.1714143426782884 1.0975482895066038 1.0438488413278235
0.251957852245987 0.21584555958427465 0.20505877086713975 0.18934757860522589 0.1848921658742354 0.21865950446700544 0.2547717971287179 0.31433363047985396 0.3593567486035474 0.41891858195468346 0.4852807821057523 0.5525809638843983 0.6301989435663905 0.70101655644845 0.7591714173582206 0.8323339843092225 0.9144073767222051 0.9969497599489764 1.0872304916032576 1.1367090224579415 1.1845460854643655 1.2234723230088087 1.259584615670521 1.3017937889114837 1.3158635133251382 1.356431218717841 1.3681559890625525 1.38128773184863 1.3754253466762743 1.3578381911592063 1.352444796800639 1.3325126872146287 1.3118770914079358 1.2874895690909356 1.2509082856154343 1.2094025985951546 1.1746972783748078 1.136240031644153 1.1146664542098832 1.0672983820172472 1.025323704183179 0.984755998790476
