static/ASC_sea/1979/03/ERA5U/00.asc
ncols         201
nrows         201
xllcorner     105.0
yllcorner     0.0
cellsize      0.25
NODATA_value  -32767
[rows 152 to 170 of 201, columns 42 to 83 of 201]
-4.959468070571525 -4.940473942613092 -4.910693025937524 -4.887712476061889 -4.837999449800311 -4.710433948449846 -4.68018404096049 -4.487428816493427 -4.4433436799973105 -4.239801666813113 -4.09183506506285 -3.9171359869266436 -3.814426998706968 -3.677716176487628 -3.747126816928322 -3.731415624666408 -3.9049422257681434 -4.385892305308222 -5.042479444612085 -5.79497520533569 -6.603984359120806 -7.321774799624063 -7.915048179066482 -7.860410749260125 -7.1001766401090105 -6.99277774375145 -7.2584610397626195 -6.541608580886939 -5.753938509129198 -5.425410444070373 -5.134870634928414 -4.742325323787462 -4.828619633524541 -4.564108814547843 -4.417080194425156 -3.7579136056454567 -3.0302743580526412 -2.8086761985375874 -2.8492439039302906 -2.81102115260653 -3.348250129801226 -4.624139638712767
-4.995580363233238 -4.991359445909142 -4.993704399978084 -4.966971923592141 -4.94094293342688 -4.868718348103456 -4.84292385334509 -4.765305873663097 -4.735524956987529 -4.685108444505269 -4.593889731223411 -4.6583759681193255 -4.614290831623209 -4.710433948449846 -4.780313579704329 -5.096647883604653 -5.551803468386367 -5.890649331348539 -6.399504364309031 -7.125502144053588 -7.605983232779878 -8.192456245422363 -8.155874961946862 -7.9957145990381 -7.743163045813007 -7.691105065482486 -7.118701777253655 -4.947743300226813 -4.313433224577904 -4.891698897979091 -4.894512842861822 -5.042948435425873 -5.089847516804721 -5.018560913108873 -4.482973403762436 -4.11786405522811 -4.036728644442705 -3.6207337926123286 -3.026991422356122 -2.9024743612952824 -2.997210505680554 -4.38964423181853
-5.024892289095017 -5.028409720198431 -5.030754674267373 -5.070853388846287 -5.059128618501576 -5.0595976093153645 -5.021609353398498 -5.057252655246422 -5.047872838970652 -5.058190636873999 -5.134401644114625 -5.199825862638118 -5.398443472277536 -5.543596129145068 -5.785126398246132 -6.122565288766938 -6.32470032950977 -6.784780317836262 -7.19092636257708 -7.41955938429896 -7.881515335880606 -7.847279006474047 -7.779275338474719 -7.339361955141132 -6.906717929421265 -5.9889029068372235 -4.524948081596505 -2.840802069282098 -2.2036780487504575 -2.775377850758606 -4.488835788934792 -5.163244579162616 -4.85347614665533 -4.7216897279807695 -4.380029920135867 -4.347669553984462 -4.241677630068267 -3.4223506783798046 -2.8222769321374535 -2.7383275764693167 -2.968836561446351 -4.408169368963175
-5.056783664432634 -5.0600666001291525 -5.145657423645549 -5.189508064734771 -5.206157238624262 -5.252118338375532 -5.229606779313686 -5.347792464388381 -5.328094850209265 -5.451673929642528 -5.526477964441789 -5.624966035337368 -5.825694103638835 -5.785829884466815 -5.984447494106233 -5.824756122011258 -5.496228056952432 -6.402318309191762 -7.0718026958748075 -7.29504232323812 -7.152000125032637 -7.108852970164097 -6.621571514637873 -6.035332997402282 -4.982917611260949 -3.180820409278741 -2.075174565772416 -2.2027400671228805 -1.5590501751982013 -1.9586303485459804 -3.676309204046263 -4.849255229331234 -4.327737444398452 -4.120678000110841 -3.738919477687024 -3.5414743450820767 -3.194890133692395 -2.4107374930380683 -3.3721686613044377 -3.344732698697812 -3.705152139094254 -4.742794314601251
-5.033334123743209 -5.079060728087586 -5.164651551603982 -5.283306227492465 -5.285651181561408 -5.430334847615152 -5.407823288553305 -5.536092276124453 -5.528353927696943 -5.657326401488773 -5.6191036501650125 -5.717826216467486 -5.676789520260995 -5.531871358800356 -5.467385121904441 -4.834482018696897 -4.255981849888816 -6.009772998050811 -6.675270962816653 -6.434209684529378 -6.291167486323895 -5.775512086563468 -5.18669411985204 -4.257388822330181 -2.930848305529485 -1.1153848653543061 -1.5093371489366234 -1.9419811746564895 -2.0006050263800486 -2.400419695134722 -2.8691760135163005 -3.9014247946647296 -3.181758390906318 -3.2152912340921938 -2.847133445268242 -2.222672176708891 -1.8594387914297186 -2.184214929978236 -3.1465840798721825 -4.460930835514378 -4.932266603371794 -4.957123116502583
-5.0312236650811615 -5.086564581108202 -5.180831734679685 -5.293155034582024 -5.346854482760804 -5.5260089736280005 -5.476061451959528 -5.599171540579002 -5.600578513020368 -5.596357595696271 -5.531402367986568 -5.42189301296696 -5.345213014912544 -5.020202380957133 -5.027002747757066 -4.273100014592095 -3.7335260833284565 -5.63833227353034 -5.91175391796902 -5.561652275475924 -5.095709901977076 -4.582164960878699 -3.7858185590658713 -2.725664824497028 -1.627991824825107 -0.36734451736169155 -1.5123855892262483 -3.272977104188176 -3.338401322711668 -2.361493457590279 -2.6367910652841124 -2.4355940061688575 -1.6315092559285205 -2.053366492931252 -2.498673270623407 -1.8198090676645924 -1.5787477893773172 -2.058759887289819 -2.6935389537525176 -3.9635660774917025 -4.925466236571861 -4.860511008862157
-5.016684949853719 -5.083985131632365 -5.181300725493473 -5.284244209120042 -5.364441638277872 -5.411809710470507 -5.430334847615152 -5.5246020011866355 -5.387187692746613 -5.355530812815891 -5.189039073920982 -5.024892289095017 -4.6616589038158445 -4.293970105805681 -4.055253781587349 -3.5557785649026252 -3.378031046476794 -4.780313579704329 -5.054673205770585 -4.65251358294697 -4.120678000110841 -3.5445227853717016 -2.821807941323665 -2.247059699025891 -1.7339837487413017 -1.1172608286094599 -3.040123165142199 -4.953605685399169 -3.9717734167330008 -2.2374453873432274 -1.7304663176378883 -1.924394019139422 -1.6505033838869538 -1.6361991640664053 -2.6520332667322375 -2.0092813564351353 -1.7384391614722925 -1.9145452120498638 -2.094872179951532 -2.6918974859042577 -4.058771212690763 -4.806811560683377
-4.980103666378218 -5.0617080679774125 -5.128070268128481 -5.179659257645214 -5.226089348210272 -5.24813191645833 -5.281430264237312 -5.113766048307933 -5.012229537122728 -4.810563487193685 -4.509236889334591 -4.049391396414993 -3.421881687566016 -2.8551062891026464 -2.5429929025264175 -2.7573217044277496 -3.919480940995586 -4.689563857236259 -4.320937077598519 -3.907756170650874 -3.481443520917152 -2.978685368535909 -2.69588390782146 -2.4076890527484434 -2.7617771171587404 -3.3559884782287357 -4.754988075759751 -5.299955401381957 -4.007885709394714 -2.4018266675760875 -2.051256034269204 -2.6435914320840452 -2.375563182003933 -1.8730395250295842 -3.1177411448241914 -2.5708978559468316 -2.235803919494968 -2.408392538969126 -2.8121936296410013 -3.5332670058407785 -4.611945877554267 -4.910224035123735
-4.902485686696226 -4.954778162433641 -4.980572657192006 -5.000973757591805 -5.025361279908806 -4.96579944655767 -4.925466236571861 -4.688156884794894 -4.590372300119997 -4.151396898413986 -3.8418629613135935 -3.3320699467255235 -2.71581601740747 -2.964381148715361 -4.157728274400131 -4.301942949640086 -4.225262951585671 -4.312964233764115 -3.811613053824237 -3.519197281427124 -3.284232883719099 -2.9892376618461496 -3.0445785778731893 -3.1090648147691047 -3.487305906089508 -4.038604607697859 -4.31155726132275 -3.619326820170963 -2.6827521650353825 -2.27355768000494 -2.431138593437867 -2.601147763436188 -2.0439866766554826 -2.183276948350659 -2.5045356557957628 -2.6449984045254107 -3.7851150728451883 -4.865904403220725 -5.632938879171772 -5.775512086563468 -5.282837236678677 -5.25587026488584
-4.769995781800982 -4.7843000016215305 -4.786175964876684 -4.735993947801318 -4.719344773911827 -4.561060374258218 -4.548866613099717 -4.238394694371748 -3.9863121319604433 -3.512396914627191 -3.1060163744794793 -2.6754828074216612 -2.4346560245412805 -2.851588857999233 -4.4234115704113 -4.548866613099717 -4.050798368856358 -3.936599105698865 -3.643714342487964 -3.480505539289575 -3.3041649933051094 -3.234519857457521 -3.295957654063811 -3.456587007786363 -3.6495767276603197 -3.6348035170259827 -3.021129037183766 -2.248701166874151 -2.1124593354685994 -2.3188152935355277 -2.974698946618707 -2.9908791296944095 -2.157716948999187 -1.9956806228352697 -2.31506336702522 -3.3433257262564466 -4.51416129287937 -5.519208606828068 -5.875172634493519 -4.841985871717513 -3.830138190968882 -4.4445161570317815
-4.6300020238851225 -4.612414868368055 -4.489304779748581 -4.405355424080444 -4.2920941425505275 -4.112470660869543 -4.008354700208502 -3.705152139094254 -3.4840229703929886 -2.8096141801651644 -2.1670967652749566 -2.091354748848118 -2.2838754779082864 -3.3599749001459376 -4.215414144496113 -4.236518731116594 -4.024065892470416 -3.8202893838793237 -3.630817095108781 -3.4727671908620654 -3.452600585869161 -3.441579301745132 -3.45752498941394 -3.5088794835237778 -3.455649026158786 -3.0684971093764015 -2.3999507043209336 -1.4908120117919785 -1.401000270951486 -2.0313239246831936 -2.6109965705257463 -2.7261338153108166 -2.5528417096159757 -2.9355382136673693 -4.0425910296150604 -5.05326623332922 -5.283775218306254 -5.879862542631403 -4.859338531827686 -3.5724277387921157 -2.172490159633524 -2.7284787693797585
-4.5664537686167845 -4.418487166866521 -4.2920941425505275 -4.060178185132128 -3.8864170886234986 -3.585090490764405 -3.3695892118286013 -3.0138596795700447 -2.4810861151063395 -1.9834868616767696 -2.2948967620323155 -2.297476211508152 -3.469249759758652 -4.341807168812106 -4.1040288262213505 -4.064633597863119 -3.884775620775239 -3.680764616777253 -3.5621099408887695 -3.5543715924612598 -3.5313910425856245 -3.461511411331142 -3.44978664098643 -3.349188111428803 -3.141190685513615 -2.691428495090469 -2.2902068538944307 -1.5503738451431146 -1.5810927434462596 -2.181635480502399 -2.4613885009272236 -2.724726842869451 -3.7086695701976673 -4.238863685185536 -5.223275403327541 -5.903781074134615 -6.016573364850744 -5.299955401381957 -4.240270657626902 -2.1044864916341957 -0.7758355161714515 -1.5006608188815367
-4.562467346699583 -4.409810836811435 -4.160776714689756 -3.9279227756437782 -3.5381914093855573 -3.2052079315957416 -2.625535285753189 -2.031792915496982 -1.5928175137909717 -1.9103242947257675 -2.255501533674084 -3.4650288424345557 -4.612883859181844 -4.466793220686734 -4.085503689076705 -4.053846809145984 -3.815130484927651 -3.6591910393429834 -3.572896729605904 -3.5639859041439235 -3.5480402164751155 -3.4819125117309406 -3.3731066429320147 -3.2387407747816175 -3.040123165142199 -2.7934339970894624 -2.614748497036054 -2.8511198671854445 -2.889342618509205 -3.6749022316048974 -3.990298553877645 -4.239801666813113 -4.873642751648235 -4.886774494434312 -5.240862558844609 -5.412747692098084 -4.1661701090483225 -3.4591664572622 -2.877617848164493 -0.8004575338953464 -0.20413571416330295 -0.955693493259331
-4.603504042906074 -4.398555057280511 -4.149051944345044 -3.875630299906364 -3.4533040720898436 -3.0513789446731225 -2.2510461209430934 -1.7042028320657336 -2.3497686872455668 -2.8529958304405985 -3.3785000372905825 -4.588965327678632 -4.68018404096049 -4.343917627474154 -4.119740018483264 -4.0425910296150604 -3.8350625945136607 -3.759320578086822 -3.6235477374950595 -3.5660963628059714 -3.5494471889164805 -3.5264666390408457 -3.4132053575109293 -3.3590369185183606 -3.312137837139513 -3.391162789262871 -3.6793576443358877 -4.12114699092463 -4.74771871814603 -5.53374732205551 -5.495759066138644 -5.686638327350552 -4.5967036761061415 -4.193840567061843 -4.109891211393706 -3.1637022445754615 -1.6582417323144636 -1.339327978938302 -0.7573103790268069 -0.693996619165363 -0.3227903900517866 -0.7838083600058556
-4.671507710905403 -4.468903679348783 -4.304287903709028 -4.046342956125368 -3.793556907493381 -3.405935999897208 -2.9503114243017063 -3.045047568686978 -4.356111388632654 -4.652044592133181 -4.819005321841877 -4.6274225744092865 -4.499622577651927 -4.381436892577232 -4.225262951585671 -4.012810112939492 -3.8941554370510083 -3.7846460820314 -3.665053424515339 -3.6216717742399056 -3.5860284723919817 -3.5391293910131343 -3.6315205813294633 -3.674433240791109 -3.8345936036998722 -4.306163866964182 -4.731069544256539 -5.263843108720244 -5.882910982921029 -5.603157962496204 -5.384373747863882 -4.291156160922951 -2.725664824497028 -2.491872903823474 -1.9694171372631155 -0.8569709269568573 -0.14363589918458997 -0.08313608420587693 -0.8072579006952793 -1.0870109211201033 -0.4698190101744729 -0.525394421608407
-4.777499634821598 -4.694488260781038 -4.560122392630641 -4.482973403762436 -4.364787718687741 -4.369243131418732 -4.570909181347775 -4.947274309413025 -5.283775218306254 -5.164182560790193 -4.905768622392745 -4.673852664974345 -4.49422918329336 -4.2895146930746915 -4.088552129366331 -4.02101745218079 -3.9736493799881547 -3.7905084672037557 -3.690613423866811 -3.618154343136492 -3.5864974632057702 -3.6514526909154736 -3.7921499350520156 -4.021955433808367 -4.274037996219672 -4.785706974062896 -4.9083480718685815 -5.007774124391738 -4.560591383444429 -3.81067507219666 -2.9371796815156292 -1.6608211817903 -1.0600439493272662 -1.151966148829807 -0.48881313813290606 -0.028967645213308302 0.13119271769545526 -0.32865277522414255 -0.9819569788314855 -1.121247250526662 -0.6494424918554581 -0.5849562549595431
-4.925466236571861 -4.907879081054793 -4.892636879606668 -4.907879081054793 -4.966971923592141 -5.016684949853719 -5.188101092293405 -5.226089348210272 -5.076715774018643 -4.896154310710081 -4.733414498325481 -4.542066246299784 -4.3497800126465105 -4.236518731116594 -4.161245705503544 -4.003430296663723 -3.826620759865468 -3.738919477687024 -3.6889719560185514 -3.6172163615089152 -3.653797644984416 -3.7773767244176786 -3.844911401603219 -4.003899287477512 -4.181646805903343 -3.9795117651605105 -3.403356550421371 -2.7216784025798257 -2.0200681451522704 -1.3808336659585816 -1.0021235838243898 -1.0049375287071207 -0.8384457898122126 -0.7169771690409982 -0.6264619419798229 -0.3047342437209304 -0.3701584622444224 -0.9019940450805508 -1.2940703654077141 -1.2724967879734446 -1.0234626658517652 -0.6963415732343053
-5.083985131632365 -5.144015955797289 -5.220226963037916 -5.221868430886176 -5.181769716307262 -5.201701825893272 -5.180362743865896 -5.0302856834535845 -4.86731137566209 -4.7524086262839145 -4.573723126230506 -4.369243131418732 -4.216821116937478 -4.122084972552207 -3.9933469941672706 -3.8955624094923738 -3.823337824168949 -3.7168769094389655 -3.650045718474108 -3.6338655353984057 -3.651921681729262 -3.7032761758391 -3.744312872045591 -3.704214157466677 -3.527873611482211 -2.7359826224003743 -1.6387786135422417 -1.2520956875736458 -1.0396428489274676 -0.7296399210132869 -0.5411056138703207 -0.8799514768324925 -0.8063199190677023 -0.06296947921297258 -0.13378709209503203 -0.263697547514439 -0.955693493259331 -1.4047521974617938 -1.5083991673090464 -1.4164769678065057 -1.0337804637551118 -0.42385791042320253
-5.23922109099635 -5.377573381063949 -5.454253379118364 -5.481454846318096 -5.521084570083222 -5.3717109958915925 -5.080233205122057 -4.807749542310954 -4.655327527829701 -4.467262211500523 -4.3204680867847305 -4.185164237006756 -4.092304055876639 -3.9757598386502027 -3.868126446885748 -3.7940258983071695 -3.6861580111358205 -3.605491591164203 -3.5400673726407113 -3.5548405832750483 -3.5630479225163465 -3.4985616856204316 -3.4439242558140744 -3.1271209610999606 -2.6759517982354497 -1.7665786102996006 -1.0225246842241882 -0.8705716605567231 -1.007282482776063 -0.8248450562123469 -0.7598898285026434 -0.9453756953559845 -0.6606982713863814 0.3607637210449127 0.769489215261567 0.3061262912385556 -0.6227100154695151 -1.2272391744428568 -1.4185874264685538 -1.4507132972130643 -0.9615558784316869 -0.02451223248231782
