static/ASC_sea/1979/11/ERA5U/00.asc
ncols         201
nrows         201
xllcorner     105.0
yllcorner     0.0
cellsize      0.25
NODATA_value  -32767
[rows 95 to 113 of 201, columns 86 to 128 of 201]
-4.022091638431966 -4.0451792431502 -4.041806896393603 -4.003154614337235 -3.9606111629463325 -3.9289629856921247 -3.918586534133368 -3.897055397148948 -3.8664448650506156 -3.835574921663315 -3.8223449459258996 -3.812227905656112 -3.8010732202304487 -3.793290881561381 -3.768646809109334 -3.7209151319390537 -3.6905640111296902 -3.638422342046938 -3.6373846968910626 -3.6275270679102434 -3.6096276889713885 -3.5940630116332537 -3.542699576417408 -3.536733116771123 -3.5206496168550503 -3.507419641117635 -3.5128672781859827 -3.5320637135696824 -3.516758447520516 -3.553854261843071 -3.5406242861056567 -3.5279131329461797 -3.5094949314293866 -3.4669514800384844 -3.434265657628401 -3.377713996633177 -3.368894012808234 -3.3701910692530785 -3.377713996633177 -3.402617480374193 -3.4474956333658158 -3.53491723774834 -3.6135188583059223
-4.216390693869684 -4.228842435740193 -4.209646000356492 -4.174106653767751 -4.115998525038713 -4.099915025122641 -4.046995122172982 -4.004711082071048 -3.9997822675806387 -4.024166928743717 -4.010936953006302 -4.019238114253307 -3.974878783839623 -3.9572388161897365 -3.9390800259619123 -3.8903107036357563 -3.878118373054217 -3.837131389397128 -3.8293490507280605 -3.818453776591366 -3.7971820508959153 -3.772278567154899 -3.759567413995422 -3.7486721398587277 -3.7574921236836705 -3.7600862365733603 -3.760864470440267 -3.765793284930676 -3.759567413995422 -3.800554397652511 -3.7808391396908734 -3.760864470440267 -3.7346639302544062 -3.688748132106908 -3.6560623096968246 -3.5782389230061495 -3.556448374732761 -3.556448374732761 -3.5686407053142997 -3.595878890656036 -3.6467235032939436 -3.7203963093611154 -3.8044455669870447
-4.380079217209071 -4.392790370368547 -4.381116862364946 -4.35361926573424 -4.281502927400882 -4.236624774409259 -4.204198363288144 -4.163730202208994 -4.149203170026734 -4.168140194121465 -4.124299686285719 -4.158023153851678 -4.129228500776128 -4.1294879120650965 -4.120927339529123 -4.077865065560283 -4.062300388222148 -4.032468089990722 -4.0060081385158925 -3.9966693321130116 -3.9816234773528145 -3.9517911791213893 -3.9600923403683943 -3.9424523727185083 -3.973841138683747 -4.00419225949311 -4.015865767496711 -4.023129283587841 -4.006526961093831 -4.023648106165779 -4.008083428827645 -3.9816234773528145 -3.936226501783254 -3.878118373054217 -3.835574921663315 -3.7823956074246867 -3.7613832930182047 -3.7590485914174843 -3.770203276843148 -3.797441462184884 -3.8381690345530037 -3.907950671285642 -3.9948534530902293
-4.535466579301451 -4.544027151837426 -4.528462474499291 -4.485659611819419 -4.4708731683481915 -4.367886886627531 -4.342464580308578 -4.319117564301375 -4.308741112742618 -4.328715781993225 -4.300439951495613 -4.313151104655089 -4.2872099757581985 -4.281502927400882 -4.2872099757581985 -4.274239411309752 -4.246222992101109 -4.217947161603497 -4.184742516615476 -4.167102548965589 -4.151537871627455 -4.129228500776128 -4.149981403893642 -4.162692557053118 -4.223394798671844 -4.25322709690327 -4.264381782328933 -4.272682943575939 -4.2501141614356435 -4.252708274325332 -4.2291018470291615 -4.177479000524347 -4.123780863707781 -4.072417428491935 -4.03298691256866 -3.999263445002701 -3.980067009619001 -3.9670964451705553 -3.9507535339655133 -3.967874679037462 -4.01379047718496 -4.083572113917599 -4.1686590166994035
-4.7056403848650605 -4.711606844511346 -4.703824505842277 -4.6291140546192295 -4.630670522353043 -4.534947756723513 -4.5152324987618755 -4.490847837598798 -4.468019644169533 -4.474764337682725 -4.455308491010056 -4.439224991093983 -4.438187345938108 -4.442597337850579 -4.444932039451299 -4.45919966034459 -4.428329716957289 -4.412246217041216 -4.376188047874536 -4.35621337862393 -4.340908112574764 -4.3268999029704425 -4.353100443156302 -4.373853346273816 -4.429367362113164 -4.463609652257061 -4.476839627994476 -4.481249619906947 -4.457643192610776 -4.452454966831398 -4.420547378288221 -4.369702765650313 -4.314188749810965 -4.26282531459512 -4.242331822766575 -4.222875976093906 -4.191487210128668 -4.146609057137045 -4.12870967819819 -4.132600847532724 -4.177479000524347 -4.242331822766575 -4.3243057900807536
-4.843906601885493 -4.84935423895384 -4.848835416375902 -4.7845014167116116 -4.774643787730792 -4.696560989751148 -4.676586320500542 -4.671657506010132 -4.65064519160365 -4.641306385200769 -4.628595232041292 -4.600838224121619 -4.618737603060474 -4.623147594972945 -4.628076409463354 -4.645197554535303 -4.612511732125219 -4.604210570878214 -4.572562393624006 -4.5572571275748395 -4.542730095392581 -4.517307789073627 -4.531834821255886 -4.547140087305053 -4.584235901627608 -4.618737603060474 -4.635858748132422 -4.636896393288298 -4.628595232041292 -4.625741707862634 -4.597465877365022 -4.562704764643188 -4.507450160092809 -4.468538466747471 -4.458162015188714 -4.43533382175945 -4.379041572053195 -4.334163419061571 -4.303034064385303 -4.306406411141898 -4.345836927065173 -4.40394505579421 -4.483584321507668
-5.0011098430006555 -4.979578706016236 -4.979319294727267 -4.941704657826774 -4.919135875686479 -4.864918916291975 -4.845463069619306 -4.8405342551288975 -4.816668416543757 -4.801881973072528 -4.790208465068927 -4.772049674841103 -4.788651997335114 -4.800584916627684 -4.805254319829125 -4.8218566423231355 -4.7966937472931495 -4.794618456981398 -4.780869658666046 -4.76582380390585 -4.743255021765553 -4.713163312245159 -4.698376868773931 -4.692150997838677 -4.7222427073590705 -4.730543868606077 -4.747665013678025 -4.763489102305129 -4.77516261030873 -4.785279650578518 -4.781388481243984 -4.746886779811118 -4.713941546112066 -4.6778833769453865 -4.667766336675598 -4.629632877197167 -4.574378272646788 -4.537282458324233 -4.506153103647963 -4.510822506849404 -4.541692450236705 -4.588645893540079 -4.647532256136023
-5.1775095194995195 -5.1520872131805655 -5.132631366507897 -5.099686132808845 -5.067000310398761 -5.054029745950315 -5.028088617053424 -5.017712165494666 -4.993327504331589 -4.951821698096563 -4.930290561112142 -4.924583512754825 -4.937813488492241 -4.950784052940686 -4.9660893189898525 -4.977244004415516 -4.977244004415516 -4.994883972065402 -4.98346987535077 -4.97387165765892 -4.951302875518625 -4.902533553192468 -4.868291263048571 -4.8428689567296175 -4.832233093881891 -4.838458964817145 -4.855580109889094 -4.876073601717638 -4.913688238618131 -4.948968173917904 -4.950265230362748 -4.941704657826774 -4.908759424127721 -4.885931230698457 -4.868810085626508 -4.827304279391482 -4.789689642490989 -4.754150295902248 -4.728209167005356 -4.737029150830299 -4.752075005590497 -4.780350836088108 -4.834567795482611
-5.340419808971999 -5.295541655980376 -5.270119349661423 -5.257408196501945 -5.219015325734546 -5.205785349997131 -5.185810680746524 -5.178806575944364 -5.165836011495918 -5.1289996084623315 -5.087234390938336 -5.067519132976699 -5.079711463558238 -5.106690237611005 -5.127702552017487 -5.14612075353428 -5.163241898606229 -5.188145382347245 -5.1868483259024 -5.173618350164986 -5.134447245530679 -5.085159100626585 -5.031979786387957 -4.986582810818397 -4.969461665746449 -4.9616793270773805 -4.976725181837578 -5.013820996160133 -5.054807979817221 -5.097351431208124 -5.123811382682954 -5.117844923036669 -5.1033178908544095 -5.081267931292052 -5.066481487820823 -5.046506818570217 -5.008113947802817 -4.965051673833977 -4.937294665914303 -4.930290561112142 -4.941964069115743 -4.974390480236858 -5.016674520338791
-5.510853025824577 -5.4566360664300735 -5.408385566681854 -5.396193236100316 -5.371289752359299 -5.347942736352097 -5.341457454127875 -5.3380851073712785 -5.319926317143454 -5.285943438288527 -5.243399986897624 -5.215902390266919 -5.216940035422795 -5.244697043342469 -5.288278139889247 -5.32822747839046 -5.3707709297813615 -5.370252107203424 -5.365842115290953 -5.329265123546335 -5.280495801220179 -5.233023535338868 -5.182697745278897 -5.139376060021089 -5.12225491494914 -5.112397285968321 -5.1194013907704825 -5.1476772212680935 -5.188145382347245 -5.237433527251339 -5.258445841657821 -5.2683034706386405 -5.264412301304106 -5.255073494901225 -5.2444376320535 -5.233542357916805 -5.192555374259717 -5.149493100290876 -5.114472576280073 -5.097351431208124 -5.116807277880793 -5.155459559937162 -5.199300067772908
-5.671169202407367 -5.604759912431325 -5.542241791789816 -5.5030706871555095 -5.482058372749027 -5.475832501813773 -5.492434824307784 -5.497363638798193 -5.485171308216654 -5.457673711585949 -5.396193236100316 -5.3728462200931135 -5.385816784541559 -5.431732582689057 -5.482577195326964 -5.513965961292204 -5.532902985386935 -5.514484783870142 -5.48128013888212 -5.430954348822151 -5.381147381340119 -5.341457454127875 -5.291131664067905 -5.2683034706386405 -5.263893478726168 -5.276085809307707 -5.2893157850451225 -5.2945040108245 -5.3137004462082 -5.346905091196222 -5.37362445396002 -5.39774970383413 -5.411757913438451 -5.411239090860513 -5.403456752191445 -5.394117945788564 -5.357022131466009 -5.310846922029542 -5.270119349661423 -5.253517027167412 -5.288278139889247 -5.330821591280149 -5.384000905518777
-5.797502500135229 -5.722792048912181 -5.674541549163964 -5.654048057335419 -5.6496380654229466 -5.642893371909755 -5.646784541244289 -5.639261613864191 -5.6192869446135845 -5.597755807629164 -5.563772928774236 -5.56766409810877 -5.5681829206867075 -5.60813225918792 -5.664683920183144 -5.699445032904979 -5.693997395836632 -5.647043952533258 -5.5798564286903085 -5.518635364493644 -5.468828397011612 -5.4356237520235915 -5.406050865081134 -5.420059074685456 -5.427841413354524 -5.433807873000809 -5.431473171400088 -5.415130260195047 -5.434326695578747 -5.442109034247814 -5.464937227677079 -5.485949542083561 -5.501773630710664 -5.511371848402515 -5.512928316136328 -5.496844816220255 -5.47427603407996 -5.456376655141105 -5.439774332647094 -5.45274489709554 -5.482577195326964 -5.529011816052401 -5.585563477047625
-5.9147564027491795 -5.85716709659808 -5.833820080590877 -5.8122889436064575 -5.8006154356028565 -5.771301959949369 -5.788163693732349 -5.797502500135229 -5.78297546795297 -5.76377903256927 -5.736022024649596 -5.754699637455358 -5.774155484128027 -5.808916596849862 -5.836154782191598 -5.848865935351075 -5.822405983876246 -5.748733177809074 -5.678432718498497 -5.602684622119574 -5.550542953036821 -5.53394063054281 -5.527455348318588 -5.543279436945691 -5.562735283618361 -5.568961154553614 -5.551840009481666 -5.527455348318588 -5.54353884823466 -5.5427606143677535 -5.561697638462484 -5.575965259355775 -5.591011114115972 -5.612023428522454 -5.609688726921734 -5.600868743096791 -5.598274630207102 -5.592048759271847 -5.616433420434926 -5.646784541244289 -5.682842710410968 -5.732130855315063 -5.774674306705965
-6.015926805447057 -6.0122950474014925 -5.993876845884699 -5.978830991124502 -5.962228668630491 -5.926948733330719 -5.923576386574123 -5.930321080087315 -5.92902402364247 -5.925911088174844 -5.929283434931439 -5.9425134106688535 -5.956781031562144 -5.972864531478217 -5.995692724907482 -5.984019216903881 -5.964563370231212 -5.877660588426625 -5.780900177641219 -5.702817379661575 -5.646265718666351 -5.632516920350999 -5.647562775111195 -5.671169202407367 -5.679470363654373 -5.659495694403766 -5.636926912263471 -5.609948138210703 -5.62265929137018 -5.636926912263471 -5.666240387916957 -5.682842710410968 -5.70385502481745 -5.722792048912181 -5.7144908876651765 -5.715528532821052 -5.717863234421772 -5.748733177809074 -5.779084298618436 -5.822924806454184 -5.865468257845086 -5.902564072167641 -5.9191663946616515
-6.141741280596982 -6.161715949847588 -6.15886242566893 -6.13733128868451 -6.110611925920711 -6.074294345465064 -6.0914154905370115 -6.072997289020218 -6.071959643864343 -6.088561966358354 -6.10853663560896 -6.133958941927914 -6.136034232239665 -6.148745385399143 -6.144335393486671 -6.132143062905132 -6.100235474361955 -6.008922700644897 -5.901526427011765 -5.798021322713167 -5.737059669805472 -5.734465556915783 -5.754959048744327 -5.780381355063281 -5.785310169553691 -5.759109629367829 -5.725386161801871 -5.700482678060855 -5.711118540908581 -5.734465556915783 -5.76377903256927 -5.7902389840441 -5.831225967701188 -5.852757104685608 -5.8473094676172614 -5.845493588594479 -5.845493588594479 -5.873250596514153 -5.913199935015366 -5.944069878402668 -5.991023321706042 -6.017742684469839 -6.028637958606534
-6.28104514277329 -6.312693320027497 -6.329295642521508 -6.306726860381213 -6.282342199218134 -6.25951400578887 -6.260551650944746 -6.235129344625792 -6.239539336538263 -6.252509900986709 -6.278969852461539 -6.298425699134207 -6.295572174955549 -6.306726860381213 -6.289865126598233 -6.275597505704942 -6.225790538222911 -6.134477764505852 -6.008403878066958 -5.886999394829505 -5.828372443522531 -5.829410088678406 -5.850422403084888 -5.867024725578899 -5.871175306202401 -5.857685919176018 -5.823443629032122 -5.804506604937391 -5.813067177473364 -5.83563595961366 -5.865468257845086 -5.899710547988983 -5.954186918672455 -5.976755700812751 -5.979090402413471 -5.9611910234746155 -5.958596910584927 -5.96508219280915 -5.999583894242015 -6.031491482785192 -6.076888458354753 -6.099716651784017 -6.115540740411121
-6.426574875884852 -6.464967746652252 -6.4864988836366715 -6.488574173948423 -6.4654865692301895 -6.447068367713396 -6.425537230728976 -6.399596101832085 -6.394148464763737 -6.406859617923214 -6.4143825453033125 -6.426834287173821 -6.420608416238567 -6.429947222641448 -6.41023196467981 -6.388960238984359 -6.339153271502327 -6.236426401070636 -6.104645466274427 -5.969492184721621 -5.908271120524957 -5.913718757593304 -5.925392265596905 -5.941994588090916 -5.94588575742545 -5.946404580003388 -5.9170911043499 -5.908011709235988 -5.9170911043499 -5.93369342684391 -5.963006902497399 -6.006069176466238 -6.061842603594555 -6.083114329290007 -6.068587297107747 -6.050428506879923 -6.031491482785192 -6.029935015051379 -6.059248490704866 -6.110611925920711 -6.154971256334396 -6.18765707874448 -6.203740578660553
-6.552389351034776 -6.595970447581554 -6.625283923235042 -6.629693915147514 -6.620873931322571 -6.609459834607938 -6.575995778330948 -6.5422723107649885 -6.51814706089088 -6.512440012533563 -6.518665883468818 -6.522297641514382 -6.521778818936444 -6.524632343115102 -6.4981723916402725 -6.4748253756330705 -6.426056053306914 -6.320994481274503 -6.1842847319878835 -6.049909684301985 -5.994395668462637 -5.970011007299559 -5.979609224991409 -6.005031531310363 -6.01281386997943 -6.026043845716845 -6.006587999044176 -6.007106821622114 -6.0122950474014925 -6.02708149087272 -6.055876143948271 -6.099716651784017 -6.144335393486671 -6.159900070824806 -6.139406578996262 -6.115540740411121 -6.094528426004639 -6.095306659871546 -6.126695425836784 -6.184803554565822 -6.221380546310439 -6.258995183210932 -6.310618029715746
-6.6724967778273845 -6.731642551712298 -6.759399559631972 -6.775223648259075 -6.772110712791449 -6.734496075890956 -6.673015600405322 -6.632547439326172 -6.609200423318969 -6.599861616916088 -6.593895157269803 -6.592598100824959 -6.595451625003617 -6.583778117000016 -6.565100504194254 -6.551092294589932 -6.509067665776968 -6.417236069481971 -6.283898666951948 -6.121766611346375 -6.063658482617337 -6.038754998876322 -6.052503797191674 -6.083633151867945 -6.1100931033427734 -6.121766611346375 -6.099197829206079 -6.090118434092167 -6.0914154905370115 -6.1100931033427734 -6.148226562821205 -6.1842847319878835 -6.21152291732962 -6.213598207641372 -6.204259401238491 -6.1866194335886044 -6.177021215896755 -6.187138256166542 -6.212560562485495 -6.249137554230113 -6.299463344290083 -6.3562744165742755 -6.417754892059909
