static/ASC_sea/1979/11/ERA5U/00.asc
ncols         201
nrows         201
xllcorner     105.0
yllcorner     0.0
cellsize      0.25
NODATA_value  -32767
[rows 76 to 94 of 201, columns 43 to 85 of 201]
-0.6212096400494713 -0.35868541561292777 0.16973538001675514 0.6429015710960586 0.6125504502866952 0.3484697581163383 0.079460251455572 -0.19447806969560366 -0.35920423819086555 -0.3112131497316162 -0.30732198039708236 -0.2756738031428745 -0.23105506144022092 -0.2149715615241481 -0.162311069863458 -0.05776832040898472 0.0662302757181572 0.15598658170140256 0.20190237984890036 0.15987775103593593 0.15209541236686874 0.15468952525655766 0.252746992486808 0.3035916051247156 0.4265525560959822 0.5554799667135337 0.5705258214737308 0.5687099424509485 0.5100829911439733 0.4332972496091738 0.3733732418573541 0.3175998147290371 0.18789417024457888 0.067267920874033 -0.04765128013919706 -0.15297226346057702 -0.21263685992342785 -0.24713856135629375 -0.26918852091865175 -0.2844937869678177 -0.29902081915007694 -0.29850199657213916 -0.3184766658227458
-0.5457209549595166 -0.32444312546903076 -0.08811944121834792 0.11707488835606483 0.10047256586205444 -0.1457087473694474 -0.3760659719738453 -0.43858409261535414 -0.3804759638863169 -0.2536238435805167 -0.2014821744977644 -0.15945754568479997 -0.06217831232145632 -0.04998598173991731 0.03017210655147795 0.19463886375777095 0.3606620886978775 0.32460391953119805 0.15935892845799815 0.12537604960307025 0.12589487218100803 0.10099138843999222 0.16532538810428354 0.2838763471630781 0.38400910470508 0.43641018507680096 0.461832491395755 0.4665018945971955 0.406059064267438 0.3225286292194469 0.22006117007672454 0.1105896061318421 -0.020672506086429676 -0.15790107795098662 -0.2790461498994705 -0.37217480263931146 -0.3957812299354828 -0.42976410879041094 -0.4567428828431783 -0.48060872142831856 -0.5060310277472724 -0.5070686729031479 -0.5285998098875682
-0.5125163099714953 -0.3547942462783942 -0.305246690085331 -0.4346929232808203 -0.6365149060986373 -0.7745217118301009 -0.7765970021418522 -0.6183561158708131 -0.41134590727361786 -0.19110572293900785 -0.11691409429389776 -0.07385182032505755 0.02576211463900635 0.0760879046989762 0.11837194480090929 0.23017821034651265 0.35002622585015164 0.3401685968693329 0.1266731060479147 0.09606257394958262 0.13212074311626187 0.16584421068222133 0.21954234749878676 0.3489885806942761 0.39334791110796097 0.3790802902146706 0.38997556435136493 0.3733732418573541 0.31085512121584546 0.22057999265466233 0.10099138843999222 -0.07437064290299533 -0.2497326742459829 -0.39811593153620306 -0.5055122051693346 -0.5669926806549677 -0.6144649465362795 -0.6321049141861657 -0.6461131237904871 -0.672054252687379 -0.727308857237758 -0.730681203994354 -0.7257523895039446
-0.6704977849535654 -0.6676442607749073 -0.7433923571538308 -1.0025442348337785 -1.12187342775948 -1.0518323797378724 -0.7854169859667954 -0.5758126644799109 -0.5480556565602368 -0.3571289478791144 -0.2614061822495841 -0.29409200465966756 -0.3322254641380984 0.02420564690519278 0.15650540427934034 0.16480656552634532 0.07012144505269102 0.14197837209708108 0.16376892037046975 0.17155125903953738 0.20631237176137196 0.25456287150959067 0.3790802902146706 0.5614464263598187 0.5139741604785071 0.439782531833397 0.39334791110796097 0.33809330655758174 0.2361446699927976 0.13212074311626187 -0.01833780448570943 -0.22093802117043326 -0.45051701190792426 -0.6326237367641037 -0.7374258975075458 -0.802019308460806 -0.8430062921178947 -0.8531233323876826 -0.8468974614524285 -0.8733574129272581 -0.9021520660028077 -0.9151226304512535 -0.9410637593481452
-0.7340535507509498 -0.9558502028193734 -1.0598741296959089 -1.1677892259069782 -1.0450876862246807 -0.8990391305351808 -0.7662205505830955 -0.6787989462005708 -0.6954012686945814 -0.5563568178072422 -0.45570523768730253 -0.4191282459426853 -0.40356356860455045 -0.1319599490540948 -0.04998598173991731 -0.10913175562483013 -0.21211803734549006 -0.03883129631425386 0.026540348505913025 0.1134431303104999 0.16869773486087913 0.2921775084100835 0.5134553379005693 0.7067167481824117 0.6862232563538675 0.579345805298674 0.3928290885300232 0.2273246861678544 0.09009611430329767 -0.03494012697972004 -0.1978504164521997 -0.4391029151932919 -0.6863218735806693 -0.8419686469620191 -0.9558502028193734 -1.0261506621299499 -1.0645435328973494 -1.0772546860568264 -1.0793299763685775 -1.1130534439345368 -1.1345845809189568 -1.1330281131851434 -1.1519651372798743
-0.5524656484727084 -0.7527311635567118 -0.8186216309548167 -0.9166790981850671 -0.8225128002893505 -0.8030569536166816 -0.7322376717281676 -0.8009816633049303 -0.8274416147797599 -0.7047400750974624 -0.5392356727352936 -0.45518641510936475 -0.4152370766081517 -0.4058982702052707 -0.38592360095466405 -0.39526240735754503 -0.39085241544507343 -0.11094763464761259 -0.24869502909010732 -0.11483880398214641 0.1194095899567853 0.287508105208643 0.4709118865096671 0.7770172074929884 0.8239706507963622 0.731620231923428 0.5033382976307816 0.12926721893760407 -0.1062782314461721 -0.2453226823335113 -0.4401405603491675 -0.6780207123336639 -0.941582581926083 -1.0886687827714585 -1.2012532821839683 -1.2591019996240367 -1.2881560639885554 -1.326808346044924 -1.3019048623039078 -1.3301806928015198 -1.3522306523638776 -1.3587159345881006 -1.3400383217823386
-0.23935622268722634 -0.4837216568959455 -0.6466319463684251 -0.746245881332489 -0.7867140424116399 -0.767777018316909 -0.7828228730771061 -0.8484539291862421 -0.9576660818421558 -0.9148632191622846 -0.7488399942221782 -0.6437784221897669 -0.6079796643120565 -0.566214446788061 -0.5996785030650511 -0.6090173094679321 -0.5177045357508736 -0.27307969025318535 -0.4308017539462865 -0.2144527389462103 0.020314477570658962 0.256119339243404 0.3915320320851783 0.6999720546692201 0.8011424573670975 0.7082732159162255 0.3884190966175516 -0.021710151242305464 -0.2844937869678177 -0.5148510115722156 -0.7101877121658096 -0.9421014045040209 -1.2012532821839683 -1.3467830152955305 -1.4611833937308227 -1.518772699881922 -1.5255173933951138 -1.5636508528735447 -1.54082265944428 -1.5353750223759328 -1.5569061593603528 -1.543676183622938 -1.5148815305473884
-0.09486413473153976 -0.34649308503138876 -0.7906052117461737 -0.7628482038264996 -0.8121363487305937 -0.7815258166322616 -0.7931993246358628 -0.8601274371898433 -1.1081246294441274 -1.065581178053225 -0.9454737512606167 -0.8463786388744907 -0.8982608966682739 -0.736907074929608 -0.7574005667581523 -0.6481884141022385 -0.5646579790542474 -0.4920228181429509 -0.5270433421537546 -0.3013555207507972 0.051443832246929055 0.29477162129977286 0.40761553200125134 0.5614464263598187 0.6527592000768774 0.4576819107722523 0.13886543662945394 -0.27411733540906114 -0.5457209549595166 -0.7820446392101994 -0.9895736703853326 -1.2214873627235439 -1.457292224396289 -1.59348315110497 -1.7076241182512932 -1.7716987066266157 -1.7784434001398075 -1.7901169081434087 -1.7727363517824912 -1.7633975453796102 -1.7369375939047809 -1.720854093988708 -1.6925782634910962
-0.17346575528912145 -0.38540477837672626 -0.8956667837785848 -0.7854169859667954 -0.7644046715603132 -0.733534728173012 -0.7252335669260068 -0.8279604373576976 -1.0871123150376452 -0.979197218826576 -0.8590897920339675 -0.9753060494920421 -1.1301745890064852 -0.9498837431730883 -0.6743889542880992 -0.5651768016321852 -0.488391060097386 -0.5270433421537546 -0.4953951648995467 -0.23105506144022092 0.12278193671338089 0.36740678221106915 0.5085265234101599 0.5422499909761189 0.4260337335180444 0.23069703292445043 -0.21834390828074413 -0.6455943012125493 -0.9133067514284712 -1.1275804761167962 -1.3356283298698672 -1.4954256838747195 -1.7091805859851068 -1.839145641758534 -1.9167096171602398 -1.9807842055355622 -2.0235870682154333 -2.025143535949247 -1.996867705451635 -1.956140133083515 -1.9299395928976546 -1.894659657597882 -1.8718314641686173
-0.46711933440193487 -0.5752938419019731 -0.7239365104811621 -0.6990330267401461 -0.6847654058468557 -0.6282137448516321 -0.6123896562245281 -0.6886565751813896 -0.8873656225315796 -0.7112253573216853 -0.6954012686945814 -0.929390251344544 -1.1926927096479942 -0.8806209290183877 -0.5330098018000398 -0.33430075444984975 -0.1799510375133444 -0.3218490125793416 -0.24687915006732486 0.0013774534759281032 0.19256357344601938 0.3749297095911679 0.5842746197890833 0.48958949931542906 0.3098174760599699 -0.11639527171595998 -0.6411843093000777 -1.1070869842882516 -1.3517118297859398 -1.5563873367824148 -1.7096994085630446 -1.848225036872446 -1.975336568467215 -2.0793604953437503 -2.1442133175859794 -2.185719123821006 -2.228781397789846 -2.254981937975707 -2.2088067285392396 -2.158999761057208 -2.105561035529611 -2.0601640599600506 -2.037335866530786
-0.8956667837785848 -0.8009816633049303 -0.7755593569859764 -0.7252335669260068 -0.6427407770338913 -0.5592103419859002 -0.5164074793060289 -0.569067970966719 -0.7379447200854836 -0.5913773418180459 -0.6139461239583417 -0.8282198486466665 -0.8479351066083043 -0.46270934248946327 -0.40849238309495983 -0.326777827069751 -0.16438636017520936 -0.22586683566084265 -0.053877151074451124 0.12096605769059865 0.25897286342206227 0.28647046005276744 0.5056729992315017 0.2581946295551556 -0.0626971348993941 -0.5330098018000398 -1.0759576296119817 -1.5358938449538706 -1.7989368919683517 -1.9763742136230906 -2.118272188689088 -2.222814938143561 -2.297525389366609 -2.350704703605237 -2.4054404855776785 -2.4414986547443576 -2.4464274692347674 -2.4578415659493995 -2.4020681388210825 -2.3584870422743043 -2.304788905457739 -2.237860792903758 -2.2038779140488303
-0.9957995413205866 -0.7654423167161888 -0.718488873412815 -0.6466319463684251 -0.6261384545398807 -0.603310261110616 -0.5612856322976516 -0.5044745600134588 -0.6282137448516321 -0.4175717782088719 -0.25206737584670313 -0.314585496488212 -0.6536360511705859 -0.4972110439223292 -0.5304156889103504 -0.4131617862964003 -0.107056465313079 0.11214607386565545 0.34172506460314667 0.3884190966175516 0.1785553638416979 -0.16438636017520936 -0.18565808587066046 -0.2751549805649367 -0.6188749384487511 -1.1169446132690706 -1.6438089411649397 -2.047971729378512 -2.2876677603857902 -2.410369300068088 -2.486895630313918 -2.5543425654458365 -2.6417641698283614 -2.6622576616569056 -2.6944246614890512 -2.708173459804404 -2.700391121135336 -2.7037634678919322 -2.6383918230717653 -2.5787272266089145 -2.514393226944623 -2.440720420877451 -2.3644535019205897
-0.8396339453612989 -0.5026586809906763 -0.44947936675204847 -0.5485744791381746 -0.5210768825074694 -0.4650440440901835 -0.40797356051702205 -0.42068471367649884 -0.32937193995944036 -0.023266618976118814 0.18140888802035615 0.051184420957960164 -0.5651768016321852 -0.9060432353373414 -0.7605135022257794 -0.3752877381069384 0.020314477570658962 0.22395233941125836 0.5285011926607663 0.5368023539077718 -0.03001131248931066 -0.767777018316909 -1.3659794506792302 -1.2648090479813527 -1.4962039177416264 -1.8409615207813164 -2.273140728203531 -2.5437067025981106 -2.688717613131735 -2.817126201171349 -2.87912549923492 -2.9172589587133504 -2.9538359504579677 -2.9854841277121755 -2.9987141034495903 -2.979777079354859 -2.951760660146216 -2.9107736764891277 -2.860188475140189 -2.7922227174303327 -2.717512266207285 -2.642801814984237 -2.5763925250081945
-0.8899597354212687 -0.6084984868899943 -0.32055195613449716 -0.11483880398214641 -0.07255476388021309 -0.25206737584670313 -0.38592360095466405 -0.2761926257208125 -0.09590177988741555 0.08905846914742188 -0.19551571485147945 -0.06114066716558075 -0.47619872951584696 -0.8894409128433309 -0.7794505263205103 -0.2614061822495841 -0.003032538436543497 0.17362654935128852 0.4314813705863916 0.18971004926736157 -0.42509470558897045 -1.3428918459609966 -1.9714453991326812 -2.015285906968428 -2.2160702446303695 -2.50557324311968 -2.807787394768468 -3.021801708167824 -3.1525449978081577 -3.2116907716930707 -3.242820126369341 -3.2438577715252164 -3.265907731087574 -3.2825100535815848 -3.265907731087574 -3.2295901506319256 -3.186268465374117 -3.129197981800955 -3.0718680869388244 -3.0080529098524713 -2.9294512892948896 -2.8277620640190744 -2.795076241608991
-0.9332814206790777 -0.7911240343241115 -0.3262590044918132 0.2532658150647462 0.21902352492084898 -0.05932478814279829 -0.08085592512721829 0.04028914682126561 0.0628579289615614 -0.007442530349015097 -0.38099478646425466 -0.16127342470758244 -0.5003239793899561 -0.8136928164644073 -0.6199125836046266 -0.29020083532513397 -0.2575150129150505 -0.03545894955765805 0.2794663552506065 -0.1589387231068622 -1.068953524809821 -1.9522489637489815 -2.4547286304817724 -2.6754876373943204 -2.925560119960356 -3.1183027076642604 -3.348919343557627 -3.4132533432219185 -3.5017125927603194 -3.5528166166871955 -3.558783076333481 -3.561117777934201 -3.558783076333481 -3.5598207214893565 -3.5079384636955733 -3.443604464031282 -3.3761575288993635 -3.3203841017710465 -3.2583848037074756 -3.2033896104460653 -3.135423852736209 -3.047483425775747 -3.0295840468368915
-0.892294437021989 -0.6907318654931409 -0.3537566011225184 0.19515768633570874 0.007084501833244383 -0.0930482557087573 0.08049789661144757 0.1536518801006821 0.17803654126376012 0.09009611430329767 -0.205892166410236 -0.24765738393423153 -0.5752938419019731 -0.8030569536166816 -0.4352117458587581 -0.11198527980348838 -0.37217480263931146 -0.2746361579869989 -0.2022604083646713 -1.066100000631163 -1.9683324636650543 -2.5289202591268825 -2.9761453213092945 -3.347362875823814 -3.5626742456680143 -3.733107462520593 -3.7683873978203652 -3.8298678733059983 -3.8088555588995163 -3.844394905488258 -3.828311405572185 -3.831683752328781 -3.827792582994247 -3.7852491316033445 -3.7336262850985307 -3.6521711403622907 -3.536733116771123 -3.4817379235097126 -3.424408028647582 -3.3699316579641097 -3.324534682394549 -3.2599412714412894 -3.253715400506035
-0.7008489057629286 -0.40693591536114626 -0.06892300583464817 -0.2014821744977644 -0.39033359286713565 -0.2193815534366197 0.03639797748673179 0.08672376754670164 0.17751771868582233 0.08905846914742188 -0.15167520701573256 -0.30732198039708236 -0.569067970966719 -0.6139461239583417 -0.2453226823335113 0.07115909020856659 -0.13585111838862862 -0.7267900346598202 -1.5216262240605802 -2.3610811551639936 -2.74734456443871 -3.3087105937674455 -3.583167737496559 -3.9572388161897365 -4.118852049217372 -4.148165524870858 -4.1829266375926935 -4.142199065224574 -4.105103250902019 -4.1084755976586145 -4.051923936663391 -4.055296283419986 -4.033765146435567 -3.9914811063336333 -3.9162518325326476 -3.8298678733059983 -3.7115763255361727 -3.6301211807999327 -3.5730506972267713 -3.5255784313454592 -3.477327931597241 -3.453202681723132 -3.4646167784377644
-0.46296875377843216 -0.2188627308586819 -0.38099478646425466 -0.5669926806549677 -0.4445505522616391 -0.2507703194018587 -0.140779932879038 -0.14337404576872714 -0.03883129631425386 0.05403794513661819 -0.22923918241743846 -0.26866969834071375 -0.4572617054211161 -0.5304156889103504 -0.3843671332208505 -0.0847470944617521 -0.4650440440901835 -1.6355077799179345 -2.9390495069867395 -3.4358221253622148 -3.7774667929342773 -3.9543852920110782 -4.19589720204114 -4.4270326605124435 -4.50952545040456 -4.50226193431343 -4.4571243700328385 -4.412765039619154 -4.367368064049593 -4.351803386711458 -4.2827999838457265 -4.244925935656265 -4.2244324438277205 -4.177479000524347 -4.089538573563884 -3.9761758402844674 -3.9035406793731706 -3.807299091165703 -3.7253251238515253 -3.679928148281965 -3.629083535644057 -3.625711188887461 -3.649058204894664
-0.3278154722256268 -0.45881817315492945 -0.5880049950614499 -0.5641391564763096 -0.4108270846956801 -0.20329805352054686 -0.33845133507335223 -0.3713965687724048 -0.1970721825852928 -0.05439597365238891 -0.1329975942099706 -0.13455406194378394 -0.4346929232808203 -0.6339207932089481 -0.49824868907820496 -0.8072075342401843 -1.4085229020701326 -2.9260789425382936 -4.028058098078251 -4.306925233719836 -4.449342031363771 -4.60758291763481 -4.733137981495766 -4.8218566423231355 -4.847278948642089 -4.7546691184801855 -4.711606844511346 -4.669063393120443 -4.620294070794287 -4.57152474846813 -4.515751321339813 -4.447007329763051 -4.379041572053195 -4.326381080392505 -4.272164120998001 -4.138826718467978 -4.088500928408008 -3.983698767664566 -3.895758340704103 -3.8267549378383716 -3.765274462352738 -3.772537978443868 -3.832202574906719
