static/ASC_sea/1979/11/ERA5U/00.asc
ncols         201
nrows         201
xllcorner     105.0
yllcorner     0.0
cellsize      0.25
NODATA_value  -32767
[rows 95 to 113 of 201, columns 0 to 42 of 201]
-0.5231521728192208 -0.6494854705470832 -0.724195921770131 -0.7283465023936337 -0.693585389671799 -0.6326237367641037 -0.8155086954871897 -0.904486767603528 -0.9885360252294569 -0.9083779369380617 -0.6666066156190316 -0.48501871334079016 -1.0134395089704729 -0.8287386712246043 -0.733534728173012 -0.7721870102293806 -0.727827679815696 -0.4103082621177423 0.04184561455507918 -0.46711933440193487 -1.0456065088026185 -0.9947618961647109 -0.6326237367641037 -0.5773691322137244 -0.5138133664163398 -0.4870940036525415 -0.9343190658349534 -1.0920411295280545 -0.684246583268918 0.04962795322414659 0.29036162938730126 0.4509372172590602 0.32071275019666423 0.17362654935128852 -0.1540099086164528 -0.5913773418180459 -0.5171857131729358 -0.0938264895756642 0.07790378372175844 0.19853003309230477 0.18815358153354778 -0.01081487710561091 -0.2359838759306303
-0.49331987458779536 -0.6339207932089481 -0.8243286793121327 -0.9693395898457571 -1.0245941943961363 -1.0230377266623227 -1.1696051049297607 -1.109681097177941 -1.0230377266623227 -1.0484600329812765 -0.9493649205951505 -0.6505231157029587 -0.7740028892521631 -0.9210890900975386 -0.8287386712246043 -0.724195921770131 -0.5989002691981444 -0.3278154722256268 0.2522281699088702 -0.21549038410208587 -0.802019308460806 -0.8889220902653929 -0.7081124218540582 -0.724195921770131 -0.9459925738385546 -0.721342397591473 -0.7589570344919658 -0.7075935992761204 -0.4123835524294934 -0.037793651158378294 -0.1667210617759296 0.2185047023429112 0.3928290885300232 0.3694820725228207 0.06908379989681546 -0.3963000525134206 -0.5021398584127386 -0.27800850474359473 -0.03571836084662694 0.11707488835606483 0.07842260629969644 -0.10757528789101678 -0.06321595747733211
-0.43780585874844724 -0.501102213256863 -0.5957873337305175 -0.786454631122671 -0.9895736703853326 -1.1999562257391236 -1.1983997580053103 -1.2725913866504204 -1.2632525802475394 -1.2840054833650527 -1.19606505640459 -0.9465113964164924 -0.9177167433409427 -1.183872725823051 -0.9270555497438238 -0.4362493910146339 -0.07437064290299533 0.19256357344601938 0.3440597662038667 -0.20485452125436043 -0.6588242769499641 -0.9737495817582287 -1.292306644612058 -1.5011327322320358 -1.5587220383831353 -0.529118632465506 -0.2678914644738071 -0.46452522151224573 -0.5950090998636106 -0.6162808255590619 -0.8136928164644073 -0.34986543178798457 0.12148488026853643 0.2854328148968919 0.13704955760667126 -0.32989076253737815 -0.8297763163804801 -0.6001973256429891 -0.16023577955170687 0.003193332498710566 -0.12028644105049358 -0.2144527389462103 0.19697356535849098
-0.6453348899235805 -0.6577866317940884 -0.4318393991021623 -0.5807414789703202 -0.8972232515123983 -1.168048637195947 -0.9854230897618299 -1.1545592501695634 -1.2515790722439382 -1.3805064828614895 -1.3078713219501932 -1.025631839552012 -0.8131739938864695 -1.10034229077506 -1.025631839552012 -0.49876751165614275 0.11707488835606483 0.43874488667752143 0.11889076737884752 -0.4007100444258922 -0.7657017280051577 -1.357159466854287 -1.804384529036699 -1.7844098597860925 -1.4085229020701326 -0.5304156889103504 -0.6266572771178185 -0.8790644612845742 -0.932243775523202 -0.6681630833528451 -0.4308017539462865 -0.19266219067282142 0.05948558220496536 0.10825490453112163 -0.04453834467157014 -0.47230756018131315 -0.941582581926083 -0.6287325674295698 -0.21652802925796166 -0.0671071268118657 -0.23313035175197228 -0.3438989721416996 0.10955196097596653
-0.7467647039104268 -0.9654484205112234 -0.6858030510027315 -0.37373127037312504 -0.5973438014643309 -1.025113016974074 -0.9000767756910564 -0.969858412423695 -1.0676564683649765 -1.1929521209369631 -1.1750527419981078 -0.935616122279798 -0.6061637852892741 -0.8326298405591381 -0.8585709694560297 -0.569067970966719 0.010456848589840195 -0.04505716724950792 -0.46789756826884155 -0.870244477459631 -0.8282198486466665 -1.326289523466986 -1.6017843123519753 -1.627725441248867 -0.9753060494920421 -0.6520795834367723 -0.8445627598517083 -1.0523512023158104 -1.0118830412366595 -0.2668538193179315 -0.16568341662005404 -0.19006807778313206 0.2605293311558756 0.3386121291355195 0.07634731598794509 -0.5636203338983719 -1.2510602496660002 -0.758438211914028 -0.34675249632035765 -0.05335832849651312 -0.16438636017520936 -0.4562240602652403 -0.2188627308586819
-0.696438913850457 -0.9996907106551203 -0.8204375099775991 -0.5003239793899561 -0.4401405603491675 -0.8404121792282055 -0.8279604373576976 -0.7096688895878718 -0.8048728326394641 -0.8933320821778645 -0.8746544693721026 -0.8448221711406771 -0.513294543838402 -0.6095361320458701 -0.8567550904332473 -0.5828167692820716 -0.5125163099714953 -0.6300296238744143 -0.9670048882450368 -1.3223983541324524 -1.1696051049297607 -0.5669926806549677 -0.7950152036586453 -1.3504147733410954 -0.9488460980172126 -0.5631015113204341 -0.6979953815842705 -0.9078591143601239 -0.8030569536166816 -0.22638565823878043 -0.32548077062490655 -0.6232849303612227 -0.07437064290299533 0.5233129668813881 0.2672740246690677 -0.6608995672617155 -1.4009999746900341 -0.9874983800735813 -0.5049933825913966 -0.18280456169200243 0.14535071885367667 -0.12910642487543678 -0.38203243162013023
-0.761551147381655 -0.9563690253973113 -0.8015004858828683 -0.5490933017161124 -0.48890988267532376 -0.7727058328073184 -0.7970904939703967 -0.6084984868899943 -0.6193937610266889 -0.7075935992761204 -0.8160275180651275 -0.8321110179812004 -0.5457209549595166 -0.5830761805710405 -0.8956667837785848 -1.0422341620460225 -0.9719337027354462 -0.8780268161286986 -1.056761194228282 -1.5330403207752124 -1.401518797267972 -0.7981281391262722 -0.4058982702052707 -1.0479412104033388 -1.016811855727069 -0.49383869716573336 -0.5874861724835121 -0.8043540100615263 -0.699292438029115 -0.3742500929510628 -0.2359838759306303 -0.5109598422376818 -0.39422476220166947 0.20449649273858972 0.06960262247475324 -0.7755593569859764 -1.2842648946540216 -1.2126673788986007 -0.7075935992761204 0.03017210655147795 0.35910562096406373 0.11318371902153102 -0.32055195613449716
-0.8401527679392367 -0.9317249529452643 -0.8308139615363557 -0.591117930529077 -0.529118632465506 -0.7740028892521631 -0.8790644612845742 -0.7130412363444676 -0.7018865509188041 -0.7384635426634214 -0.8484539291862421 -0.9338002432570155 -0.6826901155351044 -0.7911240343241115 -1.1734962742642943 -1.3301806928015198 -1.109681097177941 -0.8863279773757038 -0.8053916552174019 -1.5133250628135748 -1.4777857162248333 -0.8528639210987137 -0.40745473793908404 -0.7859358085447332 -0.7859358085447332 -0.40693591536114626 -0.5708838499895015 -0.8038351874835885 -0.9421014045040209 -0.6261384545398807 0.0750502595431004 0.12433840444719468 -0.10861293304689235 -0.5773691322137244 -0.7501370506670226 -0.9288714287666061 -1.1926927096479942 -1.2349767497499275 -0.7872328649895777 -0.03883129631425386 0.3220098066415087 0.12330075929131867 -0.10031177179988715
-0.6437784221897669 -0.779969348898448 -0.7439111797317688 -0.5874861724835121 -0.5293780437544748 -0.7096688895878718 -0.9314655416562952 -0.8484539291862421 -0.8313327841142935 -0.8816585741742633 -1.0266694847078877 -1.1262834196719516 -0.9200514449416629 -1.0456065088026185 -1.3255112896000794 -1.3034613300377216 -1.0982670004633084 -0.7566223328912456 -0.5573944629631178 -1.2681813947379488 -1.5026891999658494 -0.9254990820100102 -0.37321244779518725 -0.4577805279990539 -0.5856702934607296 -0.32444312546903076 -0.43728703617050946 -0.5387168501573558 -0.6837277606909802 -0.8658344855471594 -0.25595854518123695 0.06415498540640585 -0.12962524745337456 -0.7013677283408664 -1.1475551453674027 -1.280373725319488 -1.2759637334070164 -0.960260194731845 -0.5763314870578486 -0.5070686729031479 -0.2717826338083409 0.04910913064620881 0.17207008161747517
-0.5822979467041338 -0.5563568178072422 -0.47671755209378475 -0.32055195613449716 -0.2409126904210397 -0.4014882782927991 -0.6743889542880992 -0.8479351066083043 -0.9161602756071292 -1.0422341620460225 -1.1677892259069782 -1.267662572160011 -1.1208357826036042 -1.3122813138626646 -1.208257386986129 -1.0954134762846506 -0.9708960575795705 -0.7727058328073184 -0.6061637852892741 -0.9011144208469322 -1.183872725823051 -0.8468974614524285 -0.3799571413083789 -0.49487634232160893 -0.9254990820100102 -0.4219817701213435 -0.1633487150193338 -0.23027682757331425 -0.4876128262304793 -0.8645374291023149 -1.063246476452505 -0.4922822294319198 -0.3882583025553843 -0.7068153654092137 -1.1929521209369631 -1.3460047814286238 -1.1065681617103138 -0.6129084788024659 -0.7096688895878718 -0.8658344855471594 -0.779969348898448 -0.2878661337244137 0.12044723511266087
-0.6798365913564464 -0.5086251406369615 -0.35168131081076703 -0.2414315129989777 -0.1934404245397281 -0.2359838759306303 -0.4196470685206233 -0.5656956242101232 -0.7345723733288878 -0.9548125576634978 -1.1882827177355226 -1.3716864990365465 -1.423049934252392 -1.7120341101637648 -1.3532682975197534 -0.910453227249813 -0.7618105586706239 -0.9304278965004196 -0.8697256548816932 -0.8204375099775991 -0.8243286793121327 -0.7239365104811621 -0.6803554139343841 -0.8523450985207757 -1.025113016974074 -0.7516935184008362 -0.6129084788024659 -0.6046073175554605 -0.6245819868060671 -0.671535430109441 -1.016811855727069 -0.9431390496598965 -0.8585709694560297 -0.9005955982689942 -1.016293033149131 -1.0544264926275617 -0.9127879288505333 -0.7449488248876444 -0.9397667029033007 -1.1475551453674027 -1.1462580889225582 -0.8468974614524285 -0.336116633472632
-0.5739967854571284 -0.43417410070288254 -0.26815087576277596 -0.3093972707088337 -0.4191282459426853 -0.553503293628584 -0.6326237367641037 -0.5330098018000398 -0.45466759253142697 -0.66219662370656 -0.9786783962486381 -1.1872450725796468 -1.1784250887547039 -1.3278459912007996 -1.034451823376955 -0.7203047524355972 -0.6852842284247935 -0.9581849044200936 -0.7228988653252866 -0.7496182280890848 -1.034451823376955 -1.17686862102089 -1.2902313543003068 -1.3488583056072818 -1.2266755885029221 -1.0118830412366595 -0.9454737512606167 -1.02848536373067 -1.0017660009668716 -0.7081124218540582 -0.7483211716442404 -0.8650562516802527 -0.9934648397198663 -1.0061759928793432 -0.9869795574956434 -1.0147365654153173 -1.273629031806296 -1.0982670004633084 -1.1047522826875316 -1.1740150968422323 -1.1662327581731646 -0.9781595736707003 -0.7545470425794942
-0.4876128262304793 -0.4258729394558771 -0.32599959320284433 -0.4123835524294934 -0.6505231157029587 -0.7794505263205103 -0.7716681876514428 -0.5789255999475378 -0.5944902772856728 -0.7073341879871515 -0.9050055901814658 -0.8585709694560297 -0.8780268161286986 -1.1047522826875316 -1.3255112896000794 -1.059355307117971 -0.8380774776274853 -0.8741356467941648 -0.7135600589224056 -1.0544264926275617 -1.5050239015665694 -1.7429040535510658 -1.754577561554667 -1.5509396997140676 -1.4347234422559931 -1.0544264926275617 -0.8258851470459463 -0.9278337836107304 -1.0642841216083805 -0.932243775523202 -0.9996907106551203 -0.9065620579152793 -1.0357488798217998 -1.0681752909429143 -1.037305347555613 -1.0261506621299499 -1.4201964100737339 -1.3273271686228618 -1.0461253313805563 -1.0147365654153173 -0.8131739938864695 -0.513294543838402 -0.708631244431996
-0.38644242353260183 -0.46011522959977413 -0.45959640702183635 -0.5758126644799109 -0.7765970021418522 -0.8092828245519357 -0.8946291386227092 -0.8053916552174019 -0.8917756144440512 -0.991389549408115 -0.9050055901814658 -0.77711582471979 -0.8204375099775991 -1.1447016211887446 -1.4059287891804435 -1.3971088053555003 -1.1973621128494347 -1.0577988393841575 -1.0025442348337785 -1.189579774180367 -1.4661122082212321 -1.7320087794143713 -1.7003606021601636 -1.4956850951636884 -1.4821957081373047 -1.1257645970940136 -0.90163324342487 -1.025113016974074 -1.1716803952415118 -1.1135722665124748 -1.220968540145606 -1.1192793148697908 -1.0642841216083805 -1.0894470166383654 -1.1169446132690706 -1.220968540145606 -1.5823284656793066 -1.3498959507631576 -0.9869795574956434 -0.8658344855471594 -0.7073341879871515 -0.7898269778792668 -1.0085106944800635
-0.32937193995944036 -0.45570523768730253 -0.6461131237904871 -0.7407982442641416 -0.7228988653252866 -0.8059104777953396 -0.9548125576634978 -0.9934648397198663 -1.0510541458709657 -1.140291629276273 -1.193470943514901 -1.0523512023158104 -1.0684347022318832 -1.267403160871042 -1.4993168532092533 -1.5083962483231654 -1.3255112896000794 -1.2842648946540216 -1.2510602496660002 -1.183872725823051 -1.1750527419981078 -1.3836194183291166 -1.4866057000497763 -1.4484722405713457 -1.5260362159730518 -1.215002080499321 -0.7810069940543238 -0.8596086146119055 -1.1906174193362427 -1.1148693229573192 -1.2653278705592907 -1.2609178786468191 -1.2277132336587977 -0.9919083719860529 -1.1511869034129676 -1.7483516906194132 -1.7379752390606564 -1.481676885559367 -1.1807597903554239 -1.5055427241445074 -2.0861051888569424 -2.566016073449438 -2.859669652562251
-0.326777827069751 -0.4959139874774847 -0.6959200912725192 -0.8331486631370759 -0.7965716713924587 -0.8033163649056505 -0.9514402109069019 -1.10267699237578 -1.1633792339945066 -1.2326420481492073 -1.2795954914525811 -1.2847837172319596 -1.2009938708949994 -1.2502820157990935 -1.3172101283530742 -1.4004811521120963 -1.2658466931372285 -1.3161724831971984 -1.254692007711565 -1.0417153394680847 -0.8528639210987137 -1.0178495008829445 -1.1262834196719516 -1.2580643544681611 -1.5924455059490943 -1.2243408869022019 -0.684246583268918 -0.6876189300255138 -1.1888015403134604 -1.1877638951575848 -1.2980136929693742 -1.2961978139465917 -1.1594880646599728 -1.106049339132376 -1.388288821530557 -2.146807430475669 -1.984156552292158 -1.8049033516146369 -2.6433206375621747 -3.2340001425443976 -3.954904114589016 -4.693188642994553 -5.077376761957518
-0.31717960937790113 -0.5631015113204341 -0.7496182280890848 -0.9400261141922696 -1.0671376457870387 -1.029004186308608 -0.9986530654992446 -1.1519651372798743 -1.264290225403415 -1.2764825559849542 -1.2624743463806327 -1.1408104518542108 -1.0489788555592146 -0.8785456387066364 -0.9060432353373414 -1.1159069681131948 -1.1130534439345368 -1.165195113017289 -1.2336796933050829 -1.0201842024836647 -0.7965716713924587 -0.88243680804117 -0.8142116390423451 -1.0217406702174783 -1.423049934252392 -1.4417275470581539 -0.913825574006409 -0.7535093974236187 -1.2917878220341201 -1.3550841765425359 -1.3620882813446964 -1.3543059426756292 -1.7296740778136512 -1.7286364326577754 -2.204915559204706 -2.784440378761265 -2.7364492903020157 -3.3512540451583477 -4.191227798839699 -4.732619158917828 -5.371289752359299 -6.119950732323592 -6.483126536880076
-0.348827786632109 -0.6583054543720264 -0.8873656225315796 -1.009548339635939 -1.2388679190844614 -1.3296618702235818 -1.2785578462967053 -1.242499677130026 -1.3034613300377216 -1.2653278705592907 -1.0406776943122091 -0.8557174452773717 -0.6583054543720264 -0.44947936675204847 -0.510441019659744 -0.8624621387905635 -1.0007283558109958 -1.0642841216083805 -1.1900985967583049 -1.2629931689585705 -1.1275804761167962 -0.9226455578313522 -0.6886565751813896 -0.9182355659188806 -1.3306995153794576 -1.4209746439406405 -1.3063148542163794 -1.1081246294441274 -1.59348315110497 -1.773255174360429 -1.7628787228016725 -2.1237198257574352 -2.580283694342728 -3.163699683233821 -3.8293490507280605 -4.196416024619078 -4.534947756723513 -5.089050269961119 -5.491916001729846 -5.898672902833107 -6.408934908234966 -7.0001332357951265 -7.3093514922460745
-0.1934404245397281 -0.6046073175554605 -0.904486767603528 -0.8907379692881754 -1.1042334601095938 -1.363904160367479 -1.4674092646660766 -1.3722053216144843 -1.2697378624717623 -1.2720725640724826 -0.8126551713085315 -0.4058982702052707 -0.37269362521724925 -0.7112253573216853 -0.892294437021989 -1.025113016974074 -1.140291629276273 -1.1579315969261592 -1.366498273257168 -1.4827145307152427 -1.3117624912847268 -1.1114969762007232 -0.9239426142761967 -0.8634997839464391 -1.3151348380413226 -2.003093576386889 -2.150179777232265 -2.009060036033174 -2.37872112281388 -2.7896286045406438 -3.3424340613334045 -3.933891800182534 -4.3082222901646805 -4.671138683432194 -4.939110544937085 -5.218496503156608 -5.679470363654373 -6.04653733754539 -6.368466747155814 -6.7189313985528205 -7.220373420129736 -7.531407555603467 -7.727263078774999
