static/ASC_sea/1979/11/ERA5U/00.asc
ncols         201
nrows         201
xllcorner     105.0
yllcorner     0.0
cellsize      0.25
NODATA_value  -32767
[rows 38 to 56 of 201, columns 86 to 128 of 201]
0.13445544471698234 0.11655606577812705 0.9025722713539439 1.2605598501310484 1.0774154801189937 1.172100600592648 1.0717084317616772 1.1471971168516322 0.7116455626728215 0.9762450774211162 1.1575735684103887 0.8659952796093267 0.6810350305744892 0.47921304775667206 0.44600840276865084 0.3910132095072405 0.3342021372230479 0.32927332273263854 0.38063675794848395 0.4709118865096671 0.5949104826368088 0.6657297645253233 0.790766005808341 0.9567892307484476 1.1433059475170984 1.395194309105916 1.6149156708625885 1.7972818070077365 1.9329539111384797 2.0336054912584194 2.130106490754856 2.2234945547836666 2.311434981744129 2.3685054653172903 2.446069440718997 2.4616341180571313 2.4803117308628932 2.459818239034349 2.4489229648976547 2.4797929082849555 2.518445190341324 2.5633233433329465 2.643740842913311
0.28154164556235806 0.3518421048729343 1.3036221240998884 1.3069944708564845 1.0304620368156194 0.6561315468334734 0.8807817230805548 0.9889562305805928 0.9676845048851419 1.3202244465938993 1.5012935262942029 1.3031033015219506 0.9759856661321473 0.768716046245983 0.6125504502866952 0.48076951549048585 0.42499608836216884 0.38115558052642173 0.41202552391372294 0.4867359751367708 0.5028194750528434 0.5461411603106527 0.6423827485181208 0.7946571751428744 0.9938850450710026 1.2379910679907526 1.4001231235963254 1.5809327920076601 1.7199772428949993 1.8195911778590634 1.9176486450893138 2.008183184939466 2.071479539447881 2.1288094343100115 2.199888127487495 2.210783401624189 2.2292016031409823 2.267335062619413 2.276155046444356 2.30884086885444 2.355275489579876 2.4100112715523174 2.4816087873077377
0.3611809112758153 0.9152834245134209 1.8478670083566753 1.7342448637882897 1.411537220310958 1.06626079469333 1.5363140503050068 1.8040265005209286 1.8372311455089498 1.9147951209106555 1.839047024531732 1.6385220981587598 1.261597495286924 0.9749480209762713 0.7863560138958694 0.6776626838178932 0.5847934423670211 0.5202000314137609 0.4825853945132681 0.46312954784059945 0.451456039836998 0.4563848543274074 0.545622337732715 0.6932273611560285 0.8766311424570521 1.0530308189559152 1.1951882053108815 1.3225591481946197 1.4533024378349535 1.538389340616758 1.612580969261868 1.6854755414621336 1.7482530733926112 1.8201100004370012 1.910385128998184 1.9396986046516718 1.9827608786205118 2.0369778380150154 2.0891195070977675 2.136591772979079 2.168758772811225 2.243469224034273 2.334263175173394
0.8255271185301756 1.5578451872894266 2.0945671441661147 2.1238806198196025 2.462152940635069 3.0006907765345394 3.4738569676138438 3.3929206454555416 3.069175356822334 2.7161165925356388 2.3988565861266533 2.0758895313603527 1.7238684122295331 1.3152956321034899 1.090645455856408 0.9103546100230111 0.7614525301548531 0.6735121031943905 0.6096969261080374 0.5448441038658083 0.49918771700727893 0.4831042170912059 0.5368023539077718 0.6361568775828665 0.7585990059761953 0.8841540698371508 1.010487367565013 1.1116577702628905 1.1995981972233531 1.270676890400836 1.3246344385063709 1.383520801102315 1.42061661542487 1.47094240548484 1.532422880970473 1.6130997918398058 1.6966302268877969 1.7824953635365084 1.8675822663183128 1.950853290077335 2.0237478622776006 2.075111297493446 2.148784103560618
1.268342188800116 1.928543919226008 2.4193500779551984 2.590042706096745 3.936387295845422 4.840695049191064 5.133570394436971 4.606187243963164 4.189832125168053 3.7786652321523206 3.2287132995382173 2.8307763822598995 2.40456363448397 1.9220586370017854 1.5612175340460226 1.2992121321874168 1.0929801574571285 0.9759856661321473 0.8294182878647094 0.7082732159162255 0.638491579183587 0.6159227970432912 0.6678050548370744 0.7557454817975371 0.8138536105265746 0.8714429166776738 0.9295510454067113 0.9611992226609187 1.0187885288120184 1.060294335047045 1.0828631171873409 1.103356609015885 1.1658747296573941 1.2478486969715714 1.3407179384224435 1.4348842363181604 1.5124482117198665 1.5775604452510645 1.6130997918398058 1.699483751066455 1.792871815095265 1.885481645257168 1.9435897739862056
1.142008891072254 1.7155672509825277 2.1936622565522406 2.578888020671082 3.6863148132793864 4.613969582632231 5.235519031001755 5.165737394269116 4.819163912206644 4.466623970497887 3.9415755216247996 3.503170443267331 3.0442718730813176 2.573959206180672 2.1726499421457586 1.7879430006048556 1.5114105665639905 1.2955803741418523 1.0901266332784703 0.9534168839918515 0.8670329247652022 0.7811677881164911 0.7894689493634961 0.7995859896332842 0.8244894733743 0.8864887714378709 0.9279945776728975 0.9451157227448461 0.9573080533263854 0.9368145614978407 0.9279945776728975 0.9440780775889706 1.0143785368995468 1.106728955772481 1.240585180880442 1.3015468337881373 1.3728849382545891 1.4367001153409427 1.491435897313384 1.5319040583925352 1.5726316307606552 1.653049130341019 1.7376172105448857
0.7889501267855583 1.2351375438120948 1.4968835343817313 1.8572058147595563 2.504177569448034 3.18980160619288 3.9540272634953073 4.212141496019379 4.3532612372184705 4.098519351450994 4.074134690287916 3.813166933585186 3.3856571293644118 3.0398618811688465 2.6956231007070945 2.3093596914323777 1.9435897739862056 1.6385220981587598 1.4006419461742632 1.175472947349244 1.0403196657964386 0.9484880695014422 0.9036099165098195 0.904647561665695 0.9051663842436328 0.9313669244294935 0.964052746839577 0.9261786986501153 0.8968652229966279 0.8704052715217983 0.8416106184462486 0.9007563923311612 0.9557515855925716 1.0335749722832466 1.1599082700111087 1.2379910679907526 1.2948021402749457 1.345127930334915 1.352391446426045 1.3983072445735432 1.448892445922482 1.513485856875742 1.5993509935244532
0.8190418363059528 0.837200626533777 1.075599601096211 1.4403318733865076 1.5041470504728611 2.192105788818427 2.45488942454394 2.5189640129192616 2.8092452452754797 3.621980813615095 3.9880101423502357 3.800974603003647 3.6629677972721835 3.372945976204935 3.0492006875717275 2.734275382763463 2.37810368300914 2.0055890720497764 1.733726041210352 1.5075193972294567 1.2922080273852563 1.1544606329427616 1.097908971947538 0.9959603353827537 0.9596427549271054 0.9788391903108051 0.9632745129726703 0.9212498841597059 0.9075010858443533 0.8797440779246792 0.8532841264498496 0.9090575535781666 0.9544545291477271 1.032537327127371 1.14771593942957 1.2086775923372652 1.268342188800116 1.3376050029548168 1.326450317529153 1.3635461318517081 1.3700314140759313 1.392859607505196 1.4896200182906019
0.9196934164258921 0.9388898518095923 0.9982950369834738 1.283388043560313 1.3204838578828682 1.5189334939440893 1.7892400570497 1.9596732739022782 2.5936744641423104 3.408485322793677 3.9353496506895453 3.970629585989318 3.83132572381301 3.6536289908693025 3.359197177889582 3.043234227925442 2.7394636085428408 2.3586478363364716 2.0828936361625137 1.826335871372255 1.603242162858987 1.4553777281467046 1.3308603094416247 1.2283928502989028 1.1422683023612228 1.062888447936734 1.0470643593096303 0.9567892307484476 0.9300698679846491 0.9020534487760061 0.9357769163419651 0.9910315208923444 1.0374661416177804 1.1090636573732011 1.22190756807468 1.2693798339559916 1.3181491562821481 1.3845584462581906 1.335789123932034 1.2960991967197901 1.3025844789440129 1.3005091886322617 1.4177630912462118
0.8493929571153158 0.9510821823911311 1.0408384883743764 1.157054745832451 1.1671717861022386 1.358098494783361 1.6735426221695633 2.1477464584047423 2.79964702758363 3.2025127593523566 3.707845950263806 4.017842440581661 4.001758940665589 3.845593344706301 3.6121231846342763 3.3519336617984523 3.075401227757588 2.7145601248018254 2.423241247289732 2.155009974495872 1.9280250966480703 1.7669306861983731 1.6097274450832102 1.4948082440699801 1.3791108091898434 1.270676890400836 1.169765898991928 1.0768966575410555 1.0330561497053088 1.0343532061501532 1.0564031657125112 1.1088042460842322 1.1505694636082278 1.212568761671799 1.2971368418756657 1.355763793182641 1.3791108091898434 1.407905462265393 1.324115615928433 1.3098479950351427 1.2916892048073185 1.2955803741418523 1.3625084866958326
0.5681911198730107 0.7502978447291899 0.8807817230805548 1.0468049480206614 1.0966119155026934 1.082344294609403 1.3119232853468938 1.842938193866266 2.289903844759709 2.6126114882370413 3.2326044688727515 3.6863148132793864 3.842999231816611 3.919266150773473 3.797083433669113 3.5555715236390517 3.3449295569962922 3.0580206713966707 2.754768874592007 2.473826448638671 2.245803925634993 2.0553960395318085 1.8631722744058412 1.746437194369829 1.606614509615583 1.4769088651311248 1.3619896641178948 1.2634133743097067 1.218535221318084 1.197522906911602 1.2019328988240732 1.227874027720965 1.2634133743097067 1.305956825700609 1.3534290915819205 1.4226919057366212 1.4608253652150518 1.4719800506407155 1.3972695994176676 1.4110183977330202 1.3913031397713822 1.383520801102315 1.352391446426045
0.4685771849089466 0.48414186224708144 0.6540562565217218 0.9689815613299864 1.1365612540039063 1.1394147781825645 0.9759856661321473 1.4553777281467046 2.058508974999435 2.515851077451635 2.975787292793524 3.3049802184950785 3.5721738461330625 3.6878712810131997 3.8284721996343523 3.6751601278537223 3.4935722255754813 3.3508960166425767 3.0587989052635773 2.7638482697059192 2.54334867408234 2.359685481492347 2.1747252324575097 2.0457978218399586 1.8997492661504585 1.7459183717918911 1.610246267661148 1.467051236150306 1.4143907444896158 1.3972695994176676 1.3713284705207758 1.3874119704368488 1.4260642524932172 1.4530430265459846 1.4737959296634977 1.5145235020316177 1.5129670342978043 1.513485856875742 1.5612175340460226 1.5261970100352187 1.4979211795376068 1.402198413908077 1.3440902851790395
0.610734571263913 0.5061918218094394 0.507229466965315 0.8128159653706986 0.9762450774211162 1.0213826417017073 0.9318857470074313 1.411537220310958 1.8683605001852195 2.22245690962779 2.265000361018693 2.7117066006231667 3.1119782195022054 3.3835818390526606 3.5418227253236996 3.541303902745762 3.5350780318105075 3.471003443435185 3.34544837957423 3.0881123809170647 2.8517886966663815 2.6517825928713474 2.490428771132681 2.3010585301853723 2.106759474747654 1.9425521288303296 1.8307458632847267 1.7225713557846887 1.6701702754129677 1.6320368159345366 1.5793763242738468 1.5461716792858256 1.5236028971455298 1.5251593648793431 1.5726316307606552 1.58819630809879 1.5910498322774482 1.5954598241899194 1.6486391384285475 1.5526569615100483 1.457712429747425 1.3235967933504953 1.0735243107844599
0.8763717311680832 0.6203327889557628 0.5173465072351031 0.7663813446452625 0.9030910939318817 0.9845462386681216 1.0740431333623977 1.2914297935183496 1.4260642524932172 1.681324960838631 2.2722638771098227 2.9514026316304456 3.2424620978535703 3.299532581426732 3.2956414120921975 3.4554387660970507 3.4764510805035327 3.4367611532912887 3.452066419340454 3.324436065167747 3.1493334451137294 2.9635949622119844 2.7731870761088 2.5373822144360547 2.3425643364203985 2.1747252324575097 2.0089614188063725 1.9373639030509513 1.854352290580898 1.7770477264681612 1.7282784041420047 1.7316507508986008 1.7264625251192225 1.7199772428949993 1.7155672509825277 1.6258109449992828 1.594162767745075 1.573150453338593 1.5422805099512917 1.4631600668157723 1.2849445112941265 1.0486208270434436 0.7606742962879465
0.6906332482663391 0.5067106443873772 0.45923837850606564 0.6823320870193337 0.8392759168455282 0.9661280371513286 1.2289116728768406 1.2854633338720642 1.3287850191298736 1.5407240422174784 2.2629250707069417 2.5954903431650926 2.9236456237107715 3.146220509646102 3.4377987984471643 3.482676951438787 3.4977228061989836 3.4909781126857915 3.5306680398980363 3.417305306618619 3.3166537264986804 3.173718106276807 3.01262369582711 2.804057019496101 2.6232473510847667 2.4567053035667223 2.2629250707069417 2.2102645790462514 2.1101318215042495 2.0183002252092535 1.9806855883087606 1.855649347025743 1.8201100004370012 1.7830141861144462 1.7630395168638398 1.6491579610064853 1.58819630809879 1.5446152115520118 1.3996043010183876 1.2561498582185768 1.0706707866058016 0.964052746839577 1.0094497224091374
0.4288872576967022 0.32071275019666423 0.5329111845732379 0.6208516115337006 0.7790924978047395 1.0052991417856347 1.3689937689200558 1.4924735424692597 1.4940300102030735 1.7015590413782062 2.1477464584047423 2.4681194002813545 2.985126099196405 3.678013652032381 3.8601203768885597 3.6673777891846546 3.566726209064716 3.573989725155845 3.5091369029136157 3.4681499192565273 3.3742430326497797 3.3005702265826073 3.194211598105351 3.0300042521880277 2.901076841570476 2.7425765440104684 2.576034496492424 2.431801819825706 2.3026149979191857 2.1422988213363956 2.1033871279910583 1.9837985237763873 1.937882725628889 1.910385128998184 1.8133653069238096 1.6574591222534907 1.5612175340460226 1.4149095670675536 1.2639321968876445 1.0270896900590238 0.8128159653706986 0.7215031916536403 0.9720944967976135
0.24626171026258525 0.2869892826307052 0.4646860155744128 0.5858310875228967 0.8182636024390462 1.0675578511381745 1.5223058407006853 1.578857501695909 1.584823961342194 1.7355419202331346 2.2351680627872677 2.588226827073963 3.4025188631473915 4.105782867542124 4.104226399808311 3.864011546223094 3.7439041194304856 3.597077329874079 3.452325830629423 3.4671122741006517 3.3903265325658527 3.303942573339203 3.2790390895981876 3.164379299873926 3.04141834890266 2.931946784957777 2.7718900196639558 2.6271385204193 2.4582617713005357 2.30391205436403 2.1614952567200953 2.0221913945437873 1.9640832658147498 1.8719922582307844 1.7674495087763114 1.6896261220856363 1.6063550983266142 1.4621224216598967 1.296618019297728 0.6735121031943905 0.4576819107722523 0.451456039836998 0.7513354898850655
0.17596125095200899 0.2140947104304396 0.21305706527456403 0.5183841523909787 0.753670191485786 1.1759917699271818 1.6146562595736196 1.572112808182717 1.413871921911678 1.563811646935712 2.2307580708747956 2.6756484314564872 3.494350459442388 4.274140794082951 4.288927237554179 4.016026561558879 3.782556401486854 3.6346919667745716 3.473338145035906 3.4793046046821905 3.4022594518584226 3.319507250677338 3.3239172425898094 3.2030315819302944 3.131174654885905 3.02222191351896 2.8870686319661543 2.7443924230332506 2.573959206180672 2.3314096509947353 2.143336466492271 2.0016979027152426 1.9181674676672515 1.8260764600832862 1.7957253392739232 1.7952065166959854 1.7121949042259321 1.572112808182717 1.3900060833265377 0.6096969261080374 0.11992841253472308 0.11214607386565545 0.6771438612399554
0.2672740246690677 0.1092925496869972 0.05248147740280462 0.3917914433741472 0.7414778609042467 1.1648370845015181 1.5964974693457954 1.3414961722893506 1.1829958747293423 1.298693309609479 2.0110367091181236 2.4616341180571313 3.3332560489926903 4.115640496522943 4.294115463333557 3.970888997278287 3.7371594259172936 3.6554448698920847 3.51536277384887 3.4704846208572473 3.3791718471401886 3.2961602346701353 3.282411436354783 3.1789063320561857 3.1067899937228267 3.0696941794002717 2.9451767606951913 2.806391721096822 2.6702007943881405 2.4266135940463274 2.281083860934766 2.0486513460186164 1.9646020883926876 1.9518909352332106 1.963564443236812 1.948518588476615 1.9163515886444693 1.7757506700233163 1.435921881474036 0.5915381358802132 0.10047256586205444 0.06519263056228164 0.6169604421991668
