static/ASC_sea/1979/04/ERA5V/00.asc
ncols         201
nrows         201
xllcorner     105.0
yllcorner     0.0
cellsize      0.25
NODATA_value  -32767
[rows 152 to 170 of 201, columns 43 to 85 of 201]
-1.5212141806847965 -1.582720108518865 -1.6364074862045346 -1.6769336378070672 -1.686706825492565 -1.693613211456984 -1.6744577635934075 -1.6959587765015034 -1.6579084991126307 -1.6266342985190365 -1.5724256841568067 -1.4855094683404433 -1.3786559496456636 -1.2727145951348637 -1.1593456179830852 -1.1354990400304696 -1.086633101602979 -1.1095675153716147 -1.2272366951050124 -1.3439937106544302 -1.8415141184308559 -2.5275918939528257 -3.0446586771002475 -3.2375162474274113 -2.2965537370676494 -1.4518897027023296 -0.9376897212759873 -0.8287512558749679 -0.9094126315726127 -0.8244510532933488 -0.5139243032327877 -0.544156030473262 -0.9522843482196646 -1.2843121111883216 -0.8043834412457926 -0.22385609272720275 -0.19740333139178778 -0.2736341953386733 -0.195969930531248 0.01004886587905296 0.1257634080753509 0.04132306647264694 -0.04702655020425617
-1.513395630536398 -1.5651283706849681 -1.6066969956406203 -1.6266342985190365 -1.6271555351955964 -1.6319769744537755 -1.6394045970947542 -1.6593418999731704 -1.6266342985190365 -1.6042211214269608 -1.6022664838898613 -1.5334632425839543 -1.4600991803581482 -1.34438463816185 -1.281445309467242 -1.318583422672135 -1.308288998310077 -1.5603069314267892 -1.7731018046323688 -2.219931945613344 -2.7277467777518276 -3.1662371319078444 -3.583747709832325 -3.5773625605444668 -2.8561013093547034 -1.7579859410121317 -0.6022739199096909 -0.5187457424909667 -0.8692774074775003 -0.8678440066169606 -0.7345377265867659 -0.881526469376658 -1.2145967056984348 -1.1349778033539097 -0.6725105620761376 -0.16964747836497296 -0.035298724981658536 -0.17407799011573222 -0.20287631649566673 -0.16274109240055434 0.018388652704011355 -0.10227763791960576 -0.10709907717778488
-1.4806880290822644 -1.5315086050468545 -1.5631737331478686 -1.5900174219907035 -1.592493296204363 -1.619336985047198 -1.6520445865013318 -1.665727049261029 -1.6623390108633898 -1.6861855888160053 -1.6857946613085852 -1.7330968897063963 -1.6838400237714857 -1.7057319641870015 -1.7360940005966157 -1.6154277099729986 -1.7087290750772208 -1.9664806116360922 -2.3688753259403357 -2.8155751577521713 -3.24038304914849 -3.66180290214717 -3.9303700997446596 -3.8893227114655673 -3.0695477284059827 -1.4684389671831066 -0.46987980406347607 -0.5002418404730903 -0.8420427911272454 -0.9597119708606431 -0.9831676213058387 -1.1721159165588029 -1.319495586856115 -1.176025191633002 -0.7956527269134142 -0.32002425955250446 0.22935919754163137 0.11599022038985285 -0.14176131616901833 -0.2921380973565497 -0.30582056011624714 -0.23597484545722047 -0.1886726170594094
-1.4479804276281305 -1.513395630536398 -1.5470153961745117 -1.5891052578067237 -1.6070879231480402 -1.6534779873618715 -1.709120002584641 -1.7263208129111176 -1.772710877124949 -1.7975999284306843 -1.892725621902866 -1.9426340336834766 -1.9968426480457064 -2.0661671260281733 -1.982638948609449 -1.507531717925099 -1.777532316383128 -2.3161001124386456 -2.71497647917611 -2.9776797641623003 -3.3966237429473205 -3.627661899832497 -3.8214316343436403 -3.627661899832497 -2.6164627473062887 -0.9558026957864438 -0.6511398583371817 -0.6881476623729346 -0.9689639218695814 -1.0861118649264192 -1.0064929625818941 -1.1461843918999477 -1.3336992862923722 -1.1261167798523914 -0.7189006262899689 -0.3522106243300783 0.19261201184415833 0.4949292842489008 0.2395233127345493 -0.42596561406330435 -0.6104833975655094 -0.31220570940410597 -0.2428812314216391
-1.413709116144317 -1.4792546282217245 -1.5514459079252707 -1.5894961853141436 -1.6593418999731704 -1.6970012498546232 -1.7691925295581696 -1.8253557814574988 -1.87135491816391 -1.9455008354045562 -2.040756838045878 -2.03046241368382 -2.0846710280460496 -2.0334595245740394 -1.7487339900031933 -1.1540029420483462 -1.8185797046622203 -2.3951977781066107 -2.635487886000725 -2.898191170986915 -2.987452951847798 -3.174576918732803 -3.115416555943254 -2.792249816476115 -1.8063306427630623 -0.6315934829661853 -0.5534079814822002 -1.4986706944235808 -1.7800081905967875 -1.1369324408910095 -0.8790505951629983 -0.8009954028481532 -1.2224152558468333 -0.9567148599704237 -0.4318295266746033 -0.09732588949228682 -0.04754778688081607 0.2546391763547864 0.27522802507890254 -0.37371163723817424 -0.6134805084557288 -0.3561198994042777 -0.27611006955233286
-1.392729339912781 -1.4645296921089073 -1.5372422084890136 -1.6012240105367415 -1.6979134140386032 -1.7316634888458566 -1.829786293208258 -1.903020046264924 -1.9703898867102914 -2.0583485758797746 -2.098353490805747 -2.0597819767403145 -1.850766069439794 -1.6984346507151629 -1.2750601601793834 -0.939123122136527 -1.740394203178235 -2.214980197186025 -2.406404366652649 -2.429860017097844 -2.5021816059705304 -2.3800819144863734 -2.191133619233409 -1.8205343421993199 -1.1285926540660511 -0.38934873753497135 -1.2585108956986064 -2.319097223328865 -2.377084803596154 -1.7506886275402929 -0.7467867884859235 -0.49633256539889103 -0.9528055848962245 -0.8209327057265694 -0.3479104217484592 -0.0768673499373107 -0.2110857941514851 -0.36732648795031553 -0.3845272982767922 -0.34439207418167983 -0.4240109765262048 -0.38257266073969265 -0.2784556345968524
-1.3884291373311617 -1.4645296921089073 -1.550924671248711 -1.6252008976584968 -1.692049501427304 -1.772710877124949 -1.882040270033388 -1.9332517735053982 -2.0279865394701604 -2.078807115434751 -2.102262765879946 -2.0318958145443595 -1.8605392571252923 -1.3141529109213759 -0.8004741661715933 -0.7155125878923294 -1.5934054603883427 -1.9997094497667858 -2.0030974881644252 -1.9557952597666142 -1.8571512187276529 -1.6637724117239294 -1.4684389671831066 -1.177458592493542 -0.7482201893464633 -0.9195767467655307 -1.9909787354344073 -2.61007759801843 -2.256548822141677 -1.2155088698824146 -0.48851401525049254 -0.9421202330267464 -0.9234860218397299 -0.949417546498585 -0.8122019913941911 -0.44108147768354156 -0.3786633856654934 -0.4997206037965304 -0.5852034187523542 -0.538813354538523 -0.39716728768336984 -0.32093642373648434 -0.25995173257897586
-1.3761800754320042 -1.446025790091031 -1.508965118785639 -1.5964025712785623 -1.677976111160187 -1.7780535530596877 -1.8365623700035367 -1.9309062084608788 -2.0153465500635828 -2.035414162111139 -2.0318958145443595 -1.8800856324962885 -1.2917397338293002 -0.4328720000277231 -0.41918953726802566 -0.9245284951928497 -1.5704710466197072 -1.728666377955637 -1.6852734246320256 -1.5651283706849681 -1.4108423144232374 -1.2721933584583038 -1.1241621423152919 -1.0021927600002751 -1.033336651424729 -1.4542352677468493 -2.5343679707481046 -2.857665019384383 -1.8449021568284951 -0.6618252102066596 -0.7394894750140849 -1.4561899052839489 -1.0651320886948832 -1.307767761633517 -1.0363337623149487 -0.2976110824604288 -0.052499535308135226 -0.37423287391473414 -0.8088139529965517 -0.9522843482196646 -0.5349040794643237 -0.20574311821674618 -0.2784556345968524
-1.3409965997642108 -1.4049784018119387 -1.4748241164709655 -1.5900174219907035 -1.6559538615755311 -1.7370061647805957 -1.803854768549403 -1.8893375835052266 -1.8224889797364194 -1.7800081905967875 -1.5866293835930643 -1.0793357881311405 -0.2731129586621134 0.0036637165911941327 -0.8982060430265748 -1.4259581780434747 -1.6042211214269608 -1.5173049056105974 -1.446025790091031 -1.3532456616633683 -1.2364886461139506 -1.1730280807427826 -1.0958850526119173 -1.1588243813065253 -1.4972372935630411 -1.7746655146620485 -1.9801630743957896 -1.7169385527330394 -0.9348229195549078 -0.40394336447864854 -0.791743451839215 -1.4474591909515706 -1.749646154187173 -1.2199393816331736 -0.512360593203108 -0.13785204109481908 -0.3404827991074806 -0.9928104998221968 -1.3381297980431313 -0.876183793441919 -0.1598742906794749 0.06868799199204179 -0.17251428008605252
-1.2516045097341877 -1.3264019728205336 -1.4240035405063751 -1.5143077947203778 -1.5676042448986278 -1.6998680515757028 -1.7048198000030217 -1.6955678489940835 -1.6945253756409637 -1.7501673908637332 -1.4675268029991266 -0.7037847626697317 -0.06175148631707339 -0.6559612975953608 -1.3644522502094063 -1.434297964868433 -1.392338412405361 -1.381522751366743 -1.3409965997642108 -1.2633323349567855 -1.2057356821969165 -1.150093666974147 -1.149181502790167 -1.234534008576851 -1.3552002992004681 -1.4054996384884986 -1.214075469021875 -0.4831713393157535 -0.010409673675923159 -0.28979253231203017 -0.596410007298392 -1.1051370036208554 -1.724366175374018 -1.0246059370923508 -0.944596107240406 -1.0636986878343433 -1.3859532631175022 -1.6930919747804238 -1.4200942654321758 -0.7834036650142566 0.049141616621045436 0.5344129624983134 0.16681079635444318
-1.1725068440662227 -1.23896452032761 -1.3273141370045134 -1.4220489029692753 -1.5279902574800752 -1.566561771545508 -1.5318995325542746 -1.5368512809815935 -1.2843121111883216 -1.1959624945114182 -0.8058168421063323 -0.1881513803828495 -0.6115258709186292 -1.2101661939476756 -1.3518122608028287 -1.3146741475979358 -1.3161075484584754 -1.2897850962922004 -1.2473043071525685 -1.2155088698824146 -1.1799344667072014 -1.1676854048080436 -1.144750991039408 -1.145272227715968 -1.091975777537718 -1.0104022376560935 -0.43378416421170285 0.173195945642302 -0.04025047340897747 -0.4430361152206411 -0.5466319046869215 -0.8278390916909881 -1.3244473352834338 -1.1861893068259202 -1.5475366328510716 -2.0436236397669574 -2.1280639813696616 -1.5754227950470263 -1.207690319734016 -0.8239298166167889 -0.10957495139144435 0.5432739859998317 0.11507805620587286
-1.0421976749262474 -1.108134114511075 -1.1725068440662227 -1.2697174842446444 -1.3591095742746673 -1.4108423144232374 -1.5729469208333668 -1.477299990684625 -1.033336651424729 -0.27754347041287253 0.09253456994465714 -0.5324282052506641 -1.1310685282797106 -1.3365660880134516 -1.2263245309210324 -1.2325793710397512 -1.244307196262349 -1.228670095965552 -1.2087327930871359 -1.176416119140422 -1.1433175901788684 -1.1364112042144496 -1.0352912889618286 -0.9122794332936921 -0.797086127773954 -0.5500199430845608 -0.05002366109447576 0.21463426142881414 0.013958140953252096 -0.44212395103666136 -0.7535628652812022 -1.4279128155805743 -1.781962828133887 -1.9167025090246215 -2.591964623507973 -2.964127610571743 -2.268276647364275 -1.6833187870949258 -0.8669318424329807 -0.40550707450832824 -0.27558883287577296 -0.035298724981658536 -0.3692811254874151
-0.8903874928781763 -0.8903874928781763 -0.9528055848962245 -1.0421976749262474 -1.1319806924636904 -1.3937718132659007 -1.5446698311299922 -1.1828012684282807 -0.5802516703250351 0.14048834418816813 -0.26047296925553576 -0.8849145077742973 -1.2302338059952318 -1.255513784808387 -1.1427963535023085 -1.1618214921967447 -1.1749827182798822 -1.1632548930572846 -1.1413629526417686 -1.0891089758166386 -1.0578347752230446 -1.0319032505641894 -0.9083701582194929 -0.722809901364168 -0.5407679920756226 -0.2970898457838689 -0.06800632643579219 0.1961303594109376 0.19117861098361844 -0.26294884346919534 -1.1666429314549238 -2.013391912526483 -2.231659770835942 -2.4391119681067823 -2.92894413490395 -2.6403093252589045 -1.9415915603303568 -1.0260393379528905 -0.2194255809764436 0.12185413300115178 0.0066608274814135005 -0.5240884184257057 -0.7540841019577621
-0.7009179609486522 -0.7009179609486522 -0.6500973849840619 -0.7321921615422462 -0.7741517140053182 -1.0900211400006183 -0.9792583462316394 -0.2940927348936494 0.11155970863909359 -0.5236974909182859 -0.9250497318694096 -0.9792583462316394 -1.171594679882243 -1.1070916411579552 -1.0891089758166386 -1.0754265130569411 -1.1067007136505351 -1.0900211400006183 -1.0388096365286081 -0.986555659703478 -0.9728731969437806 -0.9430323972107263 -0.8239298166167889 -0.701830125132632 -0.5187457424909667 -0.3840060616002323 -0.2189043442998837 -0.27076739361759383 -0.27558883287577296 -0.5094937914820286 -1.4001569625537595 -1.7574647043355718 -1.9264756967101198 -2.1442223183430187 -2.0084401640991643 -1.603178648073841 -0.9191858192581108 -0.0025911235275246636 0.30598098899593684 0.6433514278993326 0.29672903798699846 -0.575821158574276 -0.8985969705339947
-0.5949766064378523 -0.49633256539889103 -0.4313082899980434 -0.3102510718670063 -0.26138513343951564 -0.2560424575047766 -0.014840185426682417 0.3982398807470393 -0.20913115661438553 -0.8946876954597954 -1.0178298602970721 -0.9679214485164616 -1.0109234743326534 -1.0162661502673924 -1.0221300628786913 -0.9879890605640178 -1.0256484104454706 -1.0050595617213545 -0.9670092843324818 -0.9664880476559219 -0.9528055848962245 -0.9577573333235435 -0.8518159788127435 -0.8541615438572632 -0.81858714068205 -0.7609904879221808 -0.8747503925813792 -1.0075354359350142 -1.1881439443630197 -1.4840760674799036 -1.2106874306242354 -1.0802479523151203 -1.2906972604761804 -1.545060758637412 -1.0519708626117457 -0.48799277857393264 0.04809914326792564 0.14726442098344683 0.32005437926305413 0.4592245719045476 0.21072498635461479 -0.5217428533811862 -0.9664880476559219
-0.5290401668530248 -0.39820976103648964 -0.23167464287560124 -0.05979684877997382 0.08771313068647824 0.29034388869913963 0.24343258780874866 -0.15401037806817597 -0.6588280993164402 -0.8498613412756439 -0.8591132922845822 -0.8571586547474825 -0.9152765441839116 -0.9352138470623277 -0.9250497318694096 -0.9318258086646884 -0.9723519602672207 -0.9601028983680631 -0.9860344230269181 -1.0002381224631753 -1.0206966620181515 -1.0676079629085427 -1.0832450632053396 -1.1354990400304696 -1.255513784808387 -1.4426377516933915 -1.6715909618723281 -1.7833962289944267 -1.8478992677187147 -1.4172274637110962 -0.7155125878923294 -0.6300297729365056 -0.9044608831452936 -1.1047460761134356 -0.5592718940934991 -0.19453652967070834 -0.037253362518758104 -0.053932936168674894 -0.24483586895873877 -0.317548385338845 -0.4161924263778062 -0.7506960635601228 -0.8200205415425896
-0.4982872029359906 -0.3463467117187795 -0.18385117780123028 -0.03334408744455897 0.04028059311952714 0.06034820516708339 -0.04950242441791586 -0.31520282029432545 -0.4679251665263764 -0.5709997193160968 -0.670164997031618 -0.7428775134117243 -0.7731092406521984 -0.8112898272102113 -0.8717532816911597 -0.9176221092284311 -0.9733944336203405 -0.9846010221663783 -1.0197844978341717 -1.0880665024635188 -1.145272227715968 -1.1696400423451432 -1.2106874306242354 -1.403023764274839 -1.5197807798242569 -1.5489700337116112 -1.1799344667072014 -0.8459520662014447 -0.60761659584443 -0.26724904605081445 0.13944587083504834 0.16290152128024382 -0.13250936516008016 -0.6643010844203192 -0.5041511155472895 -0.24574803314271854 -0.0841646634091493 -0.22242269186666297 -0.5685238451024374 -0.8937755312758155 -1.066174562048003 -0.9753490711574402 -0.5587506574169392
-0.523176254241726 -0.34347990999770006 -0.1525769772076363 0.034416680508228215 0.14726442098344683 0.11351434617619316 0.02620720285240985 -0.11400546314220361 -0.27754347041287253 -0.4167136630543661 -0.5104059556660083 -0.5802516703250351 -0.6715983978921578 -0.733625562402786 -0.7839249016908165 -0.8600254564685621 -0.9309136444807086 -0.9855131863503582 -1.02799397548999 -1.0910636133537381 -1.1554363429088859 -1.1950503303274385 -1.23896452032761 -1.245349669615469 -1.1515270678346867 -1.0064929625818941 -0.2590395683949961 0.3895091664146608 0.5745481865934259 0.5695964381661067 0.7800457463271668 1.0192933808681615 0.7332647546059157 0.09253456994465714 -0.07439147572365101 -0.06461828803815295 -0.056408810382334584 -0.31520282029432545 -0.7311496881891264 -1.1358899675378897 -1.4245247771829348 -0.9709185594066809 -0.45424270376667897
-0.5578384932329593 -0.35859577361793715 -0.13550647605029953 0.04379894068630641 0.18296913332780007 0.23470187347637017 0.13944587083504834 -0.000245558483005226 -0.13941575112449878 -0.24926638070949791 -0.348822585932439 -0.4616703264076576 -0.5626599324911384 -0.6159563826693883 -0.6749864362897972 -0.7940890168837345 -0.8776171943024587 -0.9387321946291071 -0.997241011572956 -1.0524920992883056 -1.0807691889916802 -1.096927525965037 -0.9986744124334958 -0.8888237828484966 -1.0016715233237152 -0.8982060430265748 -0.15348914139161607 0.5247700839819551 0.7185398184930984 0.6673283150210882 0.8239599363273384 1.0324546069512988 0.8733471114313891 0.5310249241006741 0.3777813411920632 0.23079259840217103 0.013045976769272327 -0.21851341679246372 -0.4675342390189565 -0.8200205415425896 -1.1300260549265908 -0.707172801067371 -0.44108147768354156
