static/ASC_sea/1979/04/ERA5V/00.asc
ncols         201
nrows         201
xllcorner     105.0
yllcorner     0.0
cellsize      0.25
NODATA_value  -32767
[rows 95 to 113 of 201, columns 86 to 128 of 201]
-0.6618252102066596 -0.7394894750140849 -0.8224964157562491 -0.8786596676555785 -0.8756625567653591 -0.8557252538869429 -0.8527281429967234 -0.8317483667651874 -0.7907009784860952 -0.743789677595704 -0.733625562402786 -0.7570812128479816 -0.7882251042724356 -0.8205417782191495 -0.844388356171765 -0.8610679298216819 -0.8712320450145998 -0.8097261171805316 -0.6822837497616357 -0.5265642926393653 -0.38986997421153124 -0.28875005895891037 -0.19153941878048886 -0.09784712616884672 0.005618354128293701 0.10960507110199402 0.19704252359491736 0.27223091418868317 0.32591829187435306 0.3376461170969507 0.34989517899610845 0.37282959276474403 0.3977186440704794 0.42260769537621456 0.4455421091448504 0.472907034664245 0.5061358727949388 0.541840585139292 0.5857547751394636 0.6311023660001751 0.6687617158816279 0.6965175689084426 0.7121546692052396
-0.7286738139754669 -0.7853583025513562 -0.8479067037385444 -0.8840023435903175 -0.876183793441919 -0.8541615438572632 -0.8244510532933488 -0.7867917034118959 -0.743789677595704 -0.7110820761415703 -0.7252857755778276 -0.7697212022545592 -0.8107685905336514 -0.8381335160530462 -0.8518159788127435 -0.8518159788127435 -0.8312271300886275 -0.7316709248656863 -0.5866368196128939 -0.42844148827696393 -0.2921380973565497 -0.19153941878048886 -0.0930256869106676 -0.013406784566142749 0.07155479371312112 0.15260709691818586 0.22584084997485188 0.28838925116204006 0.31914221507907414 0.33477931537587136 0.3611017675421462 0.38651205552444146 0.4128345076907165 0.4460633458214103 0.4865894974239424 0.5237276106288353 0.5617778880177082 0.6067345513709996 0.6595097648726898 0.7131971425583594 0.7561991683745513 0.7814791471877065 0.8015467592352628
-0.7946102535602944 -0.8312271300886275 -0.8731866825516995 -0.8957301688129152 -0.8893450195250565 -0.8307058934120676 -0.7677665647174595 -0.7277616497914872 -0.7121245494946901 -0.7116033128181302 -0.7297162873285867 -0.7702424389311191 -0.8122019913941911 -0.8248419808007688 -0.8161112664683903 -0.7727183131447786 -0.7101699119575904 -0.5871580562894538 -0.4440785885737609 -0.2960473724307491 -0.17251428008605252 -0.0758248765841909 -0.007021635278283922 0.03832595558242757 0.11012630777855392 0.18388129751177984 0.2610243256426452 0.33373684202275156 0.36605351596946534 0.3918547314591805 0.42508356958987426 0.4529697317858288 0.47733754641500425 0.5047024719343991 0.541840585139292 0.5877094126765632 0.6287568009556554 0.6849200528549848 0.7444713431519536 0.7967253199770836 0.8415516741612352 0.8831202991168874 0.9069668770695027
-0.8482976312459642 -0.8717532816911597 -0.8673227699404007 -0.8747503925813792 -0.8585920556080222 -0.7940890168837345 -0.7384470016609651 -0.7013088884560721 -0.6877567348655147 -0.71264578617125 -0.7350589632633258 -0.7629451254592805 -0.7638572896432603 -0.7579933770319613 -0.6920569374471339 -0.6188231843904678 -0.5158789407698873 -0.39768852435992974 -0.26190637011607554 -0.13941575112449878 -0.02800141150981994 0.02620720285240985 0.06321500688816273 0.0974863183719763 0.1653773954939035 0.2425204236247689 0.3298275669485522 0.4074918317559775 0.45492436932292857 0.4865894974239424 0.5061358727949388 0.5164302971569967 0.5354554358514332 0.55304717368533 0.5852335384629037 0.6385299886411537 0.7019905540123217 0.7571113325585312 0.8045438701254821 0.8484580601256537 0.9119186254968217 0.9572662163575332 0.9719911524703504
-0.8820477060532179 -0.8717532816911597 -0.8634134948662013 -0.8482976312459642 -0.8267966183378683 -0.7702424389311191 -0.7199430996430887 -0.6886688990494945 -0.7023513618091919 -0.7297162873285867 -0.7247645389012677 -0.7140791870317897 -0.6925781741236938 -0.612438035102609 -0.5382921178619631 -0.4147590255172665 -0.3004778841815082 -0.18332994112467038 -0.0763461132607508 0.036892554721887905 0.07989458053807974 0.11403558285275306 0.1257634080753509 0.15508297113184533 0.21906477317957318 0.3068931531799166 0.3977186440704794 0.47838001976812405 0.5125210220827976 0.5301127599166942 0.5324583249612138 0.5413193484627321 0.5559139754064093 0.5793696258516048 0.6380087519645938 0.7039451915494213 0.7722271961787683 0.8367302349030561 0.8845536999774268 0.9206493398292002 0.9631301289688319 0.9807218668027289 0.9680818773961513
-0.8966423329968951 -0.8845235802668774 -0.823408579940229 -0.7979982919579338 -0.7761063515424179 -0.7492626626995831 -0.6989633234115527 -0.680850348901096 -0.6950540483373533 -0.6891901357260544 -0.6607827368535398 -0.6086590691975498 -0.5006327679805103 -0.41918953726802566 -0.3029537583951677 -0.18280870444811048 -0.07882198747441027 0.02516472949929005 0.11989949546405199 0.16042564706658435 0.20147303534567662 0.18336006083521994 0.17905985825360093 0.20043056199255682 0.24642969869896802 0.33230344116221167 0.3957640065333796 0.468606832082626 0.5169515338335566 0.5407981117861722 0.5466620243974711 0.568163037305567 0.5843213742789239 0.6355328777509341 0.7098091041607202 0.7853884222619059 0.8621405228853511 0.9256010882565191 0.953356941283334 0.9837189776929482 0.9807218668027289 0.963651365645392 0.9490567387017148
-0.9044608831452936 -0.8541615438572632 -0.7926556160231948 -0.7428775134117243 -0.7149913512157695 -0.6940115749842335 -0.6506186216606218 -0.6325056471501652 -0.5895036213339734 -0.5704784826395369 -0.5016752413336301 -0.3943004859622904 -0.2794981079499722 -0.18280870444811048 -0.06657292557525252 0.019300816887991123 0.104262395167255 0.18635717172543953 0.22154064739323287 0.262066798995765 0.2654548373934045 0.24291135113218876 0.22349528493033244 0.22831672418851157 0.2713187500047034 0.32057561593961403 0.384036181310782 0.46469755700842663 0.5413193484627321 0.578457461667625 0.5980038370386214 0.6198957774541372 0.6662858416679684 0.7229703302438577 0.8045438701254821 0.8753017489684887 0.9485355020251547 0.9842402143695079 1.0119960673963229 1.0041775172479241 0.9759004275445495 0.9504901395622543 0.9494476662091345
-0.8585920556080222 -0.8082927163199918 -0.7448321509488238 -0.6945328116607934 -0.6422788348356634 -0.5949766064378523 -0.5534079814822002 -0.4991993671199705 -0.4538517762592591 -0.35859577361793715 -0.2638610076531751 -0.13980667863191865 -0.04220511094607726 0.052529655018684895 0.1053048685203748 0.18336006083521994 0.22049817404011307 0.24447506116186846 0.2688428757910437 0.28004946433708167 0.28304657522730103 0.2649336007168446 0.24981773709660748 0.2562028863844661 0.3074143898564765 0.3562803282839673 0.44072066988667125 0.5251610114893752 0.6238050525283365 0.6707163534187275 0.6897414921131639 0.7352193921430152 0.7820003838642664 0.8342543606893964 0.9074881137460624 0.9627392014614122 1.0095201931826632 1.0441824321738966 1.0306302785833392 1.0169478158236418 0.9764216642211097 0.9705577516098105 0.9822855768324084
-0.7672453280408996 -0.7204643363196486 -0.6588280993164402 -0.5969312439749519 -0.5290401668530248 -0.4636249639447573 -0.39039121088809114 -0.32875497388488284 -0.23949319302399974 -0.13355183851319996 -0.00845503613882359 0.11064754445511382 0.20147303534567662 0.2473418628829478 0.2937319270967791 0.2912560528831196 0.2850012127644008 0.2693641124676036 0.27418555172578274 0.28252533855074113 0.2850012127644008 0.2649336007168446 0.27366431504922284 0.31184490160723555 0.37139619190420436 0.4514060217561491 0.5422315126467119 0.641918027038793 0.7244037311043974 0.7718362686713482 0.8205718979296992 0.8683953630040702 0.9143944997104814 0.9577874530340929 0.9963589670995259 1.0379275920551778 1.0827539462393292 1.0877056946666486 1.0672471551116722 1.0363638820254983 1.0095201931826632 1.041836867129377 1.1408718356757583
-0.6012314465565711 -0.5578384932329593 -0.5050632797312694 -0.4460332261108606 -0.3692811254874151 -0.29174716984912985 -0.211607030828045 -0.1218240132906021 -0.016794822963781986 0.10139559344617566 0.23509280098379026 0.32839416608801253 0.3616230042187061 0.38064814291314253 0.3758267036549634 0.34937394231954855 0.32696076522747286 0.30545975231937694 0.31080242825411575 0.32005437926305413 0.32943663944113233 0.34116446466372996 0.3586258933284867 0.3992823541001591 0.4597458085811075 0.5480954252580108 0.6506487413711715 0.7483806182261528 0.8205718979296992 0.8742592756153689 0.9206493398292002 0.9705577516098105 1.017338743331062 1.0535646923519748 1.0774112703045902 1.1189798952602426 1.141393072352318 1.1355291597410193 1.1081642342216245 1.0832751829158893 1.1008669207497859 1.1892165374266892 1.306885717160087
-0.41762582723834596 -0.36002917447847693 -0.3038659225791476 -0.2555212208282167 -0.17994190272703103 -0.07295807486311134 0.022688855285630583 0.12094196881717179 0.225449922467432 0.32839416608801253 0.4035825566817781 0.43290211973827275 0.44019943321011135 0.43928726902613136 0.43094748220117296 0.41635285525749577 0.4065796675719977 0.4265169704504139 0.4510150942487292 0.4529697317858288 0.4460633458214103 0.451927258432709 0.4661309578689663 0.5075692736554784 0.5569564487595291 0.6438726645758925 0.7492927824101325 0.8415516741612352 0.9158279005710208 0.984631141876928 1.0432702679899168 1.0871844579900884 1.1209345327973421 1.153642134251476 1.1985987976047674 1.2254424864476021 1.2156692987621043 1.1804858230943107 1.1561180084651352 1.1735794371298922 1.2297426890292213 1.34350259368842 1.4753754728580748
-0.24535710563529867 -0.19258189213360866 -0.13941575112449878 -0.07295807486311134 0.022688855285630583 0.12967268314955027 0.2165888989659137 0.30493851564281704 0.38703329220100136 0.4656097211924064 0.4944080475723409 0.5095239111925782 0.5290702865635744 0.5437952226763916 0.5457498602134911 0.5486166619345707 0.5520047003322102 0.5745481865934259 0.5765028241305254 0.5690752014895468 0.5583898496200688 0.5613869605102884 0.5720723123797662 0.6115559906291788 0.6531246155848309 0.7313101170688161 0.8342543606893964 0.9343318025888976 1.0222904917583808 1.1023003216103258 1.18530726235249 1.2254424864476021 1.231697326566321 1.242903915112359 1.2766539899196128 1.2937244910769492 1.2956791286140488 1.2864271776051106 1.2849937767445712 1.3376386810771208 1.4231214960329448 1.521244300395346 1.6218429789714073
-0.09341661441808746 -0.03972923673241757 0.015912778490351887 0.0891465315470179 0.2023851995296564 0.309890264070136 0.38599081884788156 0.4426753074237708 0.5110876212222579 0.5555230478989894 0.5827576642492442 0.6019131121128205 0.6287568009556554 0.6447848287598725 0.65755512733559 0.6657646049914085 0.6849200528549848 0.7107212683447 0.7171064176325588 0.7195822918462182 0.7141093067423394 0.7146305434188993 0.7195822918462182 0.7389983580480746 0.7791335821431871 0.8571887744580322 0.9577874530340929 1.0569527307496143 1.1492116225007167 1.2121509511953248 1.2786086274567123 1.3098828280503063 1.3201772524123643 1.3356840435400212 1.3621368048754363 1.3865046195046118 1.4016204831248487 1.4090481057658273 1.4465771464781405 1.50221916170091 1.5608582878138988 1.6213217422948472 1.7121472331854097
-0.004154833557204363 0.06868799199204179 0.13071515650267007 0.22935919754163137 0.33960075463405026 0.4343355205988124 0.4865894974239424 0.5452286235369312 0.6072557880475595 0.6556004897984904 0.6829654153178852 0.6936507671873633 0.7180185818165385 0.741474232261734 0.7565900958819713 0.7698816311342487 0.7810882196802866 0.804934797632902 0.8269570472175578 0.8294329214312175 0.8283904480780977 0.8278692114015378 0.8489792968022136 0.8865083375145264 0.9353742759420174 1.0046987539244843 1.099433519889246 1.1668033603346133 1.23756123917762 1.295157891937489 1.3450663037180994 1.3816831802464324 1.4250761335700444 1.4510076582288993 1.4656022851725765 1.4890579356177722 1.5016979250243498 1.5354479998316035 1.5774075522946756 1.6150669021761284 1.6570264546392004 1.7043286830370115 1.7400333953813647
0.07298819457366101 0.15364957027130566 0.2483843362360676 0.3557590916074074 0.46274291947132706 0.5466620243974711 0.5843213742789239 0.6321448393532949 0.6853109803624047 0.7293554795317163 0.7542445308374517 0.768317921104569 0.7922948082263244 0.8182263328851795 0.8313875589683171 0.8445487850514546 0.8567978469506123 0.8806444249032277 0.8977149260605646 0.9016242011347637 0.9172613014315607 0.9348530392654573 0.9714699157937903 1.0222904917583808 1.089139095527188 1.1399596714917786 1.1868709723821695 1.2522861752904373 1.310404064726866 1.3689128816707152 1.4261186069231642 1.4631264109589173 1.5041737992380095 1.532059961433964 1.5398785115823628 1.5525185009889404 1.5574702494162593 1.6131122646390288 1.6682330431852381 1.695597968704633 1.7176202182892888 1.7439426704555638 1.7659649200402197
0.16342275795680372 0.2556816497079062 0.38012690623658263 0.4958414484328808 0.5706389115192265 0.6389209161485736 0.6696738800656077 0.7107212683447 0.7542445308374517 0.7654511193834896 0.7883855331521252 0.8064985076625817 0.8347755973659563 0.8669619621435303 0.8806444249032277 0.8914600859418458 0.9261223249330792 0.9490567387017148 0.9705577516098105 0.9768125917285293 1.000268242173725 1.0374063553786181 1.0847085837764292 1.1321411213433799 1.1892165374266892 1.232218563242881 1.2663595655575544 1.3201772524123643 1.375298030958574 1.439279833006302 1.4938793748759516 1.5310174880808443 1.564767562888098 1.575061987250156 1.580795590692315 1.5877019766567335 1.6097242262413893 1.675139429149657 1.732736081909526 1.753194621464502 1.753194621464502 1.7629678091500003 1.749806583066863
0.28252533855074113 0.3820815437736822 0.5139544229433373 0.6062133146944397 0.6774924302140062 0.7185398184930984 0.7453835073359334 0.7800457463271668 0.7912523348732046 0.7990708850216033 0.7981587208376233 0.8127533477813005 0.8557553735974925 0.893805650986365 0.9119186254968217 0.9622179647848521 0.9974014404526457 1.0306302785833392 1.0564314940730541 1.0608620058238134 1.0852298204529889 1.1243225711949816 1.1668033603346133 1.2137146612250047 1.2668808022341145 1.3166589048455848 1.3532757813739182 1.388980493718271 1.4446225089410405 1.4807181487928138 1.533493362294504 1.5725861130364962 1.599951038555891 1.6033390769535305 1.6092029895648297 1.6165003030366683 1.6428227552029433 1.7131897065385295 1.754628022325042 1.7698741951144188 1.7624465724734406 1.748373182206323 1.7341694827700656
0.4085343051090973 0.5022265977207394 0.6038677496499203 0.6907839654662837 0.7386074305406547 0.7820003838642664 0.8093653093836612 0.8289116847546576 0.8239599363273384 0.8054560343094619 0.8020679959118227 0.8264358105409979 0.8758229856450488 0.9197371756452204 0.9709486791172306 1.0379275920551778 1.0974788823521464 1.1340957588804794 1.1296652471297206 1.1174161852305626 1.1438689465659777 1.1868709723821695 1.2263546506315823 1.2800420283172518 1.3372477535697012 1.4055297581990482 1.4470983831547002 1.4748542361815151 1.4993523599798302 1.5290628505437447 1.55447313852604 1.5847048657665141 1.6081605162117099 1.6145456654995682 1.622885452324527 1.6340920408705648 1.6618478938973793 1.690255292769894 1.7160565082596093 1.7199657833338085 1.705892393066691 1.6922099303069935 1.680482105084396
0.4910200091747017 0.5706389115192265 0.65755512733559 0.7195822918462182 0.7590659700956308 0.7898189340126649 0.8210931346062591 0.8435063116983348 0.8274782838941177 0.8107987102442009 0.8147079853184003 0.8376423990870359 0.8820778257637676 0.9616967281082924 1.0413156304528173 1.1209345327973421 1.174621910483012 1.18530726235249 1.169279234548273 1.148690385824157 1.1770977846966713 1.2171026996226437 1.2629715271599153 1.326432092531083 1.4099602699498075 1.4719874344604353 1.4949218482290714 1.5130348227395276 1.5295840872203044 1.5549943752025996 1.5871807399801738 1.5905687783778129 1.5944780534520124 1.6022966036004107 1.6101151537488094 1.6189761772503275 1.6232763798319467 1.6248400898616266 1.6310949299803454 1.632658640010025 1.6184549405737678 1.6111576271019292 1.6038603136300906
