static/ASC_sea/1979/04/ERA5V/00.asc
ncols         201
nrows         201
xllcorner     105.0
yllcorner     0.0
cellsize      0.25
NODATA_value  -32767
[rows 171 to 189 of 201, columns 86 to 128 of 201]
-1.4723482422573058 -2.315187948254666 -2.4474517549317407 -1.9455008354045562 -1.6330194478068953 -1.529032730833195 -1.4200942654321758 -1.2995582839776987 -1.2272366951050124 -1.1877530168555999 -1.154524178724906 -1.118298229703993 -1.1090462786950548 -1.1325019291402503 -1.102270201899776 -1.0880665024635188 -1.0875452657869589 -1.1031823660837559 -1.1212953405942125 -1.129635127419171 -1.1646882939178242 -1.223327420030813 -1.287309222078541 -1.371228327004685 -1.4230913763223951 -1.4806880290822644 -1.471436078073326 -1.4659630929694472 -1.4474591909515706 -1.4318220906547734 -1.4074542760255981 -1.3962476874795602 -1.3903837748682615 -1.3903837748682615 -1.3962476874795602 -1.419182101248196 -1.4542352677468493 -1.481209265758824 -1.5153502680734976 -1.534375406767934 -1.5573098205365699 -1.5788108334446656 -1.5866293835930643
-1.972344524247391 -2.7677516926778 -2.4924084182850326 -1.9924121362949472 -1.7677591286976297 -1.6388833604181943 -1.50310120617434 -1.350248550773149 -1.2887426229390806 -1.2590321323751663 -1.2110783581316553 -1.176416119140422 -1.1676854048080436 -1.1540029420483462 -1.1222075047781923 -1.102791438576336 -1.0875452657869589 -1.1115221529087143 -1.1261167798523914 -1.1369324408910095 -1.171594679882243 -1.229191332642112 -1.29265189801328 -1.3731829645417846 -1.4597082528507284 -1.5178261422871573 -1.5050558437114396 -1.498279766916161 -1.482121429942804 -1.4723482422573058 -1.4485016643046904 -1.4240035405063751 -1.4167062270345365 -1.3976810883401 -1.39820232501666 -1.4049784018119387 -1.4215276662927154 -1.446025790091031 -1.4748241164709655 -1.4947614193493814 -1.523168818221896 -1.5475366328510716 -1.5597856947502293
-2.2277504957617422 -2.6447398370096633 -2.3800819144863734 -2.0597819767403145 -1.8376048433566565 -1.688140226353105 -1.5567885838600097 -1.3864744997940621 -1.3596308109512272 -1.3141529109213759 -1.24039792118815 -1.2043022813363766 -1.1730280807427826 -1.1573909804459857 -1.1315897649562705 -1.0983609268255767 -1.0944516517513776 -1.1120433895852742 -1.1212953405942125 -1.1584334537991055 -1.1936169294668988 -1.254601620624407 -1.318583422672135 -1.3708373994972651 -1.4469379542750107 -1.487985342554103 -1.4885065792306627 -1.4845973041564635 -1.4845973041564635 -1.4748241164709655 -1.4640084554323474 -1.440161877479732 -1.4240035405063751 -1.3991144892006397 -1.3907747023756813 -1.3800893505062033 -1.3957264508030005 -1.4069330393490382 -1.434819201544993 -1.4522806302097497 -1.4806880290822644 -1.5158715047500575 -1.5309873683702948
-2.1589472544558355 -2.4972298575432115 -2.3058056880765876 -1.9855057503305285 -1.8326530949293374 -1.692049501427304 -1.55587641967603 -1.4122757152837773 -1.403023764274839 -1.3258807361439737 -1.256035021484947 -1.212642068161335 -1.1808466308911811 -1.1642973664104044 -1.144750991039408 -1.0997943276861166 -1.1159526646594735 -1.1154314279829136 -1.1252046156684117 -1.1721159165588029 -1.2311459701792116 -1.29265189801328 -1.3322658854318323 -1.3781347129691037 -1.4044571651353788 -1.425046013859495 -1.4371647665895124 -1.4542352677468493 -1.4586657794976086 -1.4586657794976086 -1.4474591909515706 -1.4284340522571342 -1.4117544786072174 -1.387386663978042 -1.3737042012183445 -1.3649734868859662 -1.3800893505062033 -1.3893413015151417 -1.408366440209578 -1.4264794147200346 -1.4513684660257697 -1.487985342554103 -1.5123531571832782
-2.177451156473712 -2.2439088327350993 -2.0953563799155277 -1.9024988095883644 -1.7487339900031933 -1.6495687122876723 -1.4855094683404433 -1.4215276662927154 -1.3888200648385816 -1.308288998310077 -1.255513784808387 -1.2121208314847751 -1.2062569188734764 -1.198438368725078 -1.165730767270944 -1.1325019291402503 -1.144750991039408 -1.1325019291402503 -1.1627336563807247 -1.1993505329090577 -1.2590321323751663 -1.308288998310077 -1.34438463816185 -1.3742254378949044 -1.3864744997940621 -1.3845198622569626 -1.3952052141264404 -1.4298674531176738 -1.4396406408031721 -1.4357313657289728 -1.4206155021087357 -1.4015903634142992 -1.392338412405361 -1.3751376020788844 -1.3669281244230658 -1.3737042012183445 -1.3790468771530835 -1.3859532631175022 -1.408366440209578 -1.4284340522571342 -1.4528018668863094 -1.487985342554103 -1.513395630536398
-2.0997868916662865 -2.130018618906761 -1.982638948609449 -1.8073731161161821 -1.6808429128812663 -1.576334959231006 -1.4421165150168316 -1.429346216441114 -1.3439937106544302 -1.3038584865593177 -1.2565562581615068 -1.2462618337994487 -1.2423525587252495 -1.2165513432355344 -1.1730280807427826 -1.1891864177161395 -1.1769373558169818 -1.175503954956442 -1.1959624945114182 -1.213554232345315 -1.2585108956986064 -1.3054221965889976 -1.34490587483841 -1.3879079006546018 -1.402502527598279 -1.4001569625537595 -1.3991144892006397 -1.408366440209578 -1.4015903634142992 -1.3839986255804027 -1.3722708003578048 -1.3669281244230658 -1.3635400860254265 -1.3639310135328464 -1.3566337000610078 -1.3737042012183445 -1.3790468771530835 -1.3859532631175022 -1.4005478900611794 -1.4176183912185163 -1.4440711525539311 -1.4796455557291446 -1.5178261422871573
-2.1066932776307055 -1.9938455371554868 -1.8761763574220893 -1.7789657172436677 -1.671069725195768 -1.5597856947502293 -1.4387284766191923 -1.3776134762925438 -1.2940852988738196 -1.2579896590220465 -1.214075469021875 -1.2188969082800538 -1.219418144956614 -1.1940078569743187 -1.1857983793185003 -1.1822800317517208 -1.2062569188734764 -1.2218940191702734 -1.2145967056984348 -1.2418313220486896 -1.2750601601793834 -1.3058131240964175 -1.3512910241262688 -1.4074542760255981 -1.4122757152837773 -1.407975512702158 -1.3971598516635402 -1.3996357258771996 -1.3946839774498807 -1.3825652247198628 -1.3688827619601656 -1.3566337000610078 -1.3463392756989498 -1.340084435580231 -1.3488151499126093 -1.377092239615984 -1.3864744997940621 -1.4010691267377393 -1.4240035405063751 -1.4577536153136286 -1.4890278159072228 -1.508052954601659 -1.5421939569163325
-2.0606941409242943 -1.9474554729416558 -1.835650205819557 -1.7473005891426536 -1.66090561000285 -1.5739893941864866 -1.4547565044234092 -1.3619763759957468 -1.3073768341260972 -1.234143081069431 -1.1906198185766792 -1.1940078569743187 -1.18723178017904 -1.170161279021703 -1.193095692790339 -1.1979171320485178 -1.2476952346599886 -1.208211556410576 -1.223327420030813 -1.2638535716333454 -1.2970824097640392 -1.3415178364407707 -1.3937718132659007 -1.4211367387852956 -1.428955288933694 -1.4094089135626977 -1.3937718132659007 -1.4001569625537595 -1.3884291373311617 -1.3742254378949044 -1.365494723562526 -1.3566337000610078 -1.3409965997642108 -1.3155863117819155 -1.3331780496158123 -1.3585883375981074 -1.377092239615984 -1.3991144892006397 -1.4254369413669148 -1.44993506516523 -1.4694814405362264 -1.4943704918419616 -1.5391968460261132
-1.9703898867102914 -1.877088521606069 -1.8166250671251205 -1.7492552266797534 -1.6467019105665928 -1.5123531571832782 -1.403023764274839 -1.3331780496158123 -1.2457405971228888 -1.1799344667072014 -1.1437085176862882 -1.1354990400304696 -1.1358899675378897 -1.1584334537991055 -1.18723178017904 -1.2331006077163111 -1.2688053200606644 -1.2473043071525685 -1.2940852988738196 -1.3155863117819155 -1.3482939132360494 -1.3864744997940621 -1.3971598516635402 -1.4035450009513988 -1.4054996384884986 -1.3795681138296434 -1.3854320264409423 -1.3907747023756813 -1.3790468771530835 -1.3639310135328464 -1.3493363865891692 -1.3307021754021526 -1.3166287851350353 -1.3146741475979358 -1.335132687152912 -1.3537668983399282 -1.3854320264409423 -1.4094089135626977 -1.4494138284886702 -1.4845973041564635 -1.5178261422871573 -1.5494912703881711 -1.588062784453604
-1.87174584567133 -1.8365623700035367 -1.761895216086331 -1.66129653751027 -1.5519671446018308 -1.44993506516523 -1.3546790625239082 -1.2936943713663998 -1.208211556410576 -1.1344565666773498 -1.0894999033240584 -1.0846784640658793 -1.1159526646594735 -1.1481390294370473 -1.1847559059653805 -1.2370098827905105 -1.2585108956986064 -1.2824877828203618 -1.3058131240964175 -1.3224926977463343 -1.3479029857286295 -1.3532456616633683 -1.3571549367375677 -1.3903837748682615 -1.382043988043303 -1.3790468771530835 -1.3893413015151417 -1.376701312108564 -1.34490587483841 -1.3249685719599937 -1.3151953842744957 -1.3068555974495373 -1.3230139344228942 -1.3317446487552724 -1.3512910241262688 -1.3678402886070458 -1.392729339912781 -1.4172274637110962 -1.4577536153136286 -1.4952826560259416 -1.5265568566195356 -1.5685164090826076 -1.613994309112459
-1.8864707817841473 -1.8058094060865026 -1.6906161005667646 -1.588062784453604 -1.4485016643046904 -1.3512910241262688 -1.2882213862625207 -1.2208515458171536 -1.1495724302975872 -1.0626562144812235 -1.0304698497036497 -1.0431098391102274 -1.0734718755198416 -1.1051370036208554 -1.1467056285765076 -1.2003930062621775 -1.2174635074195141 -1.2629414074493654 -1.2878304587551008 -1.3058131240964175 -1.3009916848382383 -1.3058131240964175 -1.3385207255505511 -1.3678402886070458 -1.3649734868859662 -1.3795681138296434 -1.3708373994972651 -1.3596308109512272 -1.3307021754021526 -1.3200168235326748 -1.3121982733842763 -1.3307021754021526 -1.3439937106544302 -1.3518122608028287 -1.3673190519304859 -1.3879079006546018 -1.4147515894974367 -1.4465470267675906 -1.4909824534443223 -1.5279902574800752 -1.55587641967603 -1.5997906096762016 -1.6539992240384314
-1.7106837126143206 -1.3884291373311617 -1.2931731346898399 -1.471436078073326 -1.3415178364407707 -1.256035021484947 -1.2165513432355344 -1.144750991039408 -1.0855906282498593 -1.0100113101486736 -1.0041473975373747 -1.0153539860834127 -1.0187420244810519 -1.0509283892586259 -1.0894999033240584 -1.1369324408910095 -1.1607790188436249 -1.2018264071227172 -1.2311459701792116 -1.2462618337994487 -1.2423525587252495 -1.2789694352535825 -1.313631674244816 -1.3409965997642108 -1.3546790625239082 -1.3566337000610078 -1.339563198903671 -1.3356539238294718 -1.323926098606874 -1.3146741475979358 -1.3267929003279535 -1.3439937106544302 -1.356112463384448 -1.3669281244230658 -1.3756588387554443 -1.3952052141264404 -1.4245247771829348 -1.4636175279249275 -1.508052954601659 -1.5470153961745117 -1.5759440317235862 -1.603178648073841 -1.6525658231778917
-1.29213066133672 -0.9309136444807086 -1.0953638159353574 -1.2741479959954034 -1.2423525587252495 -1.150614903650707 -1.1276804898820711 -1.0567923018699248 -1.0045383250447946 -0.9753490711574402 -0.9689639218695814 -0.9620575359051626 -0.965575883471942 -0.9924195723147768 -1.0295576855196698 -1.070474764629622 -1.0988821635021366 -1.1246833789918518 -1.1486602661136072 -1.1613002555201848 -1.1900985819001193 -1.2267154584284525 -1.2618989340962457 -1.2858758212180013 -1.3171500218115952 -1.3063343607729774 -1.313631674244816 -1.3161075484584754 -1.3068555974495373 -1.3151953842744957 -1.3273141370045134 -1.3361751605060317 -1.3498576232657291 -1.3683615252836057 -1.3825652247198628 -1.4015903634142992 -1.4362526024055327 -1.4733907156104256 -1.5114409929992985 -1.550012507064731 -1.5759440317235862 -1.597835972139102 -1.6266342985190365
-0.9899436981011174 -0.8795718318395583 -1.0676079629085427 -1.1671641681314837 -1.13393533000079 -1.0534042634722853 -1.0143115127302926 -0.9508509473591248 -0.9137128341542318 -0.9001606805636744 -0.9035487189613137 -0.8991182072105546 -0.9001606805636744 -0.9245284951928497 -0.9640121734422623 -1.0080566726115738 -1.0295576855196698 -1.0583560118996045 -1.0773811505940407 -1.102791438576336 -1.1383658417515492 -1.1721159165588029 -1.2003930062621775 -1.2204606183097337 -1.2433950320783693 -1.2590321323751663 -1.297603646440599 -1.2906972604761804 -1.2906972604761804 -1.2940852988738196 -1.297994573948019 -1.3073768341260972 -1.34490587483841 -1.3635400860254265 -1.402502527598279 -1.4259581780434747 -1.4625750545718077 -1.5006253319606806 -1.5363300443050338 -1.560697858934209 -1.5836322727028447 -1.6008330830293214 -1.6261130618424766
-0.9636212459348423 -0.991377098961657 -1.0720384746593017 -1.0827238265287797 -1.0104022376560935 -0.9611453717211829 -0.9049821198218535 -0.8610679298216819 -0.8326605309491673 -0.8400881535901459 -0.843997428664345 -0.855204017210383 -0.8546827805338231 -0.8669318424329807 -0.9117581966171322 -0.9406868321662067 -0.9561936232938638 -1.0139205852228728 -1.048973751721526 -1.0715172379827418 -1.0997943276861166 -1.1305472916031507 -1.1540029420483462 -1.1769373558169818 -1.1936169294668988 -1.2437859595857892 -1.2526469830873075 -1.23896452032761 -1.2400069936807299 -1.2355764819299708 -1.2414403945412698 -1.2766238702090629 -1.318583422672135 -1.3786559496456636 -1.4284340522571342 -1.4465470267675906 -1.476778754008065 -1.5119622296758584 -1.545060758637412 -1.5685164090826076 -1.5832413451954248 -1.5964025712785623 -1.6100850340382598
-0.9001606805636744 -0.9055033564984134 -0.9348229195549078 -0.9435536338872862 -0.9108460324331524 -0.8482976312459642 -0.7794943899400573 -0.7361014366164456 -0.7067818735599511 -0.7375348374769852 -0.7643785263198202 -0.7960436544208341 -0.8244510532933488 -0.8356576418393866 -0.8326605309491673 -0.8596345289611421 -0.9250497318694096 -0.9743065978043204 -1.023693772908371 -1.0617440502972437 -1.0934091783982578 -1.118298229703993 -1.1305472916031507 -1.1374536775675694 -1.1559575795854458 -1.18671054350248 -1.1897076543926994 -1.2057356821969165 -1.2071690830574562 -1.2277579317815723 -1.2697174842446444 -1.307767761633517 -1.335132687152912 -1.3888200648385816 -1.3903837748682615 -1.440683114156292 -1.5050558437114396 -1.5578310572131295 -1.582720108518865 -1.5900174219907035 -1.6042211214269608 -1.6335406844834552 -1.6545204607149913
-0.8351364051628267 -0.849340104599084 -0.8658893690798609 -0.843997428664345 -0.7921343793466349 -0.7590358503850811 -0.7506960635601228 -0.7067818735599511 -0.6964874491978931 -0.7263282489309474 -0.7652906905037999 -0.7804065541240371 -0.780927790800597 -0.7858795392279161 -0.7956527269134142 -0.8132444647473109 -0.8630225673587815 -0.9220526209791903 -0.981603911276159 -1.0045383250447946 -1.0270818113060103 -1.0583560118996045 -1.087154338279539 -1.1100887520481746 -1.1280714173894912 -1.1310685282797106 -1.1534817053717863 -1.1799344667072014 -1.2145967056984348 -1.2579896590220465 -1.2843121111883216 -1.2970824097640392 -1.3273141370045134 -1.3585883375981074 -1.3903837748682615 -1.429346216441114 -1.4664843296460068 -1.5153502680734976 -1.5416727202397726 -1.55587641967603 -1.5777683600915458 -1.6095637973616999 -1.6422713988158337
-0.7409228758746247 -0.7433987500882842 -0.7394894750140849 -0.7247645389012677 -0.7243736113938477 -0.7252857755778276 -0.649576148307502 -0.5777757961113755 -0.5841609453992344 -0.6022739199096909 -0.6740742721058173 -0.7252857755778276 -0.7247645389012677 -0.7306284515125665 -0.7648997629963801 -0.7873129400884558 -0.823408579940229 -0.8810052327000981 -0.9167099450444512 -0.9460295081009458 -0.97626123534142 -1.0055807983979144 -1.0226512995552512 -1.0358125256383888 -1.0407642740657077 -1.0695626004456422 -1.1193407030571128 -1.1794132300306415 -1.234143081069431 -1.2688053200606644 -1.2828787103277817 -1.2906972604761804 -1.3161075484584754 -1.3273141370045134 -1.3893413015151417 -1.4181396278950762 -1.4581445428210484 -1.487985342554103 -1.5016678053138004 -1.5265568566195356 -1.5724256841568067 -1.6070879231480402 -1.640316761278734
-0.6300297729365056 -0.6662557219574188 -0.6744651996132373 -0.686193024835835 -0.6858020973284151 -0.6686012870019383 -0.6534854233817012 -0.7321921615422462 -0.6632586110671994 -0.6246870970017667 -0.6296388454290858 -0.6867142615123949 -0.7110820761415703 -0.7208552638270684 -0.7473080251624834 -0.7834036650142566 -0.7878341767650157 -0.7951314902368543 -0.8381335160530462 -0.8937755312758155 -0.9167099450444512 -0.9211404567952104 -0.9328682820178082 -0.9469416722849255 -0.9597119708606431 -0.9963288473889762 -1.0470191141844265 -1.1100887520481746 -1.1486602661136072 -1.1852771426419404 -1.219418144956614 -1.2418313220486896 -1.2940852988738196 -1.3512910241262688 -1.4113635510997975 -1.407975512702158 -1.4176183912185163 -1.3952052141264404 -1.419182101248196 -1.4645296921089073 -1.5070104812485392 -1.5475366328510716 -1.5759440317235862
