static/ASC_sea/1979/04/ERA5V/00.asc
ncols         201
nrows         201
xllcorner     105.0
yllcorner     0.0
cellsize      0.25
NODATA_value  -32767
[rows 133 to 151 of 201, columns 43 to 85 of 201]
-1.3683615252836057 -1.5475366328510716 -1.7263208129111176 -1.9015866454043844 -2.044666113120077 -2.167677968788214 -2.230617297482822 -2.324439899263604 -2.388812628818752 -2.39962828985737 -2.3507623514298794 -2.261891498076416 -2.150086230954317 -1.9899362620812875 -1.7590284143652515 -1.4776909181920448 -1.149181502790167 -0.7770185157263978 -0.5324282052506641 -0.354165261867178 -0.10762031385434478 0.06373624356472263 -0.038295835871877904 -0.05784221124287425 0.11794485792695242 0.23470187347637017 -0.05093582527845553 -0.4625824905916375 -0.6520520225211615 -0.4748315524907951 -0.2848407838847111 -0.3527318610066382 -0.24731174317239824 -0.14814646545687704 -0.10032300038250619 0.0002756781935546737 0.125242171398791 0.262066798995765 0.35093765234922825 0.3914638039517606 0.43876603234957146 0.5056146361183789 0.4983173226465403
-1.3946839774498807 -1.5548339463229102 -1.7014317616053822 -1.8688790439502507 -1.9943667738320467 -2.0900137039807887 -2.125718416325142 -2.2297051332988422 -2.2940778628539897 -2.2975962104207692 -2.231138534159382 -2.1437010816664586 -2.08414979136949 -2.013391912526483 -1.8194918688462 -1.5578310572131295 -1.3898625381917014 -1.0822025898522198 -0.475352789167355 -0.11830566572382284 -0.1603955273560348 -0.38257266073969265 -0.5114484290191281 -0.20965239329094543 0.24486598866928833 0.11599022038985285 -0.47287691495369544 -1.2565562581615068 -1.3596308109512272 -0.8292724925515278 -0.5607052949540388 -0.5294310943604448 -0.3708448355170948 -0.264382244329735 -0.11491762732618338 0.011091339232172759 0.19417572187383803 0.3367339529129709 0.41635285525749577 0.46170044611820726 0.5007931968601997 0.5295915232401343 0.5441861501838114
-1.4284340522571342 -1.5578310572131295 -1.7014317616053822 -1.825877018134059 -1.9474554729416558 -2.014304076710463 -2.0221226268588617 -2.1184211028533033 -2.2028614444560075 -2.2048160819931066 -2.093922979054988 -1.9943667738320467 -2.050920953238796 -2.0265531386096205 -1.851287306116354 -1.4049784018119387 -1.0992730910095567 -1.181367867567741 -0.6143926726397086 0.037935028075007704 0.09839848255595607 -0.39820976103648964 -0.596410007298392 -0.18385117780123028 0.02425256531531028 -0.5240884184257057 -1.5128743938598381 -2.056784865850095 -1.5436273577768724 -0.9733944336203405 -0.7428775134117243 -0.6554400609188009 -0.4670130023423966 -0.29852324664440855 -0.10905371471488445 0.07064262952914135 0.2526845388176868 0.3826027804502421 0.45388189596980877 0.4983173226465403 0.5407981117861722 0.5344129624983134 0.5393647109256325
-1.4469379542750107 -1.576334959231006 -1.6730243627328678 -1.7912147791428255 -1.9035412829414842 -1.956707423950594 -1.9440674345440163 -1.9948880105086066 -2.08271639050895 -2.0910561773339085 -1.9812055477489094 -1.9049746838020236 -1.9455008354045562 -1.9924121362949472 -1.8576724554042128 -1.3751376020788844 -0.8644559682193211 -0.8376122793764862 -0.375145038098714 0.2771826626160021 0.42312893205277446 -0.09498032444776716 -0.39625512349938996 -0.19310312881016856 -0.6433213081887832 -1.597314735462542 -2.364444814189577 -2.0661671260281733 -1.5519671446018308 -1.112564626261834 -0.876183793441919 -0.7023513618091919 -0.511969665695688 -0.27806470708943243 -0.032431923260578976 0.1501312227045264 0.28252533855074113 0.41087987015361693 0.451927258432709 0.4890653716376021 0.5130422587593575 0.5251610114893752 0.5066571094714987
-1.4567111419605088 -1.5782895967681059 -1.6749790002699674 -1.7599405785492312 -1.862493894662392 -1.9172237457011816 -1.8907709843657665 -1.9069293213391234 -1.967523084989212 -1.97625379932159 -1.9181359098851614 -1.8424262826148357 -1.8234011439203992 -1.8942893319325458 -1.8112823911903815 -1.5123531571832782 -1.0251271737689107 -0.4601066163779779 0.0017090790540945644 0.42312893205277446 0.5642537622313677 0.1780173849004809 -0.0763461132607508 -0.49437792786179136 -1.8859495451075874 -2.5905312226474337 -2.335125251133082 -2.0377597271556587 -1.60865163317772 -1.170161279021703 -0.9113672691097123 -0.7213765005036283 -0.48603814103683296 -0.17994190272703103 0.049662853297605336 0.22779548751195167 0.3591471300050466 0.4035825566817781 0.4441087082843105 0.4514060217561491 0.4592245719045476 0.46951899626660576 0.4514060217561491
-1.476778754008065 -1.598357208815662 -1.6623390108633898 -1.7419579132079148 -1.8230102164129793 -1.887904182644687 -1.861060493801852 -1.8058094060865026 -1.866403169736591 -1.8825615067099482 -1.824443617273519 -1.7188931902701392 -1.6740668360859876 -1.7652832544839703 -1.7135505143354002 -1.6056545222875005 -1.2931731346898399 -0.5626599324911384 -0.022658735575080913 0.3992823541001591 0.4910200091747017 0.16628955967788328 -0.13003349094642047 -0.9728731969437806 -2.7399958396509856 -2.8600105844289025 -2.434811765525163 -1.9963214113691463 -1.567083008222068 -1.1838437417814005 -0.9270043694065093 -0.6803291122245361 -0.3923458484251907 -0.06800632643579219 0.10621703270435456 0.2853921402718207 0.3562803282839673 0.4007157549606988 0.39537307902595975 0.40110668246811865 0.4085343051090973 0.3909425672752007 0.4001945182841389
-1.4958038927025015 -1.6008330830293214 -1.6627299383708096 -1.7042985633264618 -1.781962828133887 -1.850766069439794 -1.825877018134059 -1.7482127533266336 -1.7531645017539526 -1.777011079706568 -1.7506886275402929 -1.6495687122876723 -1.524602219082436 -1.5846747460559645 -1.598357208815662 -1.613994309112459 -1.2906972604761804 -0.5475440688709013 -0.11152958892854414 -0.07439147572365101 -0.0006364859904250952 -0.1515345038545165 -0.49385669118523146 -1.2433950320783693 -2.9113523970700528 -2.8273029829747687 -2.39767365232027 -1.9855057503305285 -1.5734681575099265 -1.1828012684282807 -0.8591132922845822 -0.5573172565563994 -0.2560424575047766 0.016434015166911786 0.17072007142864232 0.27522802507890254 0.3445525030613694 0.3753054669784035 0.36553227929290544 0.3356914795598511 0.3758267036549634 0.347419304782449 0.3957640065333796
-1.487985342554103 -1.5914508228512432 -1.6511324223173518 -1.6721121985488878 -1.7208478278072388 -1.7814415914573272 -1.7682803653741896 -1.7252783395579978 -1.7048198000030217 -1.7188931902701392 -1.6964800131780633 -1.60904256068514 -1.4894187434146426 -1.4156637536814167 -1.4748241164709655 -1.5352875709519138 -1.308288998310077 -0.6143926726397086 -0.2814527454870718 -0.3561198994042777 -0.5153577040933274 -0.7325830890496662 -0.9328682820178082 -1.219418144956614 -2.7501599548439035 -2.9099189962095133 -2.4909750174244927 -1.9494101104787553 -1.5162624322574776 -1.108134114511075 -0.7761063515424179 -0.3996431618970294 -0.12768792590190103 0.06712428196236209 0.17462934650284168 0.2707975133281435 0.30350511478227715 0.33373684202275156 0.3562803282839673 0.3225302534767136 0.368399081013985 0.3459859039219091 0.40944646929307704
-1.461141653711268 -1.545581995313972 -1.60865163317772 -1.6364074862045346 -1.6623390108633898 -1.7194144269466989 -1.7345302905669362 -1.7169385527330394 -1.6755002369465273 -1.682276313741806 -1.6627299383708096 -1.5969238079551222 -1.539718082702673 -1.4488925918121103 -1.4167062270345365 -1.3107648725237364 -1.244307196262349 -0.7185096987825489 -0.3834848249236724 -0.49281421783211166 -0.5905460946870932 -0.3552077352202978 -0.5114484290191281 -1.4103210777466777 -3.1623278568336453 -3.3560975913447884 -2.6842235152590757 -2.009482637452284 -1.4435499158773712 -0.9474629089614854 -0.5846821820757943 -0.28236490967105166 -0.0763461132607508 0.11260218199221339 0.15990441039002445 0.27952822766052177 0.3084568632095963 0.3079356265330364 0.330870040301672 0.3367339529129709 0.38599081884788156 0.37087495522764446 0.3909425672752007
-1.4465470267675906 -1.5123531571832782 -1.582198871842305 -1.6354953220205548 -1.6417501621392736 -1.6872280621691251 -1.7252783395579978 -1.761373979409771 -1.724366175374018 -1.7135505143354002 -1.7048198000030217 -1.6769336378070672 -1.6481353114271324 -1.5304661316937347 -1.519259543147697 -1.3800893505062033 -1.387386663978042 -1.1383658417515492 -1.0358125256383888 -1.0782933147780207 -0.8136353922547308 -0.1296425634390006 -0.17694479183681167 -1.2736267593188435 -3.9172088736615223 -4.010901166273165 -2.9060097211353138 -2.08362855469293 -1.3849107897643824 -0.7555175028183019 -0.42896272495352383 -0.18671797952230973 -0.06852756311235231 0.11208094531565349 0.16772296053842295 0.2771826626160021 0.3104115007466959 0.32591829187435306 0.3548469274234274 0.3479405414590089 0.37191742858076426 0.347419304782449 0.362144240895266
-1.4270006513965945 -1.4958038927025015 -1.5851959827325244 -1.6413592346318537 -1.6598631366497303 -1.7140717510119599 -1.761373979409771 -1.8317409307453576 -1.8024213676888632 -1.7917360158193851 -1.7901723057897057 -1.8155825937720007 -1.8219677430598595 -1.7238449386974581 -1.7204569002998187 -1.5905386586672634 -1.619336985047198 -1.4508472293492098 -1.1852771426419404 -0.9933317364987567 -0.701830125132632 -0.4835622668231735 -0.5431135571201422 -1.386865427301482 -4.368339217224117 -4.0974264545821075 -2.683311351075096 -1.60813039650116 -0.9879890605640178 -0.7149913512157695 -0.6901022999100342 -0.23115340619904134 -0.0763461132607508 -0.1296425634390006 0.11116878113167372 0.3104115007466959 0.3171875775419746 0.2844799760878409 0.3147117033283151 0.34207662884770995 0.3568015649605272 0.3479405414590089 0.34012199131061016
-1.4337767281918732 -1.5114409929992985 -1.598357208815662 -1.6740668360859876 -1.7062532008635616 -1.7516007917242729 -1.8132370287274813 -1.8864707817841473 -1.9054959204785837 -1.908883958876223 -1.934294246858518 -1.956707423950594 -1.981596475256329 -1.925433223357 -1.9787296735352498 -1.929863735107759 -1.899110771190725 -1.524080982405876 -1.117907302196573 -0.34400114667425996 0.013436904276692196 -0.243402468098199 -0.5349040794643237 -1.6056545222875005 -4.0974264545821075 -3.442622879653732 -2.049487552378256 -1.118298229703993 -1.0681291995851026 -0.9348229195549078 -0.9928104998221968 -0.31898178619938466 0.008615465018513069 -0.22242269186666297 -0.0466356226968363 0.24291135113218876 0.2775735901234222 0.2327472359392706 0.25229361131026695 0.31327830246777544 0.3166663408654147 0.351849816533208 0.36605351596946534
-1.45045630184179 -1.529032730833195 -1.618815748370638 -1.6998680515757028 -1.7476915166500735 -1.803854768549403 -1.8697912081342305 -1.9309062084608788 -1.956707423950594 -2.0153465500635828 -2.0427114755829776 -2.0910561773339085 -2.1120359535654445 -2.150086230954317 -2.2501636728538186 -2.2873017860587113 -2.257070058818237 -1.9757325626450304 -1.8845161442470477 -1.123249978131312 -0.19505776634726824 -0.07934322415097017 -0.3342279589887618 -1.9099264322293428 -3.8576575833645537 -2.6218054232410277 -1.3591095742746673 -0.9616666083977428 -0.9088913948960528 -0.8825689427297778 -0.8727957550442795 -0.35077722346953866 0.04614450573082607 0.1053048685203748 -0.022137498898521013 0.10569579602779466 0.15951348288260458 0.12328753386169145 0.2160676622893538 0.27418555172578274 0.31327830246777544 0.33425807869931146 0.36357764175580587
-1.4382072399426322 -1.540239319379233 -1.6305435735932359 -1.7218903011603586 -1.7731018046323688 -1.8639272955229316 -1.9161812723480618 -1.9684352491731918 -2.0187345884612222 -2.077894951250771 -2.1495649942777573 -2.197909696028688 -2.2282717324383023 -2.297987137928189 -2.436245166385703 -2.5338467340715445 -2.494884292498692 -2.4113561150799674 -2.310236199827347 -1.4606204170347081 -0.523176254241726 -0.08611930094624887 -0.30686303346936694 -1.972344524247391 -3.1687130061215036 -1.9215239482828006 -1.0617440502972437 -0.665213248604299 -0.5084513181289088 -0.47965299174897424 -0.5212216167046263 -0.2579970950418763 -0.08950733934388833 0.262978963179745 0.05500552923234436 -0.227765367801402 -0.17251428008605252 0.09448920748175693 0.19026644679963867 0.2542482488473665 0.3235727268298334 0.31132366493067565 0.330870040301672
-1.4421165150168316 -1.5446698311299922 -1.634452848667435 -1.7238449386974581 -1.7965574550775645 -1.9021078820809443 -1.9504525838318751 -1.9963214113691463 -2.054830228312995 -2.102262765879946 -2.1744540455834924 -2.221365346473884 -2.2442997602425194 -2.3185759866523052 -2.436245166385703 -2.4997057317568707 -2.3253520634475837 -2.2540729479280177 -1.7048198000030217 -0.8541615438572632 -0.4840835034997334 -0.24679050649583834 -0.42596561406330435 -1.5206929440082366 -2.3478955497087997 -1.3331780496158123 -0.5519745806216605 -0.227765367801402 -0.07100343732601178 0.031028642110588978 0.028552767896929288 -0.19453652967070834 -0.4401693134995617 -0.21655877925536415 -0.25317565578369716 -0.5372496445088433 -0.3038659225791476 -0.036341198334778335 0.19117861098361844 0.24929650042004758 0.31080242825411575 0.28982265202257973 0.283958739411281
-1.4581445428210484 -1.5563976563525899 -1.6491777847802522 -1.7257995762345577 -1.8155825937720007 -1.8946802594399657 -1.9709111233868513 -2.0162587142475625 -2.036326326295119 -2.0807617529718505 -2.114902755286524 -2.1628565295300346 -2.150607467630877 -2.2018189711028873 -2.2091162845747263 -2.13588253151806 -1.8532419436534535 -1.567083008222068 -0.9464204356083656 -0.4215351023125452 -0.07973415165839004 -0.5827275445386947 -0.7302375240051466 -1.149181502790167 -1.983160185286009 -1.259944296559146 -0.44746662697140027 -0.0930256869106676 0.10765043356489445 0.16772296053842295 0.11507805620587286 -0.14032791530847855 -0.7951314902368543 -0.918143345904991 -0.7770185157263978 -0.6540066600582611 -0.4430361152206411 -0.09928052702938639 0.1492190585205464 0.2766614259394422 0.28891048783859996 0.2615455623192051 0.22831672418851157
-1.486551941693563 -1.5866293835930643 -1.6671604501215689 -1.724757102881438 -1.8136279562349011 -1.856108745374533 -1.9415915603303568 -1.9689564858497515 -1.997233575553126 -2.009482637452284 -2.0158677867401424 -1.9899362620812875 -1.9586620614876935 -1.8957227327930855 -1.8136279562349011 -1.640316761278734 -1.350248550773149 -1.0382883998520482 -0.8898662562016164 -0.7149913512157695 -0.4675342390189565 -0.6120471075951891 -1.2936943713663998 -2.1031749300639264 -2.8521920342805043 -1.7535554292613726 -0.8253632174773287 -0.3918246117486308 -0.13003349094642047 -0.10423227545670533 -0.17942066605047113 -0.45671857798033855 -0.855204017210383 -1.0089688367955538 -1.3034675590518978 -1.1076128778345151 -0.6031860840936708 -0.19153941878048886 0.15456173445528543 0.36553227929290544 0.2707975133281435 0.2249286857908721 0.1956091227343777
-1.4958038927025015 -1.5788108334446656 -1.656996334928651 -1.7263208129111176 -1.7912147791428255 -1.8112823911903815 -1.8800856324962885 -1.8845161442470477 -1.8981986070067451 -1.8703124448107902 -1.8283528923477181 -1.7867842673920662 -1.7018226891128023 -1.5700801191122873 -1.4455045534144708 -1.2032598079832568 -1.0685201270925224 -0.7555175028183019 -0.5500199430845608 -0.3571623727573975 -0.011973383705602858 -0.04754778688081607 -1.4591870161741682 -3.3185685506324756 -2.947448036921826 -1.4636175279249275 -0.9426414697033063 -0.876183793441919 -0.844388356171765 -0.8625013306822216 -1.044673549139907 -1.3356539238294718 -1.3566337000610078 -1.5055770803879995 -1.798512092614664 -1.1349778033539097 -0.44890002783194005 -0.07934322415097017 0.2029064362062163 0.4074918317559775 0.2537270121708066 0.1438763825858076 0.11260218199221339
-1.5148290313969377 -1.5812867076583252 -1.6593418999731704 -1.7238449386974581 -1.7428700773918946 -1.749646154187173 -1.76684696451365 -1.7839174656709869 -1.7697137662347293 -1.724366175374018 -1.6646845759079092 -1.5958813346020024 -1.467005566322567 -1.3171500218115952 -1.233621844392871 -1.087154338279539 -1.0143115127302926 -0.8845235802668774 -0.7032635259931718 -0.649185220800082 -0.6721196345687177 -1.1515270678346867 -2.4484942282848605 -3.4625601825321484 -2.372263364337975 -1.1696400423451432 -1.018220787804492 -1.1188194663805529 -1.1325019291402503 -1.0646108520183233 -0.9371684845994274 -0.8630225673587815 -1.0221300628786913 -1.582720108518865 -1.434819201544993 -0.6218202952806872 -0.2722007944781335 -0.24965730821691778 -0.006109471094303931 0.22740456000453158 0.1721534722891822 0.1341031949003093 0.021255454425090692
