static/ASC_sea/1979/02/ERA5U/00.asc
ncols         201
nrows         201
xllcorner     105.0
yllcorner     0.0
cellsize      0.25
NODATA_value  -32767
[rows 19 to 37 of 201, columns 42 to 83 of 201]
3.4332390767856054 2.8385721514626763 2.2810434287557007 1.540329952041202 1.5596964994176192 1.8205752846646512 2.33709249528039 2.3644335033412145 2.4826833632042797 2.5758706323449228 2.603211640405747 2.6633618581395604 2.735132004299224 2.920595175645149 3.0691479861089612 3.250737847979603 3.4694659124661973 3.3468870596601685 3.308381806641174 2.906013304679376 2.6843232976528593 2.468557175706187 2.34780105677088 2.1607429932880735 1.8433594580486714 1.4792683673720277 1.215427639585073 0.9356379904293042 0.8171602888323988 0.7483520852126576 0.7130366164674261 0.7107581991290242 0.733086689045364 0.7706805751289975 0.797110216254461 0.8258182747183265 0.8595388513266765 0.8962213704749491 0.9543210126042008 0.9919148986878342 1.115405118429224 1.2013014520869805
3.0251745314778025 2.7077909962384 2.147756014459182 1.7369573683452968 1.6305552786419222 1.892345430824315 2.41569789345526 2.660855599067318 2.7795611423980637 2.6886522905958232 2.8351545254550734 2.895760426656567 2.9734544578960764 3.07871733893025 3.228181516329423 3.4122776372723065 3.2101820193560466 3.0866917996146572 2.6633618581395604 2.5856678269000515 2.3630664529381735 2.2555251545655977 1.9978361535923288 1.8098667231741616 1.6155177242084688 1.405447645607802 1.1409233926193267 0.9461187101859535 0.8980441043456707 0.8292359007259295 0.7711362585966778 0.7775158271442035 0.8000721587943835 0.8360711527411356 0.8757156144293309 0.9044236728931964 0.907385615433119 0.9670801496992522 1.025635475296184 1.1504927454406153 1.1755553361630375 1.2614516698207938
2.6553873974551534 2.479265737196677 2.261449039645443 2.0103674489535397 1.850878235265398 2.0862387463223273 2.5813388339570875 2.833787475052032 2.7419672563144304 2.579743941820206 2.792092437759275 2.947480500238293 3.041806978048137 3.129526045576615 3.0862361161469765 3.2828635324510715 2.882089922626155 2.5788325748848453 2.0573028461246214 2.140920762443976 2.1750970225200064 2.107200185835626 1.7595136999954768 1.4959008139423624 1.331171240375896 1.1949218835394548 1.1037851900033737 0.9303976305509795 0.9014617303532737 0.8508808654407488 0.7980215831898217 0.8069074108095896 0.8303751093951305 0.8620451103989187 0.8957656870072687 0.9162714430528869 0.9128538170452839 0.9932819490908754 1.0768998654102298 1.2341106617599695 1.2229464168017996 1.2067696536991452
2.7736372573182186 2.547162573881057 2.3272953007252615 2.0213038521778697 2.20175450537931 2.4557980386111358 2.868875102063423 2.8893808581090417 2.762017328892368 2.5318971777137635 2.5831615678278093 2.740372364177549 2.8736597784740674 2.7791054589303834 2.6886522905958232 2.5387324297289697 2.3585096182613694 2.0944410487405745 1.8463214005885942 1.8946238481627171 1.9358632019877937 1.942698454003 1.6296439117065613 1.3630690831135244 1.1887701567257694 1.1393285004824454 1.063685044847498 0.9670801496992522 0.9021452555547943 0.8483746063685065 0.8018948926651052 0.8030341013343062 0.8278688503228883 0.8577161174559549 0.8782218735015731 0.900550363417913 0.9495363361935565 1.05479921722773 1.129986989394997 1.1324932484672392 1.1149494349615436 1.0964942545204872
2.994871580877055 2.6253122885882467 2.2247665204971705 1.75176708104491 2.1764640729230473 2.594553654519819 3.054793956877029 3.1716767663370526 3.1730438167400936 2.995327264344736 2.7476632996604353 2.5877184025046134 2.5934144458506183 2.520277249287913 2.312257746291808 1.928344424771067 1.7902723340639042 1.7365016848776165 1.7756904630981312 1.7590580165277965 1.7458431959650647 1.7317170084669722 1.5241531889385476 1.3644361335165656 1.2325157696230882 1.1871752645888878 1.1208733200413887 1.0342934611821117 0.937688566033866 0.8761712978970112 0.8483746063685065 0.8308307928628109 0.8087301446803112 0.7975658997221413 0.8474632394331457 0.9206004359958507 1.026546842231545 1.081684541820874 1.0700646133950236 0.9812063371973446 0.971409142642216 1.0137877051364936
2.712575672649044 2.5054675365883 2.244360909607428 1.8966744237672788 2.102643351158822 2.3630664529381735 2.7141705647859258 3.3268369870822307 3.5391854830212996 3.3029136050290093 2.592958762382938 2.176008389455367 2.110617811843229 2.262360406580804 2.188084001348898 1.8565742786114032 1.6433144157369735 1.5601521828852996 1.613467148603907 1.6002523280411753 1.6032142705810979 1.617796141546871 1.475395057896744 1.3849418895621837 1.331171240375896 1.264869295828397 1.1935548331364134 1.118822744436827 1.041128713197318 0.9830290710680663 0.9431567676460308 0.8679689954787639 0.7927812233114971 0.7296690630377609 0.7531367616233018 0.7961988493191001 0.8654627364065217 0.9010060468855934 0.923106695068093 0.9240180620034538 0.9180941769236085 1.0012564097752825
2.2619047231131235 2.548985307751779 2.522099983158635 2.7052847371661577 2.386534151523714 2.404989331964771 2.219526160618846 3.073021295584245 3.3751394346563535 3.322963677606947 2.480632787599718 2.04408802556189 1.9748241384744685 1.9786974479497519 1.9108006112653715 1.7859433411209404 1.6203024006191131 1.5113940518434963 1.4049919621401217 1.4220800921781367 1.4464591576990384 1.5250645558739084 1.4523830427788837 1.387448148634426 1.388815199037467 1.2965392968321852 1.220895841197238 1.1516319541098163 1.1012789309311315 1.0495588573494055 1.0110536043304112 0.9171828099882477 0.8415393543533004 0.785945971296291 0.755643020695544 0.7608833805738687 0.7169099259427096 0.7483520852126576 0.8039454682696671 0.9586500055471646 0.9641182071593295 0.9957882081631176
2.2012988219116294 2.559693869242268 3.021756905470199 3.3942781402989306 3.1071975556602753 2.7253348097440955 2.3585096182613694 2.953860068785819 3.073021295584245 2.959783953865664 2.3630664529381735 2.127250258413564 2.061176155599905 1.9606979509763758 1.8474606092577952 1.766348952010683 1.6207580840867934 1.5070650589005323 1.4049919621401217 1.4195738331058945 1.4450921072959972 1.501141173820687 1.4519273593112034 1.4405352726191931 1.446003474231358 1.3601071405736016 1.27945116679417 1.2033520276915421 1.1520876375774967 1.1222403704444301 1.1012789309311315 0.9944211577600764 0.8864241759198204 0.8057682021403887 0.7278463291670393 0.6784046729237153 0.6681517949009063 0.7237451779579157 0.8244512243152853 0.9641182071593295 1.0217621658209006 0.9014617303532737
2.623261712983685 2.7693082643752547 3.2331940344739074 3.469010228998517 3.520730302580243 3.1368169810595017 3.0051244588998647 3.0290478409530857 3.1486647512191923 2.9508981262458964 2.7750043077212596 2.5382767462612894 2.3956478208773224 2.0832768037824048 1.9693559368623035 2.0192532765733078 1.9581916919041336 1.8440429832501921 1.6979964318586223 1.6779463592806843 1.7039203169384673 1.6578962867027465 1.5925057090906083 1.5813414641324384 1.5152673613187797 1.384030522626823 1.3029188653797108 1.2384396547029335 1.2204401577295574 1.1905928905964909 1.1393285004824454 0.9910035317524734 0.882550866444537 0.75108618601874 0.5710912162849799 0.5211938765739755 0.6765819390529937 0.8224006487107234 0.9235623785357734 0.8527035993114703 0.9495363361935565 0.8287802172582491
3.1354499306564603 3.203802450808521 3.1880813711735474 3.35964619675522 3.409315694732384 3.3610132471582608 3.281952165515711 3.294711302610762 3.4371123862608886 3.32638130361455 3.240484969956794 3.0274529488162045 2.780928192801105 2.3796988995085084 2.06664435721207 2.1144911213185127 2.0559357957215805 1.973457088071427 1.8356128390981046 1.8098667231741616 1.7433369368928224 1.6779463592806843 1.6339729046495253 1.6804526183529265 1.6373905306571284 1.4772177917674658 1.2696539722390412 1.17851727870296 1.16712519201095 1.129075622459636 1.068014037790462 0.9215118029312116 0.7770601436765231 0.6355704269617573 0.4460061044067086 0.4182094128782039 0.5817997777754694 0.7672629491213944 0.9406505085737886 0.8855128089844596 0.993965474292396 1.0759884984748689
3.436201019325528 3.3580513046183382 3.298128928618365 3.346431376192488 3.2908379931354785 3.10127367058043 3.0026181998276225 3.0974003611051466 3.389265622154446 3.6280437592189787 3.747660669485085 3.3819746866715596 2.7642957462307702 2.1315792513565275 1.856118595143723 1.8194360759954502 1.7526784479802708 1.718957871371921 1.7946013270068681 1.8235372272045738 1.6822753522236482 1.5745062121172324 1.5749618955849127 1.6622252796457104 1.714628878428957 1.5152673613187797 1.220895841197238 1.0363440367866736 0.9654852575623707 0.9329038896232217 0.8604502182620373 0.7975658997221413 0.6925308604218079 0.528484812056862 0.3302625036158857 0.2263666729847533 0.3737802747793644 0.6218999229313451 0.9645738906270098 1.0440906557372405 1.2354777121630107 1.251654475265665
3.6257653418805766 3.5211859860479233 3.3981514497742142 3.422074831827435 3.176461442747697 2.7971049559037593 2.627590705926649 2.9317594206033193 3.0274529488162045 3.300407345956767 3.149576118154553 2.9679862562839117 2.2908406233108294 1.7424255699574618 1.4182067827028533 1.3443860609386278 1.366031025653447 1.598885277638134 1.8048542050296772 1.880953344132305 1.7946013270068681 1.5558231899423358 1.525975922809269 1.4728887988245019 1.5836198814708404 1.4152448401629307 1.2195287907941965 0.8953100035395882 0.7595163301708275 0.6403551033724015 0.5895463967260363 0.5874958211214745 0.5369149562089495 0.42846229090101307 0.2359360258060418 0.1846716356919962 0.1999370318592898 0.39724797336490525 0.6740756799807515 1.03201504384371 1.2598567776839125 1.225680517607882
3.8565690182607018 3.8121398801618622 3.7169020354166573 3.6232590828083344 3.1974228822609954 2.747207616192755 2.446000844056007 2.569946747265077 2.6553873974551534 2.344839114230957 2.136819611234852 2.064593781607508 1.9313063673109896 1.6895662877065347 1.3250195135622105 1.0290531013037871 0.9704977757068551 1.252565842201026 1.7795637725734148 2.0475056515694927 1.918091546748258 1.5027360659575686 1.1960610922086559 1.1329489319349195 1.2594010942162321 1.2594010942162321 1.073937922870307 0.7731868342012397 0.6223556063990255 0.5186876175017333 0.3942860308249826 0.3669450227641583 0.29403566793529345 0.2345689754030006 0.10128156110648205 0.11495206513689421 0.16279882924333677 0.30201012861970056 0.480182364482739 0.6834171910681999 0.8390330952810582 0.8126034541555948
3.617790881196169 3.658802393287406 3.661308652359648 3.6599416019566067 3.1853472703674646 2.71895524119657 2.309751487219566 2.154591266474388 1.9739127715391076 1.769766578018286 1.6116444147331854 1.7784245639042138 2.040670399554287 1.9700394620638242 1.4845087272503523 1.0240405831593027 0.7654402152506727 1.194010516604094 1.5822528310677992 1.9215091727558609 1.5886323996153249 1.1965167756763362 0.8044011517373474 0.7688578412582758 0.9094361910376808 1.0192559067486584 0.864551369471161 0.6203050307944636 0.4542084068249559 0.4460061044067086 0.3131743735778705 0.15300163468820804 -0.01582909008738209 -0.0853208189086439 -0.017879665691943936 0.12520494315970332 0.24391048649044889 0.22773372338779452 0.22431609738019148 0.3136300570455509 0.47972668101505866 0.5357757475397484
3.3113437491810966 3.4849591503673314 3.5710833257589276 3.409315694732384 2.7647514296984506 2.2149693259420418 1.8390304651057077 1.6984521153263026 1.4514716758435229 1.1261136799197136 0.999661517638401 1.428003977257982 1.9948742110524063 1.9914565850448032 1.428003977257982 0.971409142642216 0.962523315022448 1.305425124451953 1.452838726246564 1.375144695007055 1.0495588573494055 0.777971510611884 0.5540030862469647 0.4972704945207542 0.6271402828096697 0.7526810781556215 0.7107581991290242 0.47972668101505866 0.31066811450562826 0.28537768204936576 0.21543026976042357 0.06710530103045166 -0.13271189954740606 -0.17850808804928678 -0.09101686225464897 0.07394055304565775 0.22180983830794926 0.2789981135018401 0.3391483312356536 0.43438617598085827 0.4337026507793377 0.3648944471595965
2.9752771917667977 3.009453451842828 2.957277694793422 2.914671290565304 2.233652348116938 1.5656203844974643 1.063685044847498 1.2609959863531135 1.2589454107485516 1.0021677767106432 0.5724582666880211 1.0534321668246889 1.7155402453643178 1.9021426253794438 1.4986349147484448 1.115405118429224 1.2081367041021864 1.2443635397827788 1.264869295828397 1.0324707273113902 0.8668297868095629 0.6617722263533806 0.5437502082241555 0.4289179743686935 0.46446128484776505 0.4567146658971981 0.4097792687261165 0.26282135039918575 0.18968415383648068 0.18808926169959927 0.08510479800382767 -0.07347304874895336 -0.2618981626348009 -0.2541515436842341 -0.040435997342124 0.21064559334977934 0.375603008650086 0.5694963241480985 0.6920751769541276 0.697087695098612 0.3072504884980253 0.15641926069581108
2.780016825865744 2.297675875326035 2.0661886737443895 2.0495562271740546 1.7693108945506055 1.1627961990679863 0.4220827223534873 0.9415618755091494 1.0226735327562615 1.1495813785052544 0.5177762505663724 0.8766269813646916 1.3464366365431895 1.720324921774962 1.4366619631439097 1.270337497440562 1.2853750518740152 1.2238577837371605 1.0978613049235284 0.9461187101859535 0.85224791584379 0.699366112437014 0.5369149562089495 0.4109184773953174 0.26487192600374754 0.20677228387449587 0.1226986840874611 0.1290782526349868 0.08464911453614726 -0.017879665691943936 -0.10810499229266418 -0.24389866566142496 -0.24640492473366718 -0.128155064870602 0.05639673953996213 0.18626652782887765 0.09877530203423983 0.33664207216341135 0.6287351749465512 0.788224388634693 0.36603365582879754 0.1755579663383881
2.421166095067425 2.029961838063797 1.7385522604821781 1.5164065699879807 1.2764892242542474 0.8850571255167792 0.1819375348859138 0.6070902102317319 1.051381591220127 1.2819574258664121 0.7057456809845397 0.48906819210250696 0.8497416567715478 1.3614741909766428 1.4601296617294506 1.3113490095317983 1.3072478583226745 1.1443410186269298 1.0183445398132975 0.8775383483000525 0.833109210201213 0.6788603563913957 0.45238567295423426 0.3434773241786174 0.2003927153269702 0.09490199255895637 0.036802350429704714 0.013790335311844246 -0.1520784469238233 -0.34642744588951613 -0.35964226645224784 -0.0837259267717625 0.07348486957797734 0.17783638367679014 0.1735073907338263 0.24391048649044889 -0.0853208189086439 0.07644681211789997 0.372185382642483 0.6667847444978651 0.2448218534258097 0.0534347970000395
1.7385522604821781 1.8244485941399347 1.5318998078891144 1.140239867417806 1.0675583543227813 0.6745313634484319 0.005588032893596939 0.31613631611779314 0.7624782727107501 1.2985898724367468 0.8394887787487386 0.6223556063990255 0.476764738475136 1.0342934611821117 1.1247466295166724 1.145708069029971 1.2448192232504591 1.1359108744748423 0.9846239632049477 0.7731868342012397 0.6754427303837928 0.5715468997526603 0.3703626487717614 0.27421343709119583 0.15983688670341414 0.054346163935400316 -0.06322017072614425 -0.19354564248274017 -0.3600979499199283 -0.4603483128096174 -0.10240894894665911 0.1744187576691871 0.2755804874942371 0.2785424300341597 0.27421343709119583 0.23206271633075837 -0.21017808905307497 -0.05456218484021655 0.06664961756277125 0.26532760947142797 -0.11311751043714863 -0.13066132394284422
