static/ASC_sea/1979/02/ERA5U/00.asc
ncols         201
nrows         201
xllcorner     105.0
yllcorner     0.0
cellsize      0.25
NODATA_value  -32767
[rows 171 to 189 of 201, columns 0 to 41 of 201]
-5.137483425081298 -5.195127383742869 -5.2425184643816305 -5.289909545020393 -5.351426813157247 -5.368970626662943 -5.358717748640134 -5.308364725461449 -5.236138895834105 -5.1516096125793895 -5.036321695256247 -4.959311189218259 -4.879110898906507 -4.852225574313364 -4.805518018876122 -4.785923629765865 -4.732152980579577 -4.664939669096717 -4.585195062252646 -4.49929872859489 -4.450084914085406 -4.390390379819273 -4.394263689294556 -4.36509994736301 -4.395858581431438 -4.390846063286953 -4.3694289403059745 -4.37535282538582 -4.400643257842082 -4.411807502800252 -4.413858078404814 -4.390390379819273 -4.388567645948552 -4.382643760868706 -4.373302249781258 -4.381732393933345 -4.40952908546185 -4.468084411058782 -4.525272686252673 -4.553525061248858 -4.641927653978857 -4.673597654982645
-5.064346228518592 -5.110142417020473 -5.1668750087466835 -5.206291628701039 -5.253682709339801 -5.248898032929157 -5.236594579301785 -5.176444361567972 -5.102851481537587 -4.997360758769573 -4.880705791043389 -4.834681760807668 -4.788429888838107 -4.765417873720247 -4.751747369689834 -4.721444419089087 -4.669268662039681 -4.601371825355301 -4.51091865702074 -4.433452467515071 -4.359631745750845 -4.326366852610176 -4.335252680229944 -4.337303255834506 -4.340720881842109 -4.312696348579764 -4.292874117735666 -4.30882303910448 -4.327050377811696 -4.336619730632985 -4.337303255834506 -4.325455485674815 -4.316797499788888 -4.314291240716646 -4.306544621766078 -4.316797499788888 -4.363505055226129 -4.4065671429219275 -4.492919160047364 -4.5286903122602755 -4.6394213949066145 -4.697065353568186
-4.990981190222047 -5.0149045722752685 -5.0773332073474835 -5.104674215408308 -5.136116374678256 -5.1297368061307305 -5.101940114602225 -5.043156947271454 -4.958855505750578 -4.852225574313364 -4.772253125735452 -4.721900102556768 -4.693647727560583 -4.676103914054887 -4.669724345507361 -4.642383337446537 -4.590663263864811 -4.527551103591075 -4.438237143925716 -4.356669803210923 -4.275102462496131 -4.275785987697651 -4.2639382175379605 -4.273735412093089 -4.235685842541775 -4.209256201416312 -4.211762460488554 -4.226344331454327 -4.239103468549378 -4.25277397257979 -4.23021764092961 -4.246850087499945 -4.23021764092961 -4.235230159074095 -4.2268000149220075 -4.231812533066492 -4.277153038100693 -4.300620736686233 -4.392440955423835 -4.426617215499865 -4.514336283028343 -4.559448946328703
-4.864073344473054 -4.885490467454034 -4.942678742647924 -4.966602124701145 -4.989614139819006 -5.002145435180217 -4.97138680111179 -4.929463922085192 -4.844934638830477 -4.753114420092875 -4.687723842480738 -4.617548588457955 -4.6009161418876205 -4.5877013213248885 -4.582916644914244 -4.5599046297963834 -4.525272686252673 -4.462160525978937 -4.3758085088535 -4.291734909066466 -4.211762460488554 -4.210623251819353 -4.183282243758529 -4.181915193355487 -4.141815048199612 -4.118347349614071 -4.120853608686313 -4.1286002276368805 -4.142270731667292 -4.148194616747138 -4.117891666146391 -4.138397422192009 -4.11652461574335 -4.124271234693916 -4.0994364857053345 -4.104221162115978 -4.131562170176803 -4.155485552230024 -4.19649706432126 -4.199459006861183 -4.236597209477136 -4.150245192351699
-4.6560538414769495 -4.6931920440929025 -4.742405858602386 -4.80346744327156 -4.815770896898932 -4.839694278952153 -4.834681760807668 -4.793670248716432 -4.721444419089087 -4.632586142891408 -4.580866069309683 -4.52185506024507 -4.529145995727957 -4.500665778997931 -4.490412900975122 -4.4762867134770294 -4.4432496620702 -4.3919852719561545 -4.3031269957584755 -4.227711381857368 -4.15070087581938 -4.114929723606468 -4.109233680260463 -4.097385910100773 -4.049083462526649 -4.018780511925902 -4.006704900032371 -4.01581856938598 -4.024704397005748 -4.011489576443016 -4.015362885918299 -4.006249216564691 -3.987566194389795 -3.95976950286129 -3.9324284948004653 -3.9064545371426824 -3.9276438183898215 -3.9196693577054145 -3.9137454726255694 -3.8572407226331986 -3.7316999272872473 -3.5621856773101364
-4.43231325884587 -4.487678800169039 -4.508640239682338 -4.613675278982671 -4.637598661035892 -4.682027799134732 -4.696153986632825 -4.6706357124427225 -4.601371825355301 -4.530513046130998 -4.47674239694471 -4.445528079408602 -4.401554624777443 -4.348467500792676 -4.360087429218526 -4.348923184260356 -4.329328795150099 -4.287405916123501 -4.223838072382085 -4.151612242754741 -4.089639291150205 -4.042248210511444 -4.03928626797152 -3.9793638919715475 -3.935390437340388 -3.8939232417814713 -3.8791135290818586 -3.8772907952111364 -3.8727339605343323 -3.880252737751059 -3.9183023073023735 -3.8791135290818586 -3.8665822337206475 -3.798229713568586 -3.742864172245417 -3.709827120838588 -3.666309349675109 -3.6355507156066817 -3.513883229736013 -3.4343664646257825 -3.097388540276123 -2.737626442542443
-4.166194113720514 -4.257558648990435 -4.322037859667212 -4.422060380823061 -4.4596542669066945 -4.51091865702074 -4.524589161051153 -4.509095923150019 -4.4749196630739885 -4.427528582435226 -4.381048868731825 -4.3395816731729075 -4.304038362693836 -4.284443973583579 -4.251179080442909 -4.225888647986647 -4.2028766328687865 -4.175535624807962 -4.132701378846003 -4.074601736716752 -4.020831087530464 -3.97047806435178 -3.921264249842296 -3.880252737751059 -3.8333173405799776 -3.7713443889754426 -3.720079998861397 -3.7073208617663456 -3.7321556107549276 -3.7679267629678392 -3.7727114393784835 -3.7018526601541804 -3.6736002851579954 -3.5788181238804713 -3.512060495865292 -3.4318602055535403 -3.357128116853954 -3.2899148053710943 -3.077338467698185 -2.874787166314245 -2.4421157137517002 -2.01491246280132
-3.983692884914511 -4.055463031074175 -4.140447997796571 -4.225888647986647 -4.279659297172935 -4.341176565309789 -4.389934696351593 -4.405655775986567 -4.373757933248938 -4.3177088667242485 -4.28603886572046 -4.243432461492342 -4.192623754845977 -4.136119004853607 -4.082348355667319 -4.0994364857053345 -4.09556317623005 -4.075968787119793 -4.049083462526649 -4.0032872740247685 -3.9363018042757494 -3.887999356701626 -3.8312667649754157 -3.7850148930058545 -3.6945617246712943 -3.6385126581466043 -3.612538700488821 -3.6018301389983316 -3.604792081538254 -3.5915772609755225 -3.5872482680325586 -3.5355281944508326 -3.4596568970820454 -3.357128116853954 -3.2591561713026667 -3.1217676057970247 -2.9789108386792176 -2.829446661280045 -2.602744136109043 -2.286499809538842 -1.8308163418584362 -1.2516426544366412
-3.8551901470286367 -3.9235426671806977 -3.9884775613251557 -4.075513103652113 -4.1292837528384005 -4.186244186298452 -4.23021764092961 -4.245938720564585 -4.224977281051286 -4.19649706432126 -4.166194113720514 -4.134524112716726 -4.09556317623005 -4.048172095591289 -4.018780511925902 -3.994401446405001 -3.9748070572947434 -3.956351876853687 -3.9235426671806977 -3.874784536138894 -3.8187354696142046 -3.7624585613556745 -3.699118559348098 -3.664258774070547 -3.598868196458409 -3.550565748884286 -3.503174668245524 -3.4544165372037203 -3.4573784797436433 -3.4304931551504994 -3.3869753839870205 -3.303585309401506 -3.210625881994704 -3.1067300513635714 -2.9479243628769503 -2.7868402570519266 -2.5877065816755898 -2.3664722581167528 -2.105365631135881 -1.6380622350296248 -1.1707588389233692 -0.6877343631821397
-3.7727114393784835 -3.81326726800204 -3.876835111743456 -3.9435927397586354 -3.996907705477243 -4.065715909096984 -4.114929723606468 -4.131106486709123 -4.119942241750953 -4.0921455502224475 -4.055918714541855 -4.02721065607799 -3.99349007946964 -3.919213674237734 -3.8898220905723475 -3.8488105784811113 -3.83582359965222 -3.817140577477323 -3.7781796409906483 -3.740585754907015 -3.6799798537055213 -3.6410189172188465 -3.57790675694511 -3.5252753164280235 -3.4544165372037203 -3.4015572549527935 -3.36350768540148 -3.3309263174623305 -3.28490228722661 -3.233637897112564 -3.1668802690973847 -3.089641921325556 -2.9743540040024135 -2.829446661280045 -2.647856799409403 -2.427533842785927 -2.2208813901928632 -1.8777517390295182 -1.484269064687488 -0.8362871736459517 -0.547611696870415 -0.2345571545739766
-3.6740559686256757 -3.7189407901921956 -3.783420000868973 -3.8435702186027867 -3.9069102206103627 -3.9460989988308777 -3.989161086526676 -4.009666842572294 -3.998274755880284 -3.985743460519073 -3.9748070572947434 -3.94860525790312 -3.9397194302833523 -3.864531658116085 -3.776129065386087 -3.7355732367625305 -3.7111941712416288 -3.6893213647929692 -3.6307660391960375 -3.604336398070574 -3.5432748134013994 -3.505680927317766 -3.4309488386181797 -3.365102577538361 -3.297661424321661 -3.2249799112266366 -3.1848797660707606 -3.1354381098274366 -3.0798447267704274 -3.031086595728624 -2.9349373840480584 -2.841066589705895 -2.6649449294474183 -2.507050607896158 -2.303587939576857 -2.079847356945778 -1.6927442511512736 -1.2814899215697078 -0.7927694024824731 -0.29561873924315096 -0.20334283703786885 -0.05980254471854121
-3.5715271883975848 -3.6355507156066817 -3.6922833073328922 -3.7444590643822986 -3.8030143899792304 -3.835140074450699 -3.8567850391655183 -3.876835111743456 -3.8718225935989716 -3.8611140321084823 -3.8658987085191265 -3.8410639595305445 -3.852911729690235 -3.7458261147853396 -3.674511652093356 -3.5851976924279967 -3.562869202511657 -3.5466924394090027 -3.489959847682792 -3.4630745230896482 -3.4159112841847263 -3.3685202035459643 -3.2757886178730016 -3.202423579576456 -3.126780123941509 -3.0550099777818454 -2.998277386055635 -2.9479243628769503 -2.862483712686874 -2.805067595759143 -2.6692739223903823 -2.5437331270444306 -2.3562193800939437 -2.148655560565519 -1.9397246906340533 -1.532571512261611 -1.136582578847339 -0.711657745235361 -0.32683305677925867 -0.18147003058920944 -0.1707614690987199 -0.006715420733773986
-3.474466609781658 -3.544641863804441 -3.5847420089603164 -3.6364620825420424 -3.671094026085753 -3.7025361853557013 -3.7234976248689997 -3.713700430313871 -3.7093714373709075 -3.6701826591503925 -3.660385464595264 -3.561729993842456 -3.4074811400326386 -3.1844240826030803 -3.5378066117892346 -3.4352778315611436 -3.391987902131505 -3.3758111390288508 -3.334343943469934 -3.295610848717099 -3.2737380422684397 -3.2072082559871005 -3.1229068144662255 -3.047719042298959 -2.969113644124089 -2.888457670344657 -2.831725078618447 -2.7346645000025203 -2.6448948568694806 -2.528695572610977 -2.3885729062992525 -2.232729160352554 -2.0251653408241292 -1.8107662692804984 -1.4398399265886486 -1.0329145899500467 -0.6569757291137123 -0.2482276586043888 -0.21815254973748202 -0.21906391667284283 -0.20721614651315232 -0.04476499028508785
-3.3680645200782835 -3.4186453849908087 -3.4612517892189265 -3.5070479777208075 -3.53256625191091 -3.559451576504054 -3.571982871865265 -3.55489474182725 -3.5286929424356264 -3.4958837327626373 -3.3357109938729748 -3.2195117096144714 -2.645350540337161 -2.2776139819190737 -3.0716424243521803 -3.351432073507949 -3.2801176108159655 -3.215182716671508 -3.1814621400631578 -3.130197749949112 -3.1135653033787776 -3.0272132862533407 -2.9720755866640114 -2.905545800382672 -2.821016517127957 -2.73420881653484 -2.6159589566717747 -2.508189816565359 -2.381054129082526 -2.2356911028924764 -2.103315055531319 -1.9212695101929966 -1.6995795031664795 -1.3933602128852471 -0.9875740849158463 -0.6248500446422437 -0.2566578027564763 -0.10969988442954559 -0.17372341163864255 -0.14000283503029257 -0.21860823320516246 -0.10673794188962296
-3.239106098724729 -3.2746494092038008 -3.3240910654471247 -3.3313820009300112 -3.4061140896295976 -3.4083925069679997 -3.427986896078257 -3.3954055281391082 -3.3562167499185933 -3.2653078981163524 -3.0632122802000925 -2.915342994937801 -2.3001703135692537 -2.0837206664210615 -2.986201774162104 -3.243435091667693 -3.132020483819834 -3.066629906207696 -3.0285803366563817 -2.9832398316221815 -2.9435953699339863 -2.881166734861771 -2.8205608336602768 -2.7326139243979584 -2.6462619072725215 -2.534391615956982 -2.404521827668067 -2.2630321109533007 -2.123820811576937 -1.9622810222842333 -1.7893491462995195 -1.6385179184973053 -1.410904026390943 -0.9969155960032947 -0.5792816978742032 -0.29220111323554787 -0.19172290861201854 -0.09739643080217464 -0.08577650237632431 -0.06527074633070606 -0.16050859107591078 -0.21222866465763676
-3.0695918487476184 -3.1126539364434165 -3.202423579576456 -3.1969553779642914 -3.2721431501315585 -3.254143653158182 -3.225435594694317 -3.175082571515632 -3.1165272459187 -3.0306309122609436 -2.888457670344657 -2.7273735645196338 -2.7371707590747625 -2.8572433528085495 -3.2126764575992657 -3.087135662253314 -2.9914421340404287 -2.941089110861744 -2.8620280292191937 -2.8157761572496325 -2.7332974495994793 -2.693652987911284 -2.612541330664172 -2.5437331270444306 -2.4300401018581694 -2.2994867883677332 -2.175540885158663 -2.042709154329825 -1.8836756241093633 -1.7317051876379481 -1.5305209366570491 -1.2990337350754033 -0.9914473943911297 -0.5735856545281981 -0.30154262432299617 -0.23273442070325503 -0.16734384309111686 -0.0231200255702686 0.013334651844163839 -0.09443448826225201 -0.09215607092384998 -0.16962226042951886
-2.950886305416873 -2.9807335725499393 -3.0101251562153255 -3.0465798336297576 -3.0285803366563817 -3.0969328568084427 -3.06025033766017 -2.9998722781925165 -2.926507239895971 -2.8440285322458174 -2.77909363810136 -2.7064121250063353 -2.8269404022078026 -3.006707530207722 -3.056832711652567 -2.943139686466306 -2.849952417325663 -2.757676515120381 -2.6756534909379077 -2.6560591018276503 -2.560821257082446 -2.534391615956982 -2.4040661442003866 -2.307916932519821 -2.187844338786034 -2.0759740474704946 -1.9661543317595165 -1.830360658390756 -1.6453531705125113 -1.4074864003833398 -1.2028845233948378 -0.8415275335242764 -0.48085406885523563 -0.28582154468802223 -0.20881103865003373 -0.19263427554737936 -0.1267880144675608 -0.04727124935733007 -0.008538154604495612 -0.034056428794598304 -0.05547355177557736 -0.19855816062722462
-2.794814717736334 -2.8205608336602768 -2.819649466724916 -2.9144316280024403 -2.83514270462605 -2.9128367358655587 -2.868407597766719 -2.8112193225728284 -2.751296946572855 -2.6966149304512066 -2.6530971592877277 -2.7248673054473915 -2.7975488185424164 -2.8982548648997857 -2.8738757993788844 -2.785928890116566 -2.6843114768238356 -2.6013770857060017 -2.5291512560786575 -2.4471282318961847 -2.345055135135774 -2.3108788750597435 -2.2037932601548484 -2.101264479926757 -1.963192389219594 -1.822614039440189 -1.6642640344212483 -1.3733101403073094 -1.0700527925659997 -0.697075874269588 -0.6032050799274244 -0.36898377753969613 -0.2532401767488732 -0.1361295255550091 -0.10126974027745808 -0.0848651354409635 -0.11448456084018985 -0.12086412938771554 -0.1106112513649064 -0.06139743685542262 -0.0773463582242368 -0.2618981626348009
-2.6237055756223415 -2.645806223804841 -2.645806223804841 -2.729879823591876 -2.697070613918887 -2.7303355070595563 -2.7312468739949174 -2.672691548397985 -2.630768669371388 -2.5890736320786307 -2.585656006071028 -2.6389709717896355 -2.7034501824664128 -2.727829247987314 -2.6838557933561553 -2.6278067268314653 -2.5291512560786575 -2.43095146879353 -2.3459665020711347 -2.2625764274856204 -2.2015148428164464 -2.098986062588355 -1.9543065615998263 -1.839702169478204 -1.529153886254008 -1.2814899215697078 -0.9577268177827798 -0.693658248261985 -0.5906737845662133 -0.3997424116081235 -0.4084003974940512 -0.20288715357018847 -0.07347304874895336 -0.06959973927366991 -0.046587724155809446 -0.01879103262730475 -0.0329172201253973 -0.10286463241433952 -0.12382607192763814 -0.1267880144675608 -0.13453463341812769 -0.3532626979047222
