static/ASC_sea/1979/02/ERA5U/00.asc
ncols         201
nrows         201
xllcorner     105.0
yllcorner     0.0
cellsize      0.25
NODATA_value  -32767
[rows 0 to 18 of 201, columns 84 to 125 of 201]
0.7125809329997458 0.9787000781251024 1.1960610922086559 1.4366619631439097 1.6036699540487782 1.457167719189528 1.158011522657342 0.9982944672353599 0.8693360458818051 0.9278913714787372 0.9206004359958507 0.8918923775319852 0.8912088523304647 0.9000946799502325 0.8918923775319852 0.7989329501251825 0.6280516497450306 0.7727311507335592 0.8492859733038673 0.8611337434635579 0.7996164753267032 0.7052899975168593 0.8547541749160322 1.0076359783228082 0.9727761930452572 0.7838953956917292 0.5631167556005728 0.7346815811822455 0.85224791584379 0.9884972726802311 0.7677186325890748 0.29266861753225226 0.5540030862469647 0.5763315761633045 0.5118523654865272 0.22818940685547492 -0.18329276445993106 0.05981436554756517 0.15163458428516685 0.055941056072281725 0.015840910916406062 0.3557807778059884
0.6629114350225815 0.7654402152506727 1.1281642555242752 1.3699043351287303 1.5164065699879807 1.513444627448058 1.243452172847418 1.0974056214558479 1.0684697212581422 1.1128988593569817 1.1056079238740952 1.0538878502923692 1.042267921866519 1.051381591220127 1.0358883533189933 0.8800446073722947 0.7014166880415759 0.8356154692734552 0.9014617303532737 0.9675358331669325 0.9048793563608768 0.839944462216419 0.8898418019274235 1.0436349722695601 1.1033295065356932 1.2067696536991452 1.0270025256992252 1.2136049057143514 1.3152223190070818 1.284008001470974 1.0616344692429363 0.6100521527716546 0.9210561194635312 0.9436124511137113 0.6724807878438701 0.3528188352660658 -0.046587724155809446 0.18125400968439317 0.13841976372243509 -0.14911650438390064 -0.1896723330074567 -0.06185312032310303
0.5173205670986921 0.6018498503534072 0.9919148986878342 1.2452749067181395 1.3498542625507925 1.34689232001087 1.3234246214253291 1.3225132544899683 1.2935773542922624 1.3318547655774164 1.390865774642029 1.3366394419880607 1.3170450528778033 1.3067921748549942 1.2815017423987318 1.1252023129843527 0.8991833130148718 0.7688578412582758 0.8347041023380943 0.8663741033418826 0.9244737454711343 0.8727536718894082 0.8816394995091761 0.8039454682696671 0.8018948926651052 0.9060185650300778 1.052520799889328 1.3122603764671592 1.4147891566952502 1.1739604440261562 0.91968906906049 0.45375272335727557 0.80736309427727 0.9474857605889947 0.6519750317982519 0.3302625036158857 0.14616638267300197 0.19834213972240838 0.1550522102927699 -0.09944700640673648 -0.11562376950939085 0.023131846399292555
0.6335198513571955 0.6177987717222214 0.8044011517373474 1.0543435337600497 1.17851727870296 1.255983468208629 1.251654475265665 1.2858307353416956 1.3678537595241684 1.4519273593112034 1.5182293038587023 1.5993409611058145 1.579746571995557 1.5710885861096293 1.5660760679651449 1.4781291587028267 1.2477811657903817 0.9962438916307981 0.7043786305814984 0.576787259630985 0.6485574057906488 0.8625007938665991 0.9244737454711343 0.8449569803609035 0.6355704269617573 0.5157256749618107 0.6799995650605968 0.9313089974863403 0.956827271676443 0.7346815811822455 0.49248581811010994 0.35965408728127185 0.6159760378514998 0.7560987041632244 0.48792898343330593 0.44987941388199204 0.35919840381359147 0.3981593403002661 0.3664893392964779 0.164165879646378 0.14434364880228034 0.1842159522243158
0.8565769087867539 0.8210335983076822 0.8360711527411356 0.8287802172582491 0.8697917293494856 0.9739154017144582 1.1295313059273164 1.2003900851516196 1.2935773542922624 1.4337000206039872 1.575417579052593 1.6881992373034935 1.6492383008168188 1.6827310356913285 1.8565742786114032 1.7638426929384408 1.5724556365126705 1.206313970231465 0.9089805075700005 0.7077962565891015 0.8205779148400018 1.0974056214558479 1.2853750518740152 1.328892823037494 1.0730265559349463 0.8542984914483518 0.6834171910681999 0.6706580539731485 0.6271402828096697 0.5225609269770167 0.47038516992761037 0.5015994874637181 0.6348869017602367 0.6301022253495924 0.35464156913678735 0.37765358425464784 0.5328138049998259 0.5699520076157789 0.5416996326195938 0.35805919514439044 0.33413581309116913 0.30884538063490663
0.9317646809540207 0.8957656870072687 0.8228563321784038 0.697087695098612 0.6809109319959576 0.7262514370301579 0.8855128089844596 1.0035348271136846 1.0964942545204872 1.3238803048930095 1.5006854903530067 1.6203024006191131 1.6412638401324118 1.6672377977901949 1.7843484489840589 1.7570074409232346 1.6348842715848861 1.352816205090715 1.1461637524976513 1.0641407283151785 1.2204401577295574 1.444636423828317 1.704376000406148 1.7305777997977712 1.6139228320715875 1.353727572026076 1.1842133220489652 1.1217846869767496 1.026546842231545 0.9112589249084024 0.7458458261404154 0.7472128765434566 0.8586274843913156 0.7326310055776836 0.6373931608324789 0.5861287707184333 0.551041143707042 0.5157256749618107 0.4656004935169661 0.4899795590378677 0.5578763957222481 0.403627541912431
0.9342709400262629 0.9244737454711343 0.8599945347943568 0.7164542424750292 0.6433170459123242 0.6394437364370407 0.8009835257297444 0.9048793563608768 0.9734597182467778 1.081684541820874 1.179428645638321 1.287425627478577 1.3619298744443233 1.4519273593112034 1.590910816953727 1.5813414641324384 1.4815467847104296 1.3421076436002257 1.2106429631744287 1.1432018099577288 1.2981341889690665 1.51572304478646 1.7335397423376937 1.6881992373034935 1.4810911012427492 1.3131717434025199 1.2418572807105366 1.294260879493783 1.2106429631744287 1.0992283553265696 0.9372328825661855 0.9210561194635312 0.9948768412277569 0.8410836708856201 0.7526810781556215 0.7761487767411623 0.6872905005434833 0.6052674763610103 0.6925308604218079 0.7283020126347197 0.7369599985206474 0.5118523654865272
0.9670801496992522 0.9577386386118037 0.8966770539426295 0.7579214380339461 0.6496966144598498 0.5856730872507528 0.7693135247259563 0.8839179168475781 0.9782443946574221 1.052520799889328 1.1320375649995587 1.1060636073417756 1.1418347595546876 1.2183895821249957 1.444636423828317 1.532355491356795 1.4947616052731614 1.372866277668653 1.3029188653797108 1.294260879493783 1.4352949127408685 1.590910816953727 1.6408081566647312 1.54944362139481 1.2306930357523667 1.2047190780945836 1.1803400125736818 1.3250195135622105 1.3478036869462307 1.2815017423987318 1.1956054087409753 1.1012789309311315 1.0500145408170858 0.8176159723000792 0.6560761830073755 0.6535699239351332 0.6902524430834059 0.8098693533495123 0.871386621486367 0.8581718009236352 0.7052899975168593 0.6109635197070153
0.9406505085737886 0.9957882081631176 0.9420175589768298 0.8141983462924761 0.6403551033724015 0.5567371870530471 0.6916194934864471 0.8176159723000792 0.9329038896232217 1.0616344692429363 1.1495813785052544 1.1072028160109766 1.051381591220127 0.9572829551441234 1.3995237605279567 1.5139003109157385 1.7107555689536735 1.3396013845279835 1.237983971235253 1.3455252696078286 1.454889301851126 1.5870375074784435 1.525975922809269 1.4396239056838325 1.2473254823227014 1.2810460589310513 1.342563327067906 1.3981567101249155 1.4416744812883941 1.4772177917674658 1.4289153441933429 1.3400570679956638 1.2844636849386544 1.1623405156003057 1.0178888563456172 0.8552098583837127 0.8419950378209808 0.9274356880110568 0.8483746063685065 0.7424282001328123 0.6228112898667059 0.6544812908704941
0.992826265623195 1.0611787857752557 1.05479921722773 0.9123981335776035 0.7305804299731218 0.5505854602393616 0.6095964693039742 0.7360486315852867 0.7189605015472714 0.9128538170452839 1.0012564097752825 1.2008457686193 1.0500145408170858 0.9513590700642781 1.3532718885583956 1.6827310356913285 1.9215091727558609 1.517773620391022 1.3122603764671592 1.4630916042693733 1.5749618955849127 1.6613139127103496 1.5984295941704536 1.5113940518434963 1.6300995951742419 1.6594911788396278 1.7210084469764826 1.7301221163300908 1.6881992373034935 1.707793626413751 1.643770099204654 1.595467651630531 1.5489879379271296 1.4430415316914353 1.328892823037494 1.1529990045128575 1.114493751493863 0.9436124511137113 0.700505321106215 0.5934197062013198 0.6569875499427363 0.662227909821061
1.1090255498816983 1.1534546879805379 1.1470751194330122 1.013332021668813 0.9235623785357734 0.7424282001328123 0.736504315052967 0.5758758926956241 0.5186876175017333 0.688201867478844 0.959105689014845 1.3664867091211272 1.214516272649712 1.1529990045128575 1.2956279298968243 1.6266819691666388 1.9185472302159383 1.6344285881172056 1.428003977257982 1.590910816953727 1.6690605316609164 1.7565517574555543 1.7745512544289304 1.8873329126798306 2.0119623410904213 2.0247214781854725 2.001709463067612 2.013785074961143 1.9714065124668654 1.9201421223528197 1.8274105366798572 1.7784245639042138 1.629188228238881 1.334588866383499 1.219984474261877 1.2013014520869805 1.2541607343379075 1.0821402252885544 0.7984772666575022 0.7531367616233018 0.8326535267335325 0.8137426628247957
1.163707566003347 1.1935548331364134 1.204263394626903 1.1085698664140178 1.0231292162239418 1.0137877051364936 0.9244737454711343 0.763389639646111 0.5157256749618107 0.5369149562089495 0.8087301446803112 1.378562321014658 1.517773620391022 1.4621802373340125 1.4400795891515128 1.503191749425249 1.7886774419270228 1.5578737655468975 1.5236975054708672 1.669744056862437 1.7467545629004255 1.8337901052273828 1.942698454003 2.0559357957215805 2.1495787483299034 2.1675782453032797 2.1447940719192595 2.1418321293793365 1.8713839913110164 1.8205752846646512 1.7711336284213273 1.7745512544289304 1.5881767161476446 1.2263640428094027 0.9518147535319585 1.0714316637980648 1.129986989394997 1.183757638581285 0.937688566033866 0.8923480609996657 0.8638678442696404 0.8023505761327856
1.1379614500794042 1.1662138250755891 1.1769223865660787 1.160289939995744 1.2106429631744287 1.226819726277083 1.131126198064198 0.9812063371973446 0.7077962565891015 0.715087192071988 0.8018948926651052 1.2976785055013862 1.4690154893492184 1.6344285881172056 1.6159734076761492 1.6779463592806843 1.6745287332730814 1.5972903855012526 1.5635698088929026 1.7365016848776165 1.919230755417459 2.015379967098024 2.0850995376531265 2.0427209751588484 2.1324906182918886 2.2003874549762688 2.2145136424743614 2.170084504375522 1.8167019751893678 1.5061536919651715 1.6891106042388542 1.6929839137141378 1.579746571995557 1.055938425896931 0.7784271940795643 0.9401948251061082 0.9807506537296643 1.0534321668246889 0.8741207222924494 0.8201222313723214 0.6916194934864471 0.6569875499427363
1.1641632494710275 1.214516272649712 1.2136049057143514 1.145708069029971 1.2024406607561815 1.2691982887713609 1.2824131093340925 1.141379076087007 0.9035123059578356 0.8167046053647183 0.8775383483000525 1.1915042575318517 1.4815467847104296 1.744931829029704 1.8078161475695997 1.698907798793983 1.5079764258358932 1.5075207423682127 1.6544786606951434 1.99920320399537 2.196969828968666 2.363977819873534 2.2844610547633035 2.23547508198766 2.1755527059876867 2.22385515356181 2.1671225618355994 2.0876057967253687 1.7458431959650647 1.479724050839708 1.668604848193236 1.6594911788396278 1.5344060669613566 1.131126198064198 0.9347266234939433 0.9650295740946903 0.8786775569692534 0.8419950378209808 0.9226510116004126 0.9206004359958507 0.8121477706879143 0.9449795015167525
1.160289939995744 1.2409459137751757 1.253705050870227 1.1990230347485784 1.1983395095470577 1.1589228895927026 1.0743936063379875 0.9180941769236085 0.8224006487107234 0.782528345288688 0.8987276295471913 1.1003675639957706 1.395194767584993 1.6745287332730814 1.7647540598738016 1.6451371496076952 1.4747115326952236 1.444636423828317 1.5533169308700936 1.8005252120867135 2.0534295366493382 2.3776483239039465 2.400660339021807 2.3981540799495646 2.360104510398251 2.2956252997214737 2.0718847170903945 1.6749844167407617 1.4029413865355598 1.4104601637522864 1.6925282302464573 1.5827085145354796 1.3883595155697868 1.1149494349615436 1.1735047605584756 1.0709759803303844 0.8034897848019866 0.7390105741252093 0.8258182747183265 1.0696089299273432 1.216566848254274 1.5647090175621037
1.3122603764671592 1.3024631819120305 1.3122603764671592 1.341424118398705 1.4070425377446834 1.3904100911743487 1.2867421022770564 1.1238352625813115 1.0479639652125239 1.0554827424292508 1.268286921836 1.4434972151591159 1.5881767161476446 1.869789099174135 2.040214716086606 2.0807705447101625 2.109478603174028 2.0828211203147244 1.9987475205276897 1.8331065800258624 1.8365242060334654 2.070973350155034 2.150034431797584 2.1915016273565007 2.1853499005428154 2.1520850074021456 1.9782417644820713 1.6515167181552208 1.4655978633416156 1.4895212453948368 1.718957871371921 1.465142179873935 1.246869798855021 1.0696089299273432 1.1662138250755891 1.0759884984748689 0.7961988493191001 0.8000721587943835 0.8679689954787639 1.005129719250566 1.1427461264900483 1.461724553866332
1.357145198033679 1.3204626788854064 1.3327661325127773 1.4006629691971577 1.6266819691666388 1.7267044903224877 1.9816593904896744 1.8308281626874603 1.7535898149156317 1.7472102463681058 1.910344927797691 2.013785074961143 1.880953344132305 2.0753023430979978 2.2393483914629435 2.3541806253184054 2.344839114230957 2.3395987543526324 2.390407460998998 2.2662337160560875 2.2302347221093353 2.1858055840104957 2.0739352926949564 2.0080890316151376 1.7287550659270494 1.8893834882843923 1.8424480911133105 1.8953073733642376 1.887788596147511 1.8595362211513258 1.6827310356913285 1.5202798794632641 1.3557781476306379 1.3216018875546074 1.1716820266877541 1.055938425896931 0.9137651839806447 0.9791557615927828 1.0388502958589159 1.0709759803303844 1.1789729621706406 1.4118272141553276
1.2922103038892212 1.30200749844435 1.3708157020640912 1.4523830427788837 1.4865593028549142 1.5592408159499387 1.8185247090600893 1.836068522565785 2.0021651465352925 2.101731984223461 1.9928236354478444 1.6799969348852462 1.4514716758435229 1.8937124812273562 2.1495787483299034 2.1299843592196464 1.966621836056221 2.027455578991555 2.2780814862157777 2.229779038641655 2.2247665204971705 2.1935522029610626 2.1315792513565275 2.015379967098024 1.7740955709612498 1.856118595143723 1.9465717634782833 2.0598091051968637 1.9723178794022262 1.7253374399194465 1.4553449853188063 1.4207130417750955 1.4455477907636776 1.4216244087104564 1.179428645638321 1.0935323119805644 1.1094812333493786 1.2234021002694802 1.3170450528778033 1.351676996421514 1.6296439117065613 1.9274330578357062
1.2609959863531135 1.3405127514633441 1.4097766385507657 1.467420597212337 1.156872313988141 1.2297816688170058 1.4621802373340125 1.8239929106722543 1.9905452181094423 2.026088528588514 1.4972678643454036 1.1833019551136044 1.2252248341402017 2.1324906182918886 2.3892682523297966 1.995785577987767 1.6212137675544738 1.6822753522236482 2.172590763447764 2.2149693259420418 2.2101846495313975 2.1819322745352125 2.1384145033717337 2.02175953564555 2.0090003985504987 1.906927301790088 1.9973804701246485 1.926066007432665 1.7335397423376937 1.4861036193872337 1.1730490770907953 1.1999344016839393 1.2247691506725213 1.343474694003267 1.1744161274938365 1.0880641103683997 1.4610410286648114 1.6818196687559677 1.7761461465658117 1.6902498129080552 2.0495562271740546 2.349395948907761
