static/ASC_sea/1979/02/ERA5U/00.asc
ncols         201
nrows         201
xllcorner     105.0
yllcorner     0.0
cellsize      0.25
NODATA_value  -32767
[rows 57 to 75 of 201, columns 84 to 125 of 201]
2.0832768037824048 2.1222377402690795 1.6891106042388542 1.1956054087409753 0.7169099259427096 0.6617722263533806 0.9538653291365203 1.401118652664838 1.7745512544289304 1.3277536143682929 0.999661517638401 1.127708572056595 1.7795637725734148 2.133401985227249 2.9221900677820307 3.6603972854242874 4.0490952833556735 3.929934056557247 3.9529460716751075 3.8855049184584076 3.7595084396447755 3.67497915639006 3.633056277363463 3.592500448739907 3.5831589376524584 3.5300718136676914 3.617335197728489 3.713028725941374 3.788216498108641 3.873657148298717 3.9752745615914473 3.949984129135185 4.045221973880389 3.7121173590060135 3.2571174165271284 3.2883317340632363 3.1921825223826708 3.004668775432184 2.8356102089227537 2.767257688770693 1.8702447826418154 0.9488528109920359
2.196969828968666 1.9841656495619167 1.4826859933796306 0.9978387837676794 0.7262514370301579 0.6369374773647984 0.9543210126042008 1.442585848223755 1.6936674389156583 1.0529764833570086 0.7210110771518332 0.8454126638285839 1.5020525407560479 1.8356128390981046 2.459215664618739 3.141829499203986 3.5348564900783357 3.6954849124356786 3.7077883660630495 3.726699229971786 3.6437648388539525 3.7052821069908073 3.6731564225193387 3.6066266362379995 3.609588578777922 3.600702751158154 3.6608529688919678 3.4336947602532857 3.5305274971353717 3.6310057017589012 3.640347212846349 3.6134618882532057 3.369899074778029 2.4259507714780693 1.8830039197368666 1.755184707052513 1.5476208875240884 1.4879263532579554 1.7175908209688795 1.8005252120867135 1.3284371395698136 1.4605853451971311
2.2448165930751083 1.8365242060334654 1.295172246429144 0.8463240307639447 0.7791107192810849 0.6686074783685867 0.9094361910376808 1.2115543301097895 1.4006629691971577 0.9704977757068551 1.0064967696536071 1.2297816688170058 1.5874931909461238 2.1033268763603425 2.630096964998891 2.990998271401772 3.178512018352259 3.3259256201468697 3.4742505888768416 3.5963737582151905 3.681358724937586 3.630550018291221 3.627588075751298 3.666776853971813 3.892795853941294 3.374228067720993 2.6373879004817775 2.0213038521778697 1.876624351189341 1.72921074939473 1.6599468623073084 1.5669874349005057 1.4993184399499655 1.1482143281022132 1.1730490770907953 1.2174782151896348 1.0563941093646114 0.9461187101859535 1.142290443022368 1.3507656294861534 1.2746664903835256 1.6467320417445765
1.9905452181094423 1.5118497353111766 1.1017346143988118 0.8513365489084291 0.9123981335776035 1.0094587121935297 1.1798843291060013 1.2901597282846595 1.2229464168017996 1.1653024581402285 1.575417579052593 2.050923277577096 2.2662337160560875 2.5899968198430154 2.804395891386646 2.8982666857288093 2.970492515356154 3.217017271371253 3.378101377196276 3.469921595933878 3.5031864890745474 3.6954849124356786 3.8346962118120422 3.7574578640402136 3.28104079858035 2.373775014428663 1.72921074939473 1.4191181496382141 1.6086824721932627 1.8073604641019194 1.6305552786419222 1.2609959863531135 0.8932594279350264 1.1623405156003057 1.2546164178055879 1.183757638581285 0.9611562646194068 1.0650520952505391 1.1447967020946102 1.2388953381706138 1.3849418895621837 1.851789602200759
2.088061480193049 1.7545011818509924 1.2721602313112834 0.9675358331669325 1.1589228895927026 1.3746890115393746 1.814651399584806 2.104693926763384 2.2183869519496446 2.07780860217024 2.3161310557670918 2.499771493242295 2.51640393981263 2.7253348097440955 2.7750043077212596 2.8312812159797898 3.0456802875234206 3.128614678641254 3.245269646367438 3.374228067720993 3.5822475707170978 3.6506000908691587 3.3853923126791625 3.004668775432184 2.1539077412728673 1.9171801798128971 1.5369123260335988 1.4318772867332654 1.4229914591134976 1.6945788058510192 1.7852598159194197 1.641719523600092 1.728299382459369 2.5651620708544334 2.628046389394329 2.1978811959040265 1.4861036193872337 1.4254977181857398 1.2976785055013862 1.3293485065051742 1.7278436989916888 2.1755527059876867
2.106060977166425 1.9235597483604228 1.6013915367103762 1.339145701060303 1.7791080891057343 2.0358857231436427 2.377192640436266 2.588629769439974 2.7483468248619563 2.6159707775007983 2.536909695858248 2.6100468924209532 2.6002496978658245 2.832648266382831 2.88778596597216 2.9324429458048398 3.0939827350975433 3.063224101029116 3.302457921561329 3.538729799553619 3.247320221972 2.0538852201170186 1.866371473166532 1.7996138451513526 1.592050025622928 1.4845087272503523 1.42595340165342 1.3396013845279835 1.4929388714024399 1.9048767261855262 2.2161085346112426 2.9221900677820307 3.440530012268492 3.9590977984887927 4.1299790988689455 3.797558009196089 2.8312812159797898 1.4601296617294506 1.294260879493783 1.3865367816990652 2.042265291691168 2.248234219082711
2.1516293239344653 2.1067445023679454 1.8650044227634908 1.937230252390835 2.289701414641628 2.5134419972727073 2.6970824347479105 2.803484524451285 2.846318770413243 2.840622727067238 2.7779662502611826 2.7408280476452296 2.743334306717472 2.9051019377440155 2.906468988147057 2.9837073359188855 3.1277033117058934 3.1837523782305834 3.242307703827515 3.2525605818503247 2.7556377603448428 1.658351970170427 1.3118046929994787 1.4378011718131107 1.5574180820792172 1.602302903645737 1.8444986667178724 2.0372527735466837 2.424128037607348 2.778421933728863 2.94360719076301 2.4678736505046666 2.8205726544893004 3.0598064750215133 3.186714320770506 3.688193976952792 3.166208564724888 1.8121451405125637 1.0623179944444567 1.3118046929994787 2.0513789610447764 2.2541581041625567
2.196514145500985 2.215425009409722 2.480632787599718 2.571997322869639 2.7027784780939155 2.7476632996604353 2.8599892744436555 2.9324429458048398 2.918772441774428 2.919228125242108 2.8581665405729337 2.83173689944747 2.8390278349303566 2.9294810032649172 2.9411009316907677 3.0680087774397604 3.221346264314217 3.032465466960689 2.574959265409562 2.43779854163776 2.8365215758581144 2.2867394721017056 2.3425606968925554 2.6082241585502315 2.7330814286946623 2.343472063827916 2.380610266443869 2.120870689866038 1.9807480235543136 2.182387958002893 1.9278887413033867 1.2038077111592227 1.5216469298663053 1.8219423350676924 2.26919565859601 2.720322291599611 2.660399915599638 1.457167719189528 1.2229464168017996 1.4605853451971311 1.9162688128775363 2.0948967322082552
2.2657780325884067 2.357142567858328 2.6228060295160045 2.9880363288618494 3.085552590945456 3.100362303645069 3.0222125889378795 3.0983117280405073 3.0274529488162045 2.9875806453941687 2.9240128016527525 2.893254167584325 2.9025956786717733 2.8971274770596085 2.9401895647554066 3.0670974105043998 2.811231143401852 2.416609260390621 1.6770349923453236 1.7121226193567147 2.1119848622462705 2.633514591006494 2.9602396373333444 3.3819746866715596 3.6706501634470965 3.2794459064434682 2.12269342373676 1.4947616052731614 1.275122173851206 1.2632744036915156 1.0137877051364936 0.5225609269770167 1.218845265592676 1.5182293038587023 1.4138777897598895 1.6788577262160451 2.0349743562082816 1.8918897473566345 1.6565292362997053 1.9108006112653715 2.3058781777442827 2.4562537220788165
2.2575757301701596 2.318637314839334 2.187172634413537 2.6246287633867262 3.0513763308694255 3.306786914504293 3.2199792139111754 3.195600148390274 3.104691296588033 3.058895108086152 2.980289709911282 2.9508981262458964 2.8889251746413613 2.7633843792954096 2.770675314778296 2.34780105677088 2.0491005437063743 1.641719523600092 1.0383946123912355 1.140239867417806 1.6647315387179527 2.1213263733337184 2.2721576011359326 3.2867368419263547 3.5719946926942887 3.0372501433713333 1.51572304478646 1.2461862736535003 1.618935350216072 1.6070875800563813 1.4895212453948368 1.2229464168017996 1.792095067934626 1.7893609671285433 1.6818196687559677 1.475395057896744 2.0987700416835384 2.2325131394477373 2.6116417845578344 2.8287749569075475 3.429821450778002 3.5157177844357586
2.2926633571815507 1.9796088148851125 1.6950344893186995 1.8141957161171256 2.5524029337593817 3.0342882008314103 3.245269646367438 3.2896987844662777 3.188764896375068 3.1281589951735738 3.0247188480101217 2.9522651766489374 2.877533087949351 2.6394384760863394 1.9641155769839789 1.4963564974100427 1.3493985790831122 1.2917546204215409 0.8659184198742021 0.8474632394331457 1.3967896597218743 2.0593534217291833 2.0513789610447764 2.907836038550098 3.332760872162076 2.9085195637516184 1.8043985215619969 1.7018697413339057 2.2204375275542065 2.658349339995076 2.6565266061243547 2.650602721044509 2.726701860147137 2.6929812835387867 2.454886671675775 2.2149693259420418 2.6394384760863394 3.181246119158341 3.646726781393875 4.01150139727204 4.547612996998036 4.52961350002466
2.7980163228391204 2.6907028662003847 2.58430077649701 2.5505801998886604 2.7971049559037593 2.970036831888473 3.1648415143218465 3.2726106544282625 3.1725881332724133 3.1447914417439087 3.0837298570747342 3.024035322808601 2.9666192058808702 2.8971274770596085 2.2575757301701596 1.832650896558182 1.692072546778777 1.7859433411209404 1.1675808754786303 0.8722979884217278 1.2439078563150983 2.0090003985504987 2.0076333481474573 1.7813865064441363 2.480632787599718 3.30382497196437 3.151626693759115 2.4904299821548466 2.905557621211696 3.4943006614547794 3.8629485868082276 3.914668660389953 3.8743406735002375 3.606170952770319 3.2785345395081076 3.1153998580785225 3.219523530443495 3.707332682595369 4.197420252085645 4.670191849804065 4.904413152191793 4.957272434442721
2.9650243137439887 3.0846412240100953 3.1363612975918214 3.0393007189758947 2.9098866141546598 2.957277694793422 3.09010942562226 3.2101820193560466 3.217928638306614 3.194916623188753 3.155500003234398 3.0705150365120026 2.9274304276603553 2.780472509333425 2.6945761756756683 2.3215992573792565 1.800069528619033 1.2947165629614634 1.0495588573494055 1.0240405831593027 1.4434972151591159 2.063226731204467 1.966621836056221 1.4913439792655583 2.033835147539081 3.070970719979683 3.8406200968918873 3.8868719688614486 4.274202916389793 4.514348103857367 4.46217234680796 4.367390185530436 4.436198389150177 4.275569966792834 4.070968089804333 4.0060331956598745 4.018792332754926 4.143649602899357 4.330707666382163 4.600244437515123 4.899172792313469 5.189215319492047
3.1071975556602753 3.163246622184965 3.1769171262153773 3.1115265486032393 3.0554774820785493 3.063224101029116 3.1094759729986774 3.1858029538351453 3.2707879205575408 3.231599142337026 3.192638205850351 3.175550075812336 3.13499424718878 2.813737402474094 2.6891079740635035 2.362610769470493 1.7838927655163785 1.019711590216339 0.6638228019579424 0.8235398573799244 1.3181842615470043 1.8424480911133105 1.466053546809296 1.4724331153568215 1.9978361535923288 2.836065892390434 3.5612861312037993 4.233191404298557 4.419110259112162 4.583611990944789 4.686140771172879 4.9499814989598345 4.833782214701331 4.694115231857286 4.520271988937212 4.386528891173013 4.318632054488632 4.435742705682497 4.5972824949752 4.751759190518858 4.94610818948455 5.132938411233517
3.0816792814701723 3.164157989120326 3.2511935314472833 3.242307703827515 3.1880813711735474 3.1466141756146304 3.186714320770506 3.244358279432077 3.2926607270062003 3.3147613751887 3.250737847979603 3.2140553288313303 3.1798790687553 3.017200070793395 2.809864092998811 2.5544535093639436 2.041809608223488 1.2824131093340925 0.7292133795700806 0.8953100035395882 1.3409684349310247 1.7702222614859664 1.2678312383683197 1.3298041899728548 1.850878235265398 2.5421500557365726 3.2097263358883663 3.871378730960315 4.2833165857434015 4.502728175431517 4.759050126001744 4.913298979811562 4.84357940925646 4.8385668911119755 4.725329549393394 4.6667742237964625 4.633965014123473 4.677938468754633 4.715076671370586 4.834693581636691 4.969348046336251 5.134988986838079
2.968441939751592 3.0559331655462296 3.138411873196383 3.2003848248009183 3.2293207249986238 3.2063087098807634 3.25848446693017 3.320457418534705 3.302457921561329 3.354177995143055 3.3117994326487774 3.2525605818503247 3.1862586373028257 3.1491204346868726 2.9504424427782157 2.6720198440254883 2.129528675751966 1.3653475004519262 0.9816620206650251 1.1128988593569817 1.5524055639347327 1.880041977196944 1.8160184499878471 1.887788596147511 2.0178862261702664 2.607540633348711 3.054338273409348 3.5391854830212996 3.9859831230819367 4.3562259405722665 4.610952999005613 4.8087196239789085 4.95636106750736 4.924463224769731 4.83309868949981 4.773176313499837 4.784340558458007 4.772720630032157 4.811681566518831 4.8829960292108145 4.9791452408913806 5.096483733819085
2.854748914565331 2.9445185576983706 3.0456802875234206 3.1110708651355585 3.193549572785712 3.2101820193560466 3.2628134598731338 3.3140778499871795 3.329343246154473 3.351671736070813 3.340963174580323 3.28149648204803 3.229776408466304 3.1862586373028257 3.035883092968292 2.9884920123295298 2.4719748017137904 1.7613364338661985 1.3190956284823652 1.4104601637522864 1.5890880830830052 1.9244711152957836 2.3728636474933023 2.5442006313411345 2.671108477090127 2.813281719006414 3.2183843217742942 3.5617418146714797 3.847911032374774 4.219065216800464 4.479260476845975 4.705279476815456 4.849275452602464 4.9142103467469225 4.822390128009321 4.8697812086480825 4.86636358264048 4.858161280222233 4.844946459659501 4.906008044328675 4.937678045332463 5.032004523142307
2.729208119219379 2.8308255325121094 2.9324429458048398 3.020162013333318 3.1119822320709196 3.137500506261022 3.1983342491963564 3.247320221972 3.318179001196303 3.3234193610746274 3.3136221665194987 3.3054198641012515 3.26964871188834 3.221346264314217 3.208131443751485 3.1607403631127227 2.7214615002688123 2.012873708025782 1.501141173820687 1.5772403129233148 1.7565517574555543 2.384027892451472 2.94360719076301 3.099906620177389 3.196967198793315 3.339596124177282 3.476756847949084 3.669055271310215 3.9294783730895664 4.140915502093274 4.398148819598863 4.604117746990407 4.700494800404813 4.766796744952312 4.818516818534038 4.887325022153778 4.881173295340093 4.929020059446535 4.915805238883804 4.895755166305866 4.913754663279242 4.995322003994034
2.5881740859722937 2.686146031523581 2.8116868268695323 2.911253664557701 2.9898590627325707 3.0896537421545798 3.1500318016222333 3.1798790687553 3.2336497179415877 3.2703322370898604 3.2965340364814835 3.2874203671278757 3.298128928618365 3.293572093941561 3.3010908711582876 3.252104898382644 2.768169055706054 2.1921851525580216 1.9739127715391076 2.131123567888847 2.458304297683378 3.1999291413332376 3.5344008066106554 3.5831589376524584 3.6954849124356786 3.765888008192301 3.752217504161889 3.863404270275908 3.9821098136066535 4.194002626078042 4.339593494001932 4.510930477849763 4.627129762108267 4.710064153226101 4.763379118944708 4.800061638092981 4.852237395142387 4.926513800374293 4.954310491902798 4.929931426381897 4.948386606822953 4.948386606822953
