static/ASC_sea/1979/05/ERA5U/00.asc
ncols         201
nrows         201
xllcorner     105.0
yllcorner     0.0
cellsize      0.25
NODATA_value  -32767
[rows 95 to 113 of 201, columns 84 to 125 of 201]
-3.0821549111424877 -3.113939470066999 -3.108584462856891 -3.0837095906550993 -3.056761812436492 -3.0286048390414084 -2.992847210251333 -2.965035721192386 -2.927377928553563 -2.8869562612256514 -2.8463618517296725 -2.8116406759480053 -2.780547085695766 -2.740470902703991 -2.6891664787877962 -2.636998344031261 -2.5779205225520063 -2.513314951694576 -2.4659835976439446 -2.4005143159461744 -2.366829593172915 -2.3336630969038596 -2.304815154836504 -2.2785583452901688 -2.223799078012614 -2.2141255166008063 -2.175949497457779 -2.132591213272712 -2.091478577272529 -2.0519206207849576 -2.0168539606671545 -2.021172514868854 -2.0104625004486385 -2.0016526498771707 -1.986451339087187 -1.9524211319777918 -1.9323830404819042 -1.8864336237758172 -1.8624224624143657 -1.843420823926886 -1.8230372480948627 -1.812672718010783
-3.086127981008051 -3.100292838789627 -3.1305227182015263 -3.1187762507729024 -3.0890645978652076 -3.0709266702180678 -3.0324051667389043 -3.005630130688365 -2.9489706995620626 -2.908894516570287 -2.8962843383013235 -2.897666275645867 -2.872273176939872 -2.8537897649565966 -2.7843474133932617 -2.7228512015610553 -2.6613549897288484 -2.591567153829378 -2.566692281627587 -2.5202246384172957 -2.495867992719708 -2.455273583223729 -2.407942229173098 -2.3708026630384786 -2.3302082535424997 -2.317598075273536 -2.2897865862145883 -2.248328465878269 -2.2061793768696782 -2.172494654096419 -2.139846384331568 -2.1305183072558957 -2.0983882639952487 -2.084741632717877 -2.069540321927893 -2.032918982297478 -2.0173721871713584 -1.9577761391878998 -1.9235731899104365 -1.8859153972716132 -1.85084873715381 -1.8302924191537184
-3.0944196050753154 -3.041215017310372 -3.0679900533609117 -3.0700629593777276 -3.0460517980162765 -3.015821918604377 -2.9786823524697574 -2.961062651326822 -2.955362159780578 -2.9323874514275348 -2.9215046948392507 -2.918222593645959 -2.875728020301232 -2.8878199720659916 -2.8351336108052525 -2.79315726396473 -2.744789456905691 -2.695557939006312 -2.6881300257793876 -2.636480117527057 -2.601240715241186 -2.5670377659637227 -2.535425949207279 -2.50605978063572 -2.4792847445851804 -2.440072272433745 -2.4176157905849056 -2.3756394437443826 -2.3307264800467036 -2.2951415934246966 -2.2409005526513455 -2.2042792130209303 -2.1609209288358633 -2.135009603625664 -2.0973518109868405 -2.0470838400790536 -2.0144355703142027 -1.94309305490212 -1.889370240632973 -1.8316743564982625 -1.7877978458089914 -1.75601328688448
-3.091482988218159 -3.0348235570918565 -2.9802370319823694 -2.964517494688182 -2.913731297276191 -2.867436396233968 -2.8327152204523007 -2.7643093218973744 -2.77070078211589 -2.783829186889058 -2.7883204832588255 -2.8327152204523007 -2.8278784397463967 -2.85085314809944 -2.8351336108052525 -2.8054219578975577 -2.7955756543176813 -2.7677641652587344 -2.7554994713259067 -2.725787818418211 -2.6915848691407476 -2.6613549897288484 -2.628188493459793 -2.581720850249502 -2.552009197341807 -2.507096233644128 -2.4708203783498486 -2.4191704700975176 -2.3488644076938434 -2.3004966006348044 -2.213089063592398 -2.1553931794576875 -2.1047797242137647 -2.0593485340118813 -2.0177176715074943 -1.9645130837425515 -1.9147633393389687 -1.843420823926886 -1.7722510506828717 -1.712136776195209 -1.6603141257748102 -1.624729239152803
-3.070581185881932 -3.025668222184253 -2.951907316419218 -2.8912748154273515 -2.8429070083683126 -2.7399526761997866 -2.7038495630735753 -2.641835124737165 -2.668610160787704 -2.683811471577688 -2.706786179930732 -2.743925746065351 -2.7560176978301105 -2.77415562547725 -2.7712190086200943 -2.771737235124298 -2.7613727050402184 -2.776055789325998 -2.7677641652587344 -2.7618909315444222 -2.733561215981271 -2.7062679534265275 -2.67932017520792 -2.635443664518649 -2.5945037706865337 -2.5295527154929673 -2.4830850722826763 -2.4055238388201463 -2.3331448703996553 -2.259902191138825 -2.1721491697602833 -2.1125531217768243 -2.0539935268017735 -2.0070076570872786 -1.95086645246518 -1.889370240632973 -1.7995443132376152 -1.7180100099095208 -1.6490858848503904 -1.6057276006653234 -1.5597781839592364 -1.533866858749037
-3.0299867763859525 -2.994401889763945 -2.8854015817130394 -2.824941822889241 -2.773119172468842 -2.676901784854968 -2.646153678938865 -2.591048927325174 -2.6124689561656056 -2.6378620548716007 -2.6613549897288484 -2.6969398763508554 -2.723887654569463 -2.739434449695583 -2.7570541508385187 -2.7560176978301105 -2.7506626906200027 -2.7693188447713464 -2.774673851981454 -2.798512271174838 -2.771737235124298 -2.7511809171242065 -2.7247513654098032 -2.6623914427372566 -2.610050565812654 -2.537326113056027 -2.4772118385683646 -2.400168831610038 -2.326407925845004 -2.2526470200799693 -2.178367887810731 -2.1056434350541045 -2.040692379860538 -1.9655495367509594 -1.907508168280113 -1.8263193492881546 -1.7301019616742805 -1.6485676583461863 -1.5881078995223876 -1.5445768731692526 -1.5055371431858855 -1.4718524204126262
-2.9845555861840696 -2.953807480267966 -2.8429070083683126 -2.7712190086200943 -2.718878131695491 -2.6589365993758967 -2.634925438014445 -2.592085380333582 -2.595885708031078 -2.6212788067370734 -2.631470594653085 -2.6642916065860045 -2.7076498907710715 -2.7199145847038992 -2.740470902703991 -2.739434449695583 -2.734079442485475 -2.7634456110570342 -2.77761046883861 -2.8097405120992573 -2.7979940446706335 -2.777092242334406 -2.741334613544331 -2.675519847510424 -2.6159237995269655 -2.536807886551823 -2.4772118385683646 -2.406387549660486 -2.3322811595593156 -2.2512650827354252 -2.178022403474595 -2.0933787411212768 -2.0035528137259186 -1.9278917441121364 -1.8351291998596224 -1.7511765061785762 -1.6496041113545943 -1.5611601213037802 -1.4991456829673697 -1.4309125265805112 -1.391872796597144 -1.3063654234034858
-2.9474160200494506 -2.910276453914831 -2.830296830099349 -2.7565359243343144 -2.723369428065259 -2.6710285511406564 -2.6490902957960207 -2.6413168982329607 -2.638380281375805 -2.634925438014445 -2.643735288585913 -2.6535815921657884 -2.6940032594937 -2.699876493208012 -2.7092045702836836 -2.7092045702836836 -2.6969398763508554 -2.725787818418211 -2.7434075195611465 -2.766727712250326 -2.7584360881830623 -2.7399526761997866 -2.703331336569372 -2.644253515090117 -2.5846574671066582 -2.503123163778564 -2.436790171240453 -2.365965882332575 -2.2828768994918684 -2.1975422684662784 -2.1066798880625126 -2.0144355703142027 -1.9220185103978245 -1.8161275613721428 -1.7214648532708807 -1.5998543669510115 -1.481698723992502 -1.3766714858071603 -1.2681894042604587 -1.197019631016444 -1.1325868023270815 -1.0372331255535476
-2.9075125792257435 -2.8581083191582963 -2.799030497679041 -2.76379109539317 -2.7345976689896787 -2.726824271426619 -2.7009129462164196 -2.7022948835609637 -2.683811471577688 -2.680356628216328 -2.6862298619306397 -2.694521485997904 -2.7135231244853832 -2.7057497269223236 -2.7003947197122153 -2.6706830668045205 -2.6559999825187406 -2.639934960888417 -2.6506449753086327 -2.6559999825187406 -2.634925438014445 -2.6164420260311694 -2.5782660068881422 -2.5236794817786556 -2.457173747072477 -2.3785760606015387 -2.3087882247020683 -2.227772147878178 -2.1433012276929277 -2.0622851508690374 -1.9645130837425515 -1.8762418358598054 -1.7776060578929795 -1.664805422144578 -1.5202202274716652 -1.3815082665130642 -1.2203398237056238 -1.0826643157554305 -0.9582899547464733 -0.8936843838890427 -0.8283878443593401 -0.785893271014613
-2.827360213242193 -2.8062856687378974 -2.7976485603344976 -2.7658640014099865 -2.7541175339813626 -2.7693188447713464 -2.770182555611686 -2.773637398973046 -2.7554994713259067 -2.749798979779663 -2.7535993074771588 -2.7530810809729545 -2.7530810809729545 -2.731142825628319 -2.6931395486533596 -2.6559999825187406 -2.601240715241186 -2.556327751543507 -2.5089963974928757 -2.468056503660761 -2.4459455061480573 -2.4186522435933138 -2.374775732904043 -2.317079848769332 -2.2526470200799693 -2.184759348029247 -2.1032250447011527 -2.0216907413730585 -1.937738047692012 -1.8600040720614137 -1.7693144338257158 -1.6736152727160458 -1.5621965743121882 -1.4284941362275592 -1.2716442476218186 -1.0968291735370064 -0.9132042488807263 -0.7717284132330373 -0.6896758834007392 -0.6530545437703239 -0.652018090761916 -0.6413080763417002
-2.743925746065351 -2.7434075195611465 -2.7624091580486265 -2.7696643291074823 -2.780892570031902 -2.8073221217463056 -2.810258738603461 -2.8073221217463056 -2.7936754904689334 -2.782447249544514 -2.7795106326873578 -2.7843474133932617 -2.7848656398974656 -2.7535993074771588 -2.692621322149156 -2.6095323393084495 -2.5108965613416236 -2.414333689391614 -2.3473097281812314 -2.3004966006348044 -2.2785583452901688 -2.2531652465841736 -2.216543906953758 -2.166275936045971 -2.0885419604153728 -1.997679580011607 -1.898698317708645 -1.808354163809083 -1.716455330396909 -1.6095279283628192 -1.4958635817740777 -1.3796081026643163 -1.2598977801931948 -1.1232587252514097 -0.9620902824439692 -0.7853750445104091 -0.6330164522744364 -0.5461271417362341 -0.5089875756016151 -0.5055327322402552 -0.512442418962975 -0.4991412720217392
-2.629052204300133 -2.685193408922232 -2.7180144208551513 -2.7399526761997866 -2.7560176978301105 -2.7843474133932617 -2.8088768012589176 -2.8062856687378974 -2.7891841940991657 -2.772600945964638 -2.7648275484015783 -2.7693188447713464 -2.7565359243343144 -2.6960761655105157 -2.611605245325266 -2.513314951694576 -2.4210706339462655 -2.3454095643324835 -2.2790765717943726 -2.22328085150841 -2.186659511877995 -2.1462378445500834 -2.075931782146409 -1.9933610258099068 -1.8634589154227736 -1.754113123035732 -1.6447673306486905 -1.5349033117574449 -1.4274576832191512 -1.305328970395078 -1.1882097804449763 -1.068499457973855 -0.9508620415195495 -0.8107681432164044 -0.6549547076190718 -0.4982775611813992 -0.38737708928174563 -0.3419458990798627 -0.3186257063906832 -0.3127524726763713 -0.30739746546626345 -0.281486140256064
-2.550972744333399 -2.6090141128042457 -2.6651553174263443 -2.691066642636544 -2.7121411871408396 -2.740470902703991 -2.7530810809729545 -2.750144464115799 -2.738916223191379 -2.7140413509895875 -2.696421649846652 -2.6667099969389563 -2.630606883812745 -2.5573642045519147 -2.4694384410053045 -2.3820309039628986 -2.3189800126180797 -2.2526470200799693 -2.179404340819139 -2.1125531217768243 -2.0583120810034736 -1.9567396861794917 -1.85516729135551 -1.6872619039934176 -1.524193297337229 -1.3986097411517957 -1.2839089415546463 -1.1759450865121486 -1.070054137486467 -0.9543168848809094 -0.83270639856104 -0.693476211098235 -0.5787754115010855 -0.4630381588955279 -0.325880877449539 -0.22430848262555725 -0.1267091576671393 -0.09008781803672417 -0.06123987596936864 -0.04707501818779303 -0.025654989347361434 0.0007745623670418755
-2.5221248022660436 -2.545617737123291 -2.5945037706865337 -2.6129871826698094 -2.631988821157289 -2.6627369270733925 -2.6677464499473644 -2.658418372871693 -2.604695558602546 -2.5691106719805386 -2.4875763686524444 -2.4426634049547653 -2.3756394437443826 -2.2863317428532284 -2.2037609865167265 -2.12326313619704 -2.0564119171547257 -1.9577761391878998 -1.8722687659942416 -1.7902162361619434 -1.705745315976693 -1.6022727573039635 -1.4533690084293507 -1.2833907150504422 -1.1339687396716256 -1.017367776225728 -0.9040489139731225 -0.8062768468466366 -0.7028042881739068 -0.6169514306441127 -0.5114059659545669 -0.37079384114721803 -0.23847334040713286 -0.1251544781545273 -0.029455317044857487 0.062270774199248535 0.12964021974576712 0.14864185823324672 0.18094464366196217 0.20633774236795754 0.227412286872253 0.22689406036804916
-2.4713386048540524 -2.4763481277280244 -2.500186546921408 -2.507959944484468 -2.510032850501284 -2.514869631207188 -2.4937950867028924 -2.4621832699464488 -2.3922226918789105 -2.311724841559224 -2.23019053823113 -2.1588480228190474 -2.080250336348109 -1.9874877920955951 -1.889370240632973 -1.7789879952375236 -1.6418307137915344 -1.5041552058413414 -1.3707982520928483 -1.2433145320586672 -1.1384600360413935 -1.0339510243602557 -0.9107858585277744 -0.7781198734515532 -0.6677376280561036 -0.5763570211481336 -0.4860128672485715 -0.41225196148353715 -0.34937381230678644 -0.2756129065417521 -0.17801358158333414 -0.05001163504494888 0.07591740547662029 0.1755896364518541 0.25418732292279245 0.3162017612592032 0.3576598815955223 0.372342965881302 0.3977360645872974 0.415873992234437 0.42952062351180875 0.4290023970076047
-2.3590561956098552 -2.3336630969038596 -2.3376361667694234 -2.3376361667694234 -2.3269261523492077 -2.3039514439961644 -2.2478102393740653 -2.189596128735151 -2.1120348952726204 -2.03533737265043 -1.9567396861794917 -1.8679502117925417 -1.7834792916072915 -1.664287195640374 -1.5412947719759607 -1.396191350798844 -1.2194761128652836 -1.0446610387804713 -0.8698459646956592 -0.7076410688798107 -0.5905218789297093 -0.4841127033998236 -0.3697573881388101 -0.275094680037548 -0.1983971574153578 -0.14432885881007484 -0.07436828074253632 -0.022200145986001507 0.01787603700577356 0.07799031149343638 0.14294136668700297 0.2576421662841524 0.323975158822263 0.40412752480581315 0.46078695593211605 0.5017268497642313 0.5241833316130708 0.5271199484702265 0.5418030327560064 0.555967890537582 0.5706509748233615 0.5701327483191576
-2.1457196180458795 -2.1109984422642123 -2.089578413423781 -2.083186953205265 -2.0681583845833496 -2.036892052163042 -1.9786779415241273 -1.9166635031877166 -1.8327108095066704 -1.7522129591869842 -1.6485676583461863 -1.5578780201104883 -1.438685924143571 -1.3132751101262057 -1.1686899154532928 -1.0021664654357445 -0.8195779937878723 -0.6476995365602161 -0.47288446247540383 -0.3542105930126904 -0.2414099572642887 -0.12964577452429515 -0.017363365280097742 0.07453546813207645 0.1697164027375424 0.22395744351089308 0.2864901083515079 0.3338214624021387 0.36215117796529017 0.38754427667128555 0.44610387164633614 0.4632053462850678 0.5188283244029626 0.544739649613162 0.5789425988906254 0.6081360252941168 0.607272314453777 0.6096907048067288 0.6140092590084285 0.6262739529412567 0.6350838035127244 0.6385386468740843
-1.804899320447723 -1.808354163809083 -1.7717328241786676 -1.758949903741636 -1.7252651809683768 -1.6998720822623814 -1.6789702799261537 -1.623174559640191 -1.5343850852532408 -1.4157112157905274 -1.302910580042126 -1.198401568360988 -1.074890918192371 -0.9342787933850218 -0.7931484420734689 -0.6413080763417002 -0.4879130310973194 -0.32398071360079106 -0.20237022728092158 -0.09492459874262793 -0.013908521918737815 0.07695385848502823 0.18336303401491394 0.2864901083515079 0.3913446043687816 0.47788843057084773 0.549576430319066 0.6032992445882128 0.6223008830756924 0.6273104059496644 0.6185005553781966 0.6223008830756924 0.6174641023697884 0.6273104059496644 0.639920584218628 0.6423389745715802 0.6409570372270361 0.6433754275799879 0.6468302709413478 0.6506305986388441 0.6501123721346398 0.6516670516472518
-1.436267533790619 -1.4474957747150388 -1.3747713219584123 -1.3531785509499128 -1.3186301173363135 -1.3122386571177977 -1.3015286426975818 -1.241932594714123 -1.1579799010330771 -1.0393060315703635 -0.9474071981581895 -0.8425527021409158 -0.7188693098042305 -0.5851668717196014 -0.4528463709795163 -0.31810747988647914 -0.1892418225077539 -0.06953150003663255 0.03342283213189323 0.10925664391374368 0.18578142436786593 0.27958042162878805 0.38011636344436184 0.4670056739825641 0.5476762664703181 0.6311107336471602 0.6907067816306192 0.7292282851097822 0.733201354975346 0.7166181068408186 0.6995166322020869 0.6810332202188112 0.6628952925716718 0.6468302709413478 0.6468302709413478 0.644411880588396 0.646312044437144 0.651148825143048 0.647693981781688 0.646312044437144 0.6457938179329401 0.6482122082858919
