static/ASC_sea/1979/05/ERA5U/00.asc
ncols         201
nrows         201
xllcorner     105.0
yllcorner     0.0
cellsize      0.25
NODATA_value  -32767
[rows 133 to 151 of 201, columns 126 to 167 of 201]
-3.04657002452048 -3.093901378571111 -3.1300044916973224 -3.1579887229243377 -3.204283623966561 -3.2673345153113793 -3.3371223512108497 -3.4050100232615725 -3.4606330013794673 -3.514874042152818 -3.5812070346909284 -3.6482309959013115 -3.7282106197167932 -3.7808969809775324 -3.8385928651122434 -3.8923156793813902 -3.957266734574956 -4.034827968037487 -4.103752093096618 -4.157993133869968 -4.204288034912191 -4.259047302189746 -4.326934974240468 -4.381003272845751 -4.436798993131714 -4.502095532661417 -4.577756602275199 -4.658427194762953 -4.740997951099455 -4.80007577257871 -4.854144071183993 -4.9094215649657515 -4.971436003302163 -5.0363870584957295 -5.098919723336344 -5.156442865302987 -5.207747289219181 -5.246268792698345 -5.260951876984124 -5.279953515471604 -5.333676329740751 -5.3892993078586455
-3.210675084185077 -3.2566245008911636 -3.2633614454458155 -3.2882363176476073 -3.32934895364779 -3.386872095614433 -3.4557962206735633 -3.519710822858722 -3.577924933497637 -3.6354480754642795 -3.6950441234477385 -3.7434119305067775 -3.8068083061877314 -3.858112730103927 -3.917708778087385 -3.9743682092136883 -4.05434783302917 -4.139336979718625 -4.219489345702175 -4.276494261164614 -4.3200252875177485 -4.383939889702908 -4.4523457882578334 -4.493803908594153 -4.547008496359096 -4.604704380493806 -4.679847223603385 -4.766736534141587 -4.844988736276389 -4.909939791469956 -4.961071473218083 -5.005984436915762 -5.048133525924353 -5.111011675101103 -5.1764809567988745 -5.2379771686310805 -5.297054990110335 -5.336612946597906 -5.3459410236735785 -5.360624107959358 -5.422638546295769 -5.4875896014893355
-3.3518054354966296 -3.381517088404325 -3.392227102824541 -3.4285029581188198 -3.4606330013794673 -3.516255979497362 -3.568596856421965 -3.6335479116155316 -3.6934894439351265 -3.7496306485572246 -3.7853882773473 -3.826846397683619 -3.873659525230046 -3.9244457226420373 -3.983523544121292 -4.051411216172014 -4.133463746004312 -4.228644680609778 -4.3087970465933285 -4.386012795719723 -4.445954328039318 -4.514878453098448 -4.569119493871799 -4.6052226069980104 -4.6373526502586575 -4.696084987401776 -4.780901391923162 -4.871763772326929 -4.949497747957527 -5.016867193504045 -5.058325313840364 -5.0963285908153235 -5.135886547302895 -5.19064581458045 -5.253178479421065 -5.310701621387707 -5.3683975055224185 -5.403982392144425 -5.418665476430205 -5.453386652211872 -5.521274324262595 -5.586570863792297
-3.488962716942619 -3.517810659009974 -3.5309390637831415 -3.5715334732791204 -3.602281579195224 -3.649612933245855 -3.6969442872964864 -3.750667101565633 -3.8107813760532956 -3.850339332540867 -3.8854059926586704 -3.9118355443730737 -3.947938657499285 -3.9918151681885554 -4.0476108884745186 -4.117916950878193 -4.208261104777755 -4.303442039383221 -4.393786193282783 -4.471865653249518 -4.54666301202296 -4.610059387703914 -4.661882038124313 -4.7062767753177885 -4.741343435435591 -4.80007577257871 -4.884892177100096 -4.963662605739103 -5.0382872223444775 -5.104274730546452 -5.1446963978743625 -5.188227424227498 -5.218457303639397 -5.272180117908544 -5.327803096026439 -5.38549898016115 -5.432312107707577 -5.467033283489244 -5.504172849623863 -5.552022430178698 -5.614036868515109 -5.68468841525492
-3.6207649911784996 -3.6535860031114193 -3.672069415094695 -3.718882542641122 -3.746348547363933 -3.7867702146918445 -3.8150999302549957 -3.8683045180199382 -3.907344248003305 -3.9469022044908764 -3.9802414429280004 -4.0026979247768395 -4.031373124676127 -4.063675910104842 -4.117916950878193 -4.190123177130616 -4.280467331030177 -4.374784554795304 -4.4651287086948654 -4.550463339720456 -4.630097479199802 -4.686238683821901 -4.737543107738095 -4.785910914797134 -4.8385972760578735 -4.897156871032924 -4.969363097285346 -5.048133525924353 -5.117921361823823 -5.183390643521594 -5.226230701202457 -5.277016898614448 -5.3072467780263475 -5.358032975438339 -5.413310469220097 -5.45096826185892 -5.4972631629011435 -5.536821119388715 -5.579833919237646 -5.640293678061444 -5.705244733255011 -5.774687084818345
-3.743930157010981 -3.776578426775832 -3.8088812122045477 -3.8567307927593824 -3.8816056649611745 -3.9078624745075095 -3.934810252726117 -3.9679767489951727 -4.00701647897854 -4.039319264407255 -4.073867698020854 -4.09494224252515 -4.122753731584097 -4.1491832832985 -4.197551090357539 -4.268720863601554 -4.341963542862384 -4.4357625401233065 -4.52075168681276 -4.606604544342554 -4.695566760897573 -4.749635059502856 -4.802494162931662 -4.855180524192401 -4.910285275806092 -4.973854393655115 -5.046060619907537 -5.118439588328028 -5.189091135067838 -5.255078643269813 -5.302409997320443 -5.354232647740842 -5.397245447589773 -5.446995191993357 -5.490007991842288 -5.526974815808838 -5.570505842161974 -5.609545572145341 -5.652040145490068 -5.715954747675227 -5.792134043793213 -5.85276654478508
-3.8600128939526748 -3.8990526239360417 -3.9303189563563494 -3.9709133658523283 -3.994406300709576 -4.019799399415571 -4.038801037903051 -4.067130753466202 -4.09839708588651 -4.1300089026429525 -4.174058155500292 -4.197896574693675 -4.224326126408079 -4.24920099860987 -4.293595735803345 -4.34490015971954 -4.414342511282874 -4.477220660459626 -4.557373026443176 -4.64322588397297 -4.733570037872532 -4.795066249704738 -4.855698750696605 -4.914776572175859 -4.976272784008066 -5.037768995840273 -5.106693120899403 -5.1783811206476225 -5.245405081858005 -5.310183394883503 -5.371852348883778 -5.4264388739932645 -5.475324907556508 -5.518683191741575 -5.561177765086302 -5.598835557725125 -5.644266747927008 -5.69159810197764 -5.728737668112259 -5.785915325742765 -5.8707317302641515 -5.926527450550114
-3.9553665707262082 -3.992851621196964 -4.024117953617271 -4.07248576067631 -4.093387563012538 -4.109625326810929 -4.125690348441253 -4.148665056794297 -4.18286800607176 -4.229681133618187 -4.276494261164614 -4.312770116458893 -4.334708371803528 -4.360101470509524 -4.396722810139939 -4.438699156980462 -4.478775339972238 -4.529561537384228 -4.587084679350871 -4.670691888695781 -4.767772987149995 -4.8482708374696815 -4.905448495100188 -4.953298075655023 -5.013412350142685 -5.077326952327844 -5.1462510773869745 -5.2170753662948535 -5.289281592547276 -5.37081589587537 -5.442503895623588 -5.503654623119659 -5.552367914514834 -5.593480550515017 -5.63113834315384 -5.665168550263235 -5.707663123607963 -5.754130766818254 -5.7902338799444655 -5.852248318280876 -5.941037792667826 -5.998733676802536
-4.0588391293989385 -4.088550782306633 -4.119298888222737 -4.157993133869968 -4.175440092844836 -4.195478184340724 -4.210161268626503 -4.232617750475343 -4.2732121599713215 -4.328316911585013 -4.383939889702908 -4.426952689551839 -4.4523457882578334 -4.473765817098266 -4.495876814610969 -4.527143147031277 -4.5549546360902236 -4.580693219132355 -4.621805855132538 -4.689693527183261 -4.7805559075870265 -4.867963444629432 -4.924968360091872 -4.989055704445098 -5.058325313840364 -5.122758142529728 -5.17941757365603 -5.239013621639489 -5.312256300900319 -5.398627384934318 -5.476706844901051 -5.552367914514834 -5.6017721745822815 -5.650658208145524 -5.694534718834795 -5.735992839171114 -5.781424029372998 -5.828409899087492 -5.867449629070859 -5.92600922404591 -5.998733676802536 -6.057293271777588
-4.126726801449661 -4.158338618206104 -4.1896049506264115 -4.225362579416487 -4.257492622677134 -4.273557644307457 -4.279949104525974 -4.305342203231969 -4.35612840064396 -4.416242675131622 -4.46996548940077 -4.50606860252698 -4.534398318090132 -4.565664650510439 -4.585702742006327 -4.607640997350963 -4.625606182830034 -4.6389073297712695 -4.667755271838625 -4.720441633099364 -4.805430779788818 -4.89663864452872 -4.952779849150819 -5.019803810361202 -5.084236639050564 -5.149187694244131 -5.208783742227589 -5.265788657690028 -5.332639876732343 -5.414692406564641 -5.494326546043987 -5.5699876156577695 -5.621292039573965 -5.68468841525492 -5.74670285359133 -5.792652270297417 -5.8258187665664725 -5.870386245928016 -5.934300848113174 -5.990442052735273 -6.04416486700442 -6.105142852332422
-4.201351418055035 -4.230717586626595 -4.265784246744398 -4.306896882744581 -4.337644988660684 -4.353191783786804 -4.364420024711224 -4.392749740274375 -4.43973560998887 -4.490867291736997 -4.53975332530024 -4.569464978207935 -4.597794693771086 -4.629579252695598 -4.662745748964653 -4.682783840460541 -4.697466924746321 -4.707658712662332 -4.7175050162422085 -4.7580994257381874 -4.822014027923346 -4.908385111957344 -4.972817940646706 -5.048133525924353 -5.125694759386883 -5.201874055504869 -5.260951876984124 -5.312256300900319 -5.375652676581274 -5.426957100497469 -5.488453312329676 -5.549949524161882 -5.603154111926825 -5.675014853843112 -5.7677773980956255 -5.8273734460790845 -5.8722864097767635 -5.922036154180346 -5.989405599726865 -6.0372551802817 -6.091496221055051 -6.147119199172946
-4.268720863601554 -4.305860429736173 -4.347318550072492 -4.3889494125768795 -4.419179291988779 -4.438180930476258 -4.453382241266242 -4.479639050812577 -4.516778616947197 -4.565146424006236 -4.588121132359279 -4.609022934695506 -4.642362173132629 -4.677428833250433 -4.718886953586752 -4.749635059502856 -4.766391049805451 -4.774164447368511 -4.7824560714357744 -4.814586114696422 -4.871763772326929 -4.938269507033107 -5.008575569436782 -5.082681959537952 -5.1687075592358145 -5.245750566194141 -5.312774527404523 -5.36736105251401 -5.412274016211689 -5.4504500353547165 -5.494326546043987 -5.53198433868281 -5.5905439336578615 -5.680888087557424 -5.76484078123847 -5.829273609927832 -5.881096260348231 -5.966949117878025 -6.027581618869892 -6.072494582567571 -6.127081107677058 -6.180458437610069
-4.347318550072492 -4.3873947330642675 -4.43282592326615 -4.4729021062579255 -4.50261375916562 -4.5216153976531 -4.539235098796036 -4.5646281975020315 -4.601249537132446 -4.611095840712323 -4.629061026191394 -4.637870876762862 -4.669655435687373 -4.704376611469041 -4.757581199233983 -4.793684312360194 -4.829269198982201 -4.837560823049466 -4.842052119419233 -4.870381834982385 -4.913740119167452 -4.972299714142503 -5.041223839201633 -5.117921361823823 -5.204810672362026 -5.292736435908636 -5.35958765495095 -5.409337399354533 -5.4488953558421045 -5.465996830480836 -5.495881225556599 -5.516264801388623 -5.594517003523426 -5.693152781490252 -5.753094313809846 -5.817181658163072 -5.912362592768538 -6.005125137021053 -6.049001647710323 -6.094432837912207 -6.146600972668741 -6.2058515363160645
-4.423497846190479 -4.468410809888158 -4.514360226594245 -4.5553001204263595 -4.581729672140763 -4.602285990140855 -4.625606182830034 -4.65099928153603 -4.655490577905797 -4.665164139317605 -4.660845585115905 -4.663263975468857 -4.688138847670649 -4.722860023452316 -4.780037681082823 -4.836697112209126 -4.8722819988311326 -4.890765410814408 -4.89577493368838 -4.908903338461548 -4.946042904596167 -5.002184109218266 -5.061261930697521 -5.139859617168459 -5.229167318059613 -5.317093081606223 -5.391372213875462 -5.441121958279044 -5.47342474370776 -5.488971538833879 -5.510391567674311 -5.535784666380306 -5.623710429926917 -5.733574448818162 -5.793170496801621 -5.83462861713794 -5.9303277782476105 -6.0139349875925205 -6.05193826456748 -6.099787845122314 -6.150574042534306 -6.218461714585028
-4.503650212174029 -4.548563175871708 -4.595376303418135 -4.637870876762862 -4.6598091321074975 -4.682783840460541 -4.705758548813584 -4.712668235536304 -4.7175050162422085 -4.711113556023692 -4.703340158460632 -4.700403541603476 -4.722341796948112 -4.758444910074323 -4.8126859508476745 -4.873318451839541 -4.913740119167452 -4.932741757654932 -4.928423203453232 -4.939651444377652 -4.965044543083647 -5.021185747705745 -5.0754267884790965 -5.15350624844583 -5.242468465000849 -5.3331581032365465 -5.407437235505785 -5.467033283489244 -5.500718006262503 -5.522656261607139 -5.549085813321542 -5.592444097506609 -5.679851634549015 -5.783324193221746 -5.8337649062976 -5.874704800129716 -5.939655855323282 -6.0158351514412685 -6.051420038063275 -6.098751392113907 -6.151092269038509 -6.229689955509448
-4.580693219132355 -4.625260698493898 -4.671555599536121 -4.713531946376644 -4.732706327032192 -4.7546445823768275 -4.763799917284431 -4.768291213654199 -4.764836370292839 -4.759481363082731 -4.759999589586935 -4.762417979939887 -4.785392688292931 -4.81907741106619 -4.867963444629432 -4.920131579385968 -4.9596895358735384 -4.965044543083647 -4.956752919016383 -4.959171309369335 -4.9802458538736305 -5.037250769336069 -5.09840149683214 -5.173544339941718 -5.255078643269813 -5.347841187522326 -5.422638546295769 -5.4860349219767235 -5.538721283237463 -5.562732444598914 -5.603154111926825 -5.65791337920438 -5.732537995809754 -5.8121721352891 -5.871768183272559 -5.924454544533298 -5.986123498533573 -6.027063392365688 -6.064202958500307 -6.105142852332422 -6.158347440097365 -6.232626572366604
-4.6389073297712695 -4.684856746477357 -4.716986789738004 -4.761381526931479 -4.784874461788727 -4.804912553284614 -4.816659020713238 -4.818559184561986 -4.81130401350313 -4.806294490629158 -4.813722403856082 -4.83376049535197 -4.851725680831041 -4.884028466259757 -4.937233054024699 -4.9802458538736305 -5.006502663419965 -5.008575569436782 -4.994410711655206 -4.99579264899975 -5.023085911554493 -5.07680872582364 -5.138304937655847 -5.211547616916677 -5.291699982900227 -5.363560724816514 -5.429375490850421 -5.493290093035579 -5.556340984380398 -5.610063798649545 -5.661886449069944 -5.7194095910365865 -5.789715653440261 -5.859158005003596 -5.918581310818986 -5.969367508230977 -6.011516597239568 -6.045201320012827 -6.083204596987787 -6.117925772769454 -6.173548750887349 -6.241436422938071
-4.686756910326105 -4.725278413805268 -4.759481363082731 -4.804912553284614 -4.826332582125046 -4.850343743486497 -4.860535531402509 -4.8594990783941014 -4.854662297688197 -4.855698750696605 -4.865372312108413 -4.874700389184085 -4.905966721604392 -4.941206123890264 -4.9899194152854385 -5.028095434428465 -5.050033689773101 -5.048133525924353 -5.033968668142777 -5.035350605487321 -5.065062258395017 -5.118439588328028 -5.185290807370342 -5.257497033622764 -5.328321322530643 -5.391372213875462 -5.45096826185892 -5.514882864044079 -5.581734083086394 -5.640293678061444 -5.690216164633095 -5.747739306599738 -5.8239186027177245 -5.897679508482759 -5.961075884163713 -6.007543527374004 -6.04416486700442 -6.084241049996195 -6.130017724534214 -6.168193743677241 -6.207233473660608 -6.264411131291115
-4.712668235536304 -4.755162808881031 -4.801975936427458 -4.83030565199061 -4.854144071183993 -4.88886524696566 -4.904584784259848 -4.9094215649657515 -4.905966721604392 -4.901129940898488 -4.905966721604392 -4.915294798680064 -4.955716466007975 -4.988019251436691 -5.031377535621758 -5.0719719451177365 -5.097365043823732 -5.0997834341766834 -5.085100349890904 -5.077326952327844 -5.0978832703279355 -5.138304937655847 -5.195482595286354 -5.2716618914043405 -5.351814257387891 -5.421602093287361 -5.480161688262411 -5.537339345892918 -5.603154111926825 -5.675533080347315 -5.748257533103942 -5.809753744936149 -5.873668347121307 -5.939655855323282 -5.997351739457993 -6.035355016432952 -6.066103122349055 -6.103242688483674 -6.1412459654586335 -6.18719538216472 -6.2379815795767115 -6.2960229480475585
