static/ASC_sea/1979/05/ERA5U/00.asc
ncols         201
nrows         201
xllcorner     105.0
yllcorner     0.0
cellsize      0.25
NODATA_value  -32767
[rows 152 to 170 of 201, columns 84 to 125 of 201]
-2.413297236383206 -2.371839116046887 -2.365965882332575 -2.4089786821815062 -2.4371356555765895 -2.4796302289213163 -2.552009197341807 -2.628533977795929 -2.707304406434935 -2.7677641652587344 -2.8454981408893323 -2.9035395093601792 -2.966935885041134 -3.0577982654449 -3.154015653058774 -3.24574174430288 -3.324857657278022 -3.373225464337061 -3.424529888253256 -3.453377830320611 -3.477734476018199 -3.52420211922849 -3.5774067069934326 -3.6432214730273396 -3.716982378792374 -3.78193343398594 -3.8653679011627826 -3.927382339499193 -4.005634541633995 -4.089587235315042 -4.167148468777572 -4.228644680609778 -4.272693933467118 -4.312770116458893 -4.3571648536523675 -4.395686357131531 -4.46305580267805 -4.520233460308557 -4.563246260157487 -4.598831146779495 -4.634416033401502 -4.673973989889073
-2.361992812467011 -2.3502463450383875 -2.3806489666183546 -2.416752079744566 -2.456310036232137 -2.505541554131516 -2.5704926093250826 -2.6295704308043373 -2.6984945558634674 -2.770182555611686 -2.828742150586737 -2.9040577358643835 -2.975745735612602 -3.0695447328735237 -3.177508587916021 -3.269234679160127 -3.3352221873621017 -3.377716760706829 -3.427466505110412 -3.4538960568248154 -3.4787709290266067 -3.4962178880014747 -3.546658601077329 -3.6041817430439718 -3.6769061958005986 -3.767250349700161 -3.8556943397509746 -3.934810252726117 -4.021181336760115 -4.093905789516741 -4.166630242273368 -4.225708063752623 -4.273557644307457 -4.317088670660593 -4.36390179820702 -4.410369441417311 -4.468929036392361 -4.50952344588834 -4.559273190291924 -4.5905395227122305 -4.626642635838442 -4.667755271838625
-2.2569655742816694 -2.3224348559794397 -2.393777371391522 -2.4205524074420617 -2.4792847445851804 -2.5295527154929673 -2.576884069543598 -2.6373438283673973 -2.67500162100622 -2.7546357604855665 -2.8142318084690254 -2.8923112684357593 -2.960717166990686 -3.062289561814668 -3.1711171276975056 -3.2649161249584275 -3.33021266448813 -3.375643854690013 -3.431439574975976 -3.464606071245031 -3.484644162740919 -3.4972543410098824 -3.518328885514178 -3.575333800976617 -3.6370027549768915 -3.7282106197167932 -3.8258099446752114 -3.9249639491462416 -4.010989548844103 -4.081295611247778 -4.152983610995996 -4.204806261416395 -4.253174068475434 -4.3122518899546884 -4.35958324400532 -4.407432824560154 -4.454764178610786 -4.495358588106765 -4.5440718795019395 -4.573438048073499 -4.610577614208118 -4.651517508040233
-2.2272539213739737 -2.328308089693752 -2.3922226918789105 -2.4205524074420617 -2.4777300650725684 -2.507959944484468 -2.555464040703167 -2.628188493459793 -2.6594548258801005 -2.726824271426619 -2.78883870976303 -2.863463326368404 -2.927032444217427 -3.0280866125372046 -3.14572402899151 -3.2398685105885683 -3.3112110260006506 -3.3581968957151456 -3.4221114979003042 -3.4635696182366233 -3.4836077097325107 -3.490862880791367 -3.5119374252956623 -3.5349121336487057 -3.5958901189767083 -3.685197819867862 -3.7814152074817367 -3.889897289028438 -3.9733317562052806 -4.048129114978723 -4.110143553315133 -4.162311688071668 -4.220007572206379 -4.279085393685634 -4.336090309148072 -4.386012795719723 -4.42591623654343 -4.46651064603941 -4.511941836241292 -4.5553001204263595 -4.591921460056775 -4.634416033401502
-2.2507468562312214 -2.3277898631895475 -2.3849675208200543 -2.4226253134588775 -2.4376538820807934 -2.468056503660761 -2.513314951694576 -2.592085380333582 -2.636998344031261 -2.691066642636544 -2.7487625267712543 -2.818550362670725 -2.884019644368496 -2.9816189693269135 -3.098910901445083 -3.194610062554753 -3.2678527418155836 -3.3146658693620106 -3.3820353149085287 -3.43282151232052 -3.472897695312295 -3.482053030219899 -3.49483595065693 -3.517810659009974 -3.554431998640389 -3.6427032465231353 -3.722337386002482 -3.824428007330668 -3.906480537162966 -3.989051293499468 -4.046574435466111 -4.120853567735349 -4.1783767097019915 -4.235554367332498 -4.296532352660501 -4.349736940425444 -4.396204583635735 -4.437662703972054 -4.477220660459626 -4.529561537384228 -4.571537884224751 -4.613514231065274
-2.216543906953758 -2.2887501332061806 -2.361992812467011 -2.3860039738284624 -2.4005143159461744 -2.444563568803513 -2.504159616786972 -2.533353043190463 -2.5905307008209704 -2.6378620548716007 -2.6974581028550597 -2.7648275484015783 -2.841525071023769 -2.9377424586376426 -3.0363782366044685 -3.1286225543527784 -3.189082313176577 -3.235031729882664 -3.3082744091434946 -3.3820353149085287 -3.43627635568188 -3.459251064034923 -3.471861242303887 -3.492417560303979 -3.529557126438598 -3.584143651548085 -3.6509948705903987 -3.740475313649621 -3.8185547736163556 -3.904580373314218 -3.9805869272641363 -4.0622939727602985 -4.131045355651361 -4.184768169920508 -4.247819061265326 -4.297568805668909 -4.364938251215428 -4.418661065484574 -4.45528240511499 -4.503650212174029 -4.5440718795019395 -4.588121132359279
-2.1320729867685078 -2.2189622973067102 -2.2844315790044805 -2.3414364944669193 -2.3844492943158504 -2.416233853240362 -2.454237130215321 -2.489994759005396 -2.538362566064435 -2.555464040703167 -2.6257701031068414 -2.703331336569372 -2.783829186889058 -2.879182863662592 -2.9714271814109017 -3.0406967908061686 -3.0933831520669073 -3.133977561562886 -3.2120570215296205 -3.299464558572027 -3.379616924555577 -3.4152018111775844 -3.4411131363877834 -3.459251064034923 -3.4937994976485225 -3.5456221480689214 -3.5929535021195527 -3.6701692512459463 -3.743930157010981 -3.8351380217508835 -3.9118355443730737 -3.992851621196964 -4.06471236311325 -4.127590512290001 -4.187704786777664 -4.232617750475343 -4.310697210442077 -4.36390179820702 -4.419697518492982 -4.467547099047818 -4.520233460308557 -4.5646281975020315
-2.04311077021349 -2.1920145190881026 -2.1857958010376546 -2.270266721222905 -2.340054557122375 -2.3737392798956347 -2.399650605105834 -2.42158886045047 -2.4362719447362493 -2.486539915644036 -2.5573642045519147 -2.630088657308541 -2.7193963581996954 -2.805940184401761 -2.8816012540155436 -2.9484524730578583 -3.0026935138312094 -3.037760173949012 -3.103229455646783 -3.194610062554753 -3.282017599597159 -3.331249117496538 -3.364415613765593 -3.4025916329086208 -3.4538960568248154 -3.5119374252956623 -3.5426855312117658 -3.599344962338068 -3.6579045573131186 -3.742375477498369 -3.826846397683619 -3.914253934726025 -3.994751785045712 -4.0607392932476865 -4.113943881012629 -4.165248304928824 -4.235554367332498 -4.290313634610054 -4.36390179820702 -4.4152062221232145 -4.467892583383954 -4.511941836241292
-2.11980829283568 -2.1085800519112605 -2.181822731172091 -2.2061793768696782 -2.2526470200799693 -2.313106778903768 -2.3488644076938434 -2.3365997137610153 -2.3419547209711236 -2.403105448467194 -2.452855192870777 -2.533353043190463 -2.6257701031068414 -2.7086863437794797 -2.7814107965361057 -2.8479165312422845 -2.9025030563517715 -2.9498344104024024 -2.9992386704698495 -3.0510613208902484 -3.1427874121343544 -3.2208668721010882 -3.282017599597159 -3.34144090541255 -3.3981003365388527 -3.4538960568248154 -3.4937994976485225 -3.5421673047075615 -3.5945081816321647 -3.669651024741743 -3.7442756413471168 -3.8239097808264635 -3.9019892407931973 -3.9767865995666405 -4.047092661970314 -4.093387563012538 -4.143828276088392 -4.203251581903783 -4.26820263709735 -4.326416747736265 -4.397241036644143 -4.465992419535206
-2.1804407938275467 -1.9498299994567718 -2.1090982784154644 -2.122744909692836 -2.167657873390515 -2.222935367172274 -2.2390003888025976 -2.2462555598614538 -2.278040118785965 -2.2911685235591324 -2.3419547209711236 -2.4172703062487697 -2.507959944484468 -2.599340551392438 -2.672065004149064 -2.7263060449224152 -2.77847417967895 -2.825805533729581 -2.872273176939872 -2.914249523780395 -2.9957838271084896 -3.0890645978652076 -3.1788905252605653 -3.2438415804541316 -3.3034376284375906 -3.3619972234126414 -3.4108832569758842 -3.4430133002365313 -3.494317724152727 -3.572915410623665 -3.651513097094603 -3.7434119305067775 -3.823391554322259 -3.8888608360200303 -3.9519117273648483 -4.0026979247768395 -4.067130753466202 -4.128108738794205 -4.183386232575963 -4.2457461552485105 -4.307760593584921 -4.375648265635643
-1.6603141257748102 -1.5723883622282 -1.8283922553049705 -1.9626129198938036 -2.026527522078962 -2.119290066331476 -2.1433012276929277 -2.1583297963148436 -2.1623028661804073 -2.181304504667887 -2.22587198402943 -2.2820131886515287 -2.3801307401141507 -2.4728932843666644 -2.533353043190463 -2.5798206864007542 -2.635443664518649 -2.6857116354264363 -2.7409891292081947 -2.7912571001159816 -2.870891239595328 -2.970908954906698 -3.0577982654449 -3.1192944772771067 -3.177508587916021 -3.23710463589948 -3.289272770656015 -3.350768982488222 -3.4114014834800885 -3.481189319379559 -3.558232326337885 -3.647712769397107 -3.7194007691453255 -3.78193343398594 -3.844984325330759 -3.9078624745075095 -3.978168536911184 -4.033964257197147 -4.088550782306633 -4.150565220643045 -4.214998049332407 -4.286340564744489
-0.8484259358552276 -0.8513625527123836 -1.4884356685471538 -1.6886438413379614 -1.8762418358598054 -1.9695226066165235 -2.023072678717602 -2.039310442515994 -2.034300919642022 -2.0738588761295933 -2.093033256785141 -2.1540112421131434 -2.2419370056597536 -2.3239895354920517 -2.3849675208200543 -2.4293622580135295 -2.4792847445851804 -2.549072580484651 -2.6188604163841216 -2.6677464499473644 -2.7364978328384266 -2.8327152204523007 -2.913213070771987 -2.9752275091083975 -3.0425969546549165 -3.106684299008143 -3.1671440578319414 -3.2301949491767603 -3.287372606807267 -3.3614789969084375 -3.44404975324494 -3.529557126438598 -3.6017633526910204 -3.6632595645232264 -3.7247557763554333 -3.802489751986032 -3.875214204742658 -3.9327373467093008 -3.9845599971296997 -4.044156045113159 -4.116362271365581 -4.188223013281868
-0.3713120676514219 -0.4381632866937366 -1.1096120939740381 -1.48791744204295 -1.6798339907664936 -1.8425571130865461 -1.895761700851489 -1.896625411691829 -1.891788630985925 -1.942056601893712 -1.95432129582654 -2.024627358230214 -2.0788683990035652 -2.1617846396762035 -2.2403823261471416 -2.2849498055086848 -2.3302082535424997 -2.4020689954587864 -2.4742752217112085 -2.5255796456274036 -2.5929490911739217 -2.681393081224736 -2.7629273845528304 -2.8503349215952367 -2.918222593645959 -2.9733273452596496 -3.0310232293943606 -3.0807729737979432 -3.143823865142762 -3.2194849347565446 -3.3048195657821346 -3.391363391984201 -3.4806710928753546 -3.5426855312117658 -3.6060819068927197 -3.686752499380474 -3.7555038822715368 -3.811645086893636 -3.8653679011627826 -3.9361921900706607 -4.008052931986947 -4.089069008810838
-0.40983357113058516 -0.5803300910136975 -0.9836830534524688 -1.3619884015213806 -1.5469952635222046 -1.709200159338053 -1.763441200111404 -1.760504583254248 -1.7468579519768763 -1.7917709156745554 -1.8204461155738427 -1.8888520141287692 -1.9332467513222442 -2.0158175076587463 -2.094415194129685 -2.1417465481803157 -2.1892506443990145 -2.2395186153068014 -2.3039514439961644 -2.360092648618263 -2.4371356555765895 -2.5271343251400156 -2.642353351241369 -2.729760888283775 -2.7883204832588255 -2.838070227662409 -2.878664637158388 -2.919086304486299 -2.9914652729067894 -3.0666081160163676 -3.150560809697414 -3.2531696575298037 -3.3424773584209575 -3.420038591883488 -3.4841259362367145 -3.5568503889933414 -3.6207649911784996 -3.6803610391619586 -3.743930157010981 -3.8201094531289677 -3.8947340697343416 -3.9752319200540285
-0.5782571849968815 -0.9000758441075586 -1.0919923928311024 -1.247805828428435 -1.4245210663619952 -1.533866858749037 -1.582234665808076 -1.629047793354503 -1.6119463187157712 -1.6413124872873306 -1.6779338269177457 -1.7359751953885925 -1.811809007170443 -1.8904066936413813 -1.944129507910528 -1.984551175238439 -2.0387922160117897 -2.0735133917934574 -2.136391540970208 -2.1949511359452587 -2.278040118785965 -2.3927409183831143 -2.50951462399708 -2.596922161039486 -2.656518209022945 -2.697976329359264 -2.732697505140931 -2.772255461628502 -2.8454981408893323 -2.9230593743518627 -3.010985137898473 -3.1163578604199507 -3.2067020143195126 -3.284954216454315 -3.3483505921352696 -3.4133016473288365 -3.4801528663711507 -3.559787005850497 -3.6257745140524715 -3.6969442872964864 -3.7717416460699287 -3.8556943397509746
-0.463556385399732 -0.6939944376024391 -0.9778098197381568 -1.1545250576717172 -1.2662892404117105 -1.3614701750171765 -1.4172658953031394 -1.4699522565638783 -1.4675338662109263 -1.483080661337046 -1.5108921503959933 -1.6012363042955555 -1.6789702799261537 -1.7380481014054086 -1.7907344626661472 -1.8425571130865461 -1.8874700767842252 -1.9206365730532804 -1.991460861961159 -2.0553754641463176 -2.1505563987517835 -2.2609386441472332 -2.355255867912359 -2.4371356555765895 -2.507959944484468 -2.552872908182147 -2.60521378510675 -2.6623914427372566 -2.7423710665527388 -2.817168425326181 -2.8904111045870113 -2.968490564553746 -3.0534797112431997 -3.1320773977141383 -3.194091836050549 -3.2668162888071755 -3.345413975278114 -3.426430052102004 -3.4996727313628346 -3.571015246774917 -3.6413213091785916 -3.7247557763554333
-0.25505658854166047 -0.4571649251812162 -0.9201139356034461 -0.9572535017380653 -1.0144311593685722 -1.1203221083942538 -1.1833729997390725 -1.2657710139075067 -1.3141388209665457 -1.3341769124624332 -1.3614701750171765 -1.4557873987823027 -1.5343850852532408 -1.5963995235896515 -1.6490858848503904 -1.6960717545648853 -1.7472034363130122 -1.8171640143805508 -1.853267127506762 -1.9273735176079323 -2.0144355703142027 -2.086123570062421 -2.1721491697602833 -2.264393487508593 -2.353182961895543 -2.4371356555765895 -2.499668320417204 -2.543717573274543 -2.6086686284681098 -2.678974690871784 -2.7487625267712543 -2.829260377090941 -2.9196045309905028 -2.999756896974053 -3.0631532726550077 -3.1369141784200423 -3.2155118648909804 -3.291691161008967 -3.3619972234126414 -3.431439574975976 -3.4996727313628346 -3.5865620419010362
-0.1291275480200913 -0.3068792389620594 -0.6990039604764109 -0.5969133391482251 -0.7185238254680945 -0.8874656658385949 -0.925468942813554 -1.056925732713299 -1.1432968167472972 -1.1676534624448847 -1.2389959778569672 -1.305328970395078 -1.3825447195214722 -1.4440409313536788 -1.5001821359757777 -1.5627148008163922 -1.6306024728671147 -1.6851889979766015 -1.713518713539753 -1.8029991565989751 -1.8791784527169615 -1.9538030693223358 -2.029982365440322 -2.1104802157600084 -2.2053156660293385 -2.3103429042146804 -2.3785760606015387 -2.419688696601722 -2.4763481277280244 -2.550454517829195 -2.628188493459793 -2.7092045702836836 -2.79661210732609 -2.884019644368496 -2.961062651326822 -3.018758535461533 -3.0738632870752234 -3.15695226991593 -3.2149936383867765 -3.280981146588751 -3.3585423800512815 -3.4547597676651556
0.08127241268672813 -0.05778503260800871 -0.43280827948362877 -0.2462467379701927 -0.3756306218531218 -0.5934584957868652 -0.697967507468003 -0.8679458008469113 -0.9909382245113246 -1.0548528266964832 -1.1179037180413018 -1.1638531347473888 -1.2384777513527632 -1.299455736680766 -1.3659614713869446 -1.4512961024125346 -1.5162471576061012 -1.5573597936062844 -1.6090097018586151 -1.6725788197076379 -1.7492763423298283 -1.8346109733554183 -1.904053324918753 -1.9810963318770791 -2.0700585484320975 -2.1545294686173477 -2.216025680449554 -2.264393487508593 -2.321916629475236 -2.411742556870594 -2.4991500939130002 -2.599340551392438 -2.6950397125021075 -2.7859020929058738 -2.8567263818137523 -2.8966298226374594 -2.938606169477983 -3.008912231881657 -3.0748997400836315 -3.14917887235287 -3.230713175680964 -3.3215755560847304
