static/ASC_sea/1979/05/ERA5U/00.asc
ncols         201
nrows         201
xllcorner     105.0
yllcorner     0.0
cellsize      0.25
NODATA_value  -32767
[rows 114 to 132 of 201, columns 84 to 125 of 201]
-1.1139306481757378 -1.0588258965620472 -0.9689999691666891 -0.9107858585277744 -0.8492896466955676 -0.8492896466955676 -0.8712279020402032 -0.838061405771148 -0.7829566541574571 -0.6554729341232759 -0.5675471705766657 -0.4488733011139523 -0.32190780758397497 -0.21463492121374927 -0.1101259095326117 -0.04016533146507317 0.05587931398073276 0.1609065521660744 0.2512507060656366 0.3181019251079511 0.37527958273845785 0.4587140499153002 0.549576430319066 0.6131455481680887 0.6725688539834793 0.7297465116139861 0.7722410849587134 0.789342559597445 0.7775960921688212 0.74926637660567 0.7209366610425183 0.700898569546631 0.6882883912776669 0.6755054708406354 0.6706686901347314 0.6642772299162159 0.6506305986388441 0.6388841312102203 0.6267921794454605 0.607272314453777 0.5837793795965294 0.5798063097309656
-0.7672371168632695 -0.6808660328292713 -0.6281796715685325 -0.5768752476523376 -0.5779117006607455 -0.5934584957868652 -0.5915583319381172 -0.5397356815177183 -0.4504279806265643 -0.30584278595365144 -0.21411669470954542 -0.10183428546534778 0.012521029795665717 0.09353710661955605 0.1740349569392423 0.20633774236795754 0.28389897583048795 0.35385955389802626 0.4100007585201251 0.4670056739825641 0.5115731533441068 0.5808427627393733 0.6409570372270361 0.6770601503532474 0.7155816538324105 0.747366212756922 0.7770778656646173 0.7756959283200733 0.7566942898325937 0.739592815193862 0.7195547236979742 0.6979619526894749 0.6813787045549471 0.6730870804876836 0.6722233696473434 0.6682502997817796 0.6438936540841922 0.609172478302525 0.5808427627393733 0.5476762664703181 0.5129550906886509 0.4982720064028714
-0.5442269778874862 -0.4924043274670873 -0.4512916914669043 -0.40396033741627324 -0.4020601735675253 -0.37614884835732587 -0.3419458990798627 -0.2633482126089244 -0.14467434314621097 -0.017363365280097742 0.08472725604808806 0.18526319786366208 0.25660571327574444 0.3186201516121552 0.3542050382341624 0.35679617075518233 0.41241914887307707 0.45007694151190036 0.5032815292768433 0.5570043435459902 0.5950076205209489 0.6559856058489519 0.6672138467733715 0.696061788840727 0.7150634273282066 0.7430476585552219 0.7599763910258857 0.7484026657653298 0.7356197453282982 0.7136814899836625 0.689670328622211 0.6584039962019037 0.6369839673614723 0.6385386468740843 0.6385386468740843 0.6174641023697884 0.5784243723864215 0.5364480255458985 0.4822069847725474 0.4383304740832765 0.39186283087298546 0.3600782719484743
-0.44265458306350447 -0.3771853013657338 -0.3277810412982869 -0.281486140256064 -0.2590296584072245 -0.19891538391956165 -0.10183428546534778 -0.013390295414533737 0.11357519811544359 0.20979258572931747 0.3010004504692194 0.373897645393914 0.41293737537728115 0.4431672547891805 0.46078695593211605 0.4616506667724558 0.4974082955625312 0.5134733171928547 0.5715146856637017 0.6140092590084285 0.651148825143048 0.6882883912776669 0.6893248442860751 0.689670328622211 0.700898569546631 0.7043534129079909 0.7131632634794587 0.6946798514961829 0.689670328622211 0.6584039962019037 0.6297287963026166 0.6022627915798051 0.5760059820334698 0.5647777411090498 0.551131109831678 0.5169281605542146 0.47823391490698364 0.4250293271420409 0.3656060213266501 0.31084675404909534 0.25850587712449236 0.2116927495780654
-0.3752851375169859 -0.2908142173317356 -0.21169830435659343 -0.15987565393619452 -0.08611474817116016 -0.0075170617002218165 0.0866274198968362 0.1843994870233221 0.2702523445531162 0.34159485996519856 0.4324572403689648 0.4763337510582357 0.5017268497642313 0.506218146133999 0.5134733171928547 0.5134733171928547 0.5348933460332865 0.5540677266888341 0.6145274855126328 0.6482122082858919 0.689670328622211 0.7043534129079909 0.6882883912776669 0.6818969310591514 0.6559856058489519 0.6492486612943 0.647693981781688 0.6281741167900046 0.6214371722353527 0.5842976061007332 0.5485399773106583 0.5036270136129792 0.4803068209237995 0.45042242584803627 0.420710772940341 0.38011636344436184 0.33969469611645065 0.2825170384859439 0.21652953028396937 0.15365138110721865 0.0774720849892323 0.021330880367133487
-0.3312358846596468 -0.22586316213816904 -0.1291275480200913 -0.03636500376757712 0.03739590199745724 0.1178937523171435 0.21272920258647332 0.2726707349060682 0.33572162625088664 0.3937629947217334 0.46666018964642775 0.4958536160499192 0.5134733171928547 0.5177918713945548 0.5260834954618188 0.5260834954618188 0.5329931821845386 0.5573498278821261 0.6190187818824004 0.6492486612943 0.6837970949078993 0.6634135190758756 0.6471757552774842 0.609172478302525 0.5827429265881212 0.5570043435459902 0.5431849701005504 0.5310930183357907 0.5145097702012629 0.47391536070528395 0.42364738979749683 0.3787344260998178 0.3338214624021387 0.30359158299023936 0.24157714465382885 0.19752789179648977 0.1507147642500628 0.10131050418261589 0.03791412850166109 -0.03826516761632526 -0.11496269023851546 -0.19494231405399787
-0.3165528003738671 -0.18526875264219012 -0.05726680610380486 0.03843235500586517 0.12324875952725134 0.20443757851920963 0.2389860121328089 0.29029043604900373 0.3308848455449829 0.3840894333099256 0.42952062351180875 0.44454919213372457 0.4637235727892721 0.4680421269909718 0.4763337510582357 0.4803068209237995 0.4803068209237995 0.5115731533441068 0.5677143579662058 0.5960440735293571 0.6032992445882128 0.5760059820334698 0.5329931821845386 0.4944716787053751 0.45439549571360005 0.4303843343521485 0.4011909079486573 0.40015445494024937 0.3742431297300499 0.3156835347549991 0.2629971734942602 0.1985643448048977 0.15365138110721865 0.09543727046830397 0.02513120806462954 -0.019781755633049514 -0.06607665667527263 -0.10183428546534778 -0.1583209744235825 -0.23657317655838495 -0.327435556962151 -0.40793340728183725
-0.2921961546762797 -0.1500293503563188 -0.02513676284315758 0.07108062477071653 0.1491600847374508 0.18249932317457396 0.20495580502341348 0.23812230129246892 0.27716203127583605 0.3137833709062512 0.33969469611645065 0.365087794822446 0.38115281645276977 0.3865078236628776 0.39238105737718953 0.3953176742343454 0.39341751038559747 0.42796594399919674 0.4621688932766601 0.48618005463811165 0.4787521414111875 0.42952062351180875 0.38253475379731383 0.3308848455449829 0.2873538191918479 0.2669702433598242 0.24002246514121683 0.24779586270427667 0.20046450865364562 0.13119489925837913 0.062270774199248535 -0.0021620544901139738 -0.06521294583493265 -0.13050948536463514 -0.19943361042376573 -0.23743688739872493 -0.27457645353334414 -0.2975511618863875 -0.3625022170799541 -0.44403652040804853 -0.5386992285093104 -0.6311162884256883
-0.23743688739872493 -0.16333049729755444 -0.08075974096105232 0.021849106871337565 0.0676257814093566 0.092155169275012 0.12428521253565927 0.1609065521660744 0.18336303401491394 0.2077196797125016 0.22637583386384508 0.24192262898996475 0.2610970096455123 0.2809623589733319 0.2859718818473038 0.2785439686203799 0.2844172023346918 0.31274691789784326 0.3362398527550907 0.3450497033265585 0.30203690347762757 0.25176893256984045 0.2009827351578497 0.14967831124165465 0.10718373789692759 0.08127241268672813 0.061407063358908553 0.052597212787440784 -0.00855351470862975 -0.0681495626920885 -0.1417377262890549 -0.20876168749943758 -0.27457645353334414 -0.3459189689454265 -0.4093153446263811 -0.45578298783667215 -0.48704932025697945 -0.4982775611813992 -0.5704837874338217 -0.649599700408964 -0.743398697669886 -0.8385796322753519
-0.279067749903112 -0.21998992842385734 -0.1496838660201827 -0.09095152887706415 -0.05778503260800871 -0.02513676284315758 0.010966350283053705 0.034977511644505244 0.06676207056901662 0.07004417176230837 0.08282709219934015 0.10960212824987958 0.13361328961133112 0.14725992088870288 0.14294136668700297 0.13793184381303103 0.15209670159460664 0.1614247786702785 0.17455318344344617 0.15952461482153057 0.12324875952725134 0.08628193556070007 0.03307734779575733 -0.019263529128845658 -0.0598579386248248 -0.09596105175103586 -0.11738108059146746 -0.14761096000336682 -0.20876168749943758 -0.26732128247448816 -0.3424641255840666 -0.41190647714740103 -0.48514915640823153 -0.558391835669062 -0.6095235174171888 -0.6501179269131679 -0.6774111894679113 -0.7257789965269503 -0.8029947456533446 -0.8893658296873428 -0.9802282100911088 -1.061762513419203
-0.3459189689454265 -0.3103340823234193 -0.27664935955016 -0.23018171633986895 -0.17991374543208205 -0.14035578894451106 -0.11444446373431161 -0.09095152887706415 -0.06175810247357272 -0.0788595771123044 -0.0626218133139127 -0.03636500376757712 -0.017363365280097742 -0.006480608691813883 -0.013908521918737815 -0.022200145986001507 -0.01580868576748573 -0.009071741212833828 -0.0075170617002218165 -0.03981984712893705 -0.07782312410389625 -0.11738108059146746 -0.1603938804403986 -0.1983971574153578 -0.23743688739872493 -0.2833863041048119 -0.321044096743635 -0.3780490122060738 -0.42848972528192886 -0.48549464074436743 -0.5461271417362341 -0.6129783607785487 -0.6819024858376793 -0.7482354783757899 -0.8088679793676565 -0.8703641911998632 -0.9088856946790264 -0.9816101474356528 -1.0382695785619556 -1.1080574144614261 -1.1906281707979283 -1.2702623102772745
-0.43436295899624056 -0.39515048684480547 -0.366820771281654 -0.32052587023943113 -0.28632292096196776 -0.2566112680542725 -0.2370914030625888 -0.21308024170113748 -0.21998992842385734 -0.21705331156670127 -0.19649699356660966 -0.18526875264219012 -0.16333049729755444 -0.1496838660201827 -0.1579754900874466 -0.18526875264219012 -0.19494231405399787 -0.20133377427251364 -0.21757153807090535 -0.24037350425588078 -0.26628482946608023 -0.30739746546626345 -0.33866379788657075 -0.37614884835732587 -0.42451665541636485 -0.467529455265296 -0.5196975900218308 -0.5886217150809613 -0.6369895221400003 -0.6915760472494871 -0.7497901578884019 -0.8161231504265124 -0.8845290489814389 -0.9460252608136456 -1.0075214726458523 -1.0793822145621386 -1.1280955059573137 -1.2087660984450679 -1.2745808644789745 -1.344368700378445 -1.4079378182274676 -1.482562434832842
-0.5250525972319386 -0.4835944768956195 -0.45975605770223615 -0.42693504576931685 -0.38927725313049355 -0.36595706044131404 -0.3483373592983785 -0.3531741400042825 -0.35559253035723426 -0.34056396173531867 -0.3357271810294147 -0.3136161835167113 -0.29271438118048376 -0.28684114746617184 -0.3111977931637593 -0.33814557138236667 -0.37321223150017 -0.3820220820716378 -0.3986053302061654 -0.4210618120550049 -0.4528463709795163 -0.4982775611813992 -0.5319622839546585 -0.5696200765934818 -0.6148785246272968 -0.6686013388964436 -0.7345888470984181 -0.8038584564936846 -0.8541264274014716 -0.9059490778218704 -0.9620902824439692 -1.0256594002929917 -1.0885375494697425 -1.1505519878061532 -1.2149848164955157 -1.2833907150504422 -1.3561151678070686 -1.4293578470678991 -1.49050857456397 -1.5445768731692526 -1.6086642175224792 -1.6907167473547775
-0.603304799366741 -0.5691018500892777 -0.5392174550135143 -0.510024028610023 -0.4908496479544755 -0.467529455265296 -0.47720301667710374 -0.4811760865426675 -0.465974775752684 -0.45180991797110814 -0.4464549107610003 -0.4322900529794247 -0.416743257853305 -0.42693504576931685 -0.4512916914669043 -0.5001777250301471 -0.5392174550135143 -0.56029199951781 -0.5753205681397255 -0.5950131752994772 -0.6319799992660283 -0.6768929629637074 -0.7233606061739983 -0.7613638831489575 -0.8156049239223084 -0.8757191984099711 -0.9524167210321615 -1.0114945425114161 -1.067635747133515 -1.116867265032894 -1.1769815395205565 -1.2408961417057152 -1.3039470330505338 -1.3547332304625248 -1.4162294422947315 -1.481698723992502 -1.5627148008163922 -1.6319844102116587 -1.7043633786321493 -1.758431677237432 -1.8180277252208907 -1.900080255053189
-0.6877757195519911 -0.6544364811148679 -0.6188515944928606 -0.599849956005381 -0.5811938018540375 -0.5715202404422297 -0.5811938018540375 -0.5808483175179014 -0.5656470067279178 -0.5587373200051979 -0.5450906887278262 -0.5412903610303303 -0.5485455320891861 -0.559255546509402 -0.6159149776357047 -0.6648010111989476 -0.7052226785268588 -0.7300975507286502 -0.7511720952329458 -0.7653369530145214 -0.8073132998550445 -0.8625907936368034 -0.9088856946790264 -0.970900133015437 -1.0256594002929917 -1.0968291735370064 -1.1705900793020407 -1.2174032068484677 -1.2790721608487423 -1.3317585221094812 -1.3972278038072519 -1.4611424059924105 -1.5050189166816814 -1.5558051140936724 -1.6129827717241791 -1.6784520534219498 -1.7570497398928882 -1.8263193492881546 -1.902498645406141 -1.9650313102467556 -2.024627358230214 -2.102706818196949
-0.7741468035859893 -0.7292338398883103 -0.697967507468003 -0.6832844231822233 -0.6653192377031516 -0.6554729341232759 -0.6701560184090556 -0.6686013388964436 -0.6648010111989476 -0.6627281051821317 -0.6544364811148679 -0.6594460039888398 -0.6677376280561036 -0.7105776857369667 -0.7672371168632695 -0.8302880082080881 -0.8658728948300953 -0.8957572899058587 -0.9195957090992422 -0.9385973475867218 -0.9869651546457607 -1.0465612026292193 -1.113066937335398 -1.1750813756718086 -1.249187765772979 -1.3219122185296055 -1.3790898761601122 -1.4226209025132472 -1.4801440444798901 -1.5504501068835645 -1.6119463187157712 -1.6568592824134503 -1.7009085352707893 -1.7492763423298283 -1.807317710800675 -1.8757236093556016 -1.9489662886164318 -2.021172514868854 -2.0949334206338888 -2.1588480228190474 -2.229672311726926 -2.30775177169366
-0.838061405771148 -0.783474880661661 -0.7658551795187255 -0.739943854308526 -0.7214604423252504 -0.7268154495353583 -0.7463353145270419 -0.7712101867288333 -0.7629185626615695 -0.7643005000061135 -0.7781198734515532 -0.7770834204431453 -0.8038584564936846 -0.8527444900569275 -0.9157953814017462 -0.9752186872171369 -1.0251411737887879 -1.060726060410795 -1.0807641519066826 -1.1232587252514097 -1.1671352359406808 -1.2345046814871994 -1.305328970395078 -1.386863273723172 -1.4651154758579743 -1.5226386178246172 -1.572906588732404 -1.618337778934287 -1.669123976346278 -1.7492763423298283 -1.8038628674393151 -1.848430346800858 -1.8898884671371772 -1.9367015946836041 -1.995261189658655 -2.0660854785665332 -2.1320729867685078 -2.2136072900966024 -2.2882319067019767 -2.361992812467011 -2.4303987110219376 -2.4905129855096
-0.884010822477235 -0.8385796322753519 -0.8147412130819685 -0.7907300517205169 -0.7947031215860808 -0.8024765191491406 -0.8185415407794643 -0.8439346394854598 -0.8658728948300953 -0.8791740417713311 -0.8888476031831388 -0.9054308513176664 -0.9449888078052376 -1.0026846919399484 -1.066081067620903 -1.1242951782598176 -1.1724902431507886 -1.206693192428252 -1.2331227441426553 -1.296173635487474 -1.3493782232524167 -1.4259030037065392 -1.5103739238917895 -1.5934629067324957 -1.6618688052874222 -1.7169735569011129 -1.760504583254248 -1.8137091710191908 -1.8771055467001454 -1.94309305490212 -1.989387955944343 -2.03101881844873 -2.071440485776641 -2.1184263554911364 -2.1804407938275467 -2.2569655742816694 -2.31811630177774 -2.399650605105834 -2.4713386048540524 -2.542162893761931 -2.595885708031078 -2.653063365661585
-0.8853927598217789 -0.8498078731997717 -0.8463530298384118 -0.8522262635527236 -0.8586177237712395 -0.8722643550486112 -0.9024942344605105 -0.9401520270993337 -0.9572535017380653 -0.9831648269482648 -1.0080396991500562 -1.0470794291334236 -1.0935470723437144 -1.1457152071002492 -1.210148035789612 -1.2681894042604587 -1.305328970395078 -1.3585335581600206 -1.4063831387148555 -1.4635607963453623 -1.5357670225977849 -1.615919388581335 -1.6920986846993213 -1.75601328688448 -1.8131909445149867 -1.8733052190026496 -1.9337649778264483 -1.9962976426670629 -2.0641853147177853 -2.121362972348292 -2.169212552903127 -2.2106706732394463 -2.2531652465841736 -2.3034332174919605 -2.363029265475419 -2.4314351640303453 -2.514869631207188 -2.6022771682495938 -2.6608367632246446 -2.7140413509895875 -2.7693188447713464 -2.8297786035951447
