static/ASC_sea/1979/08/ERA5U/00.asc
ncols         201
nrows         201
xllcorner     105.0
yllcorner     0.0
cellsize      0.25
NODATA_value  -32767
[rows 19 to 37 of 201, columns 126 to 167 of 201]
1.2139017105015224 1.1819874012269966 1.5062779632100813 1.7953598356064315 2.052115601189229 2.2090104635581884 2.2831340205828936 2.379288745945497 2.3535513997563635 2.328637648645282 2.310518556928132 2.345727246514867 2.408526371216353 2.389583684421151 2.4159387269188235 2.462265950059264 2.393083963502873 2.4017317118224217 2.485326612244728 2.440440680490879 2.1492998203993983 1.8128612310150425 1.9701678909230278 2.0224661783793474 2.0584984630441348 1.6326998076911061 1.2460219185455612 1.1990769990965813 1.162015220584229 1.2577581484078064 1.2948199269201588 1.303673574009221 1.3524715823838185 1.3559718614655405 1.3240575521910147 1.351442088536253 1.396328020290102 1.4702456785452944 1.5526051863505224 1.5458105269565907 1.5981088144129107 1.5633119223652017
1.0220040573153413 1.3411471500605994 1.6664672058912497 1.9907577678743347 2.174831267819019 2.331932028957491 2.473178584843457 2.4764729651556663 2.4505297201970193 2.428086754320095 2.4632954439068295 2.4985041334935647 2.5131229461289926 2.5429782677083876 2.569745107745087 2.597129644090325 2.593629365008603 2.602483012097665 2.6249259779745895 2.609895367800135 2.3173132163220633 1.951019305358312 1.9549313819790606 2.00722966943538 1.868659797553084 1.185899477847745 0.7977802973156084 0.4349866654335795 0.6062944416684535 0.7026550658005701 0.7967508034680431 0.820223263192533 0.8696389678756697 0.9746473403273354 0.9344970802722867 0.9622934141565511 1.0903624487936805 1.2289323206759764 1.3114977272507176 1.4725105650099382 1.3065561567824038 1.2713474671956688
1.115687997443788 1.4949535308868627 1.7801233266624643 2.04140886517455 2.2471017359181062 2.3558162862210072 2.4863561060922934 2.4721490909958916 2.5188881116753583 2.5394779886266656 2.580451843759766 2.6053655948708476 2.597541441629351 2.644486361078331 2.670429606036978 2.6844307223638664 2.7132565500956964 2.7558775953849017 2.7474357458348657 2.815794137313205 2.561509156964564 2.2685152079474658 2.122944777901725 1.9950816420341089 1.8198617891784865 1.0360051736422302 0.542465823119402 0.06828095693080227 0.262237597812114 0.18440786293617362 0.31494768280745983 0.34315581423075037 0.4844023701167163 0.6087652269026104 0.5756155250110062 0.6571514377381817 0.8041631591705136 0.9740296440187961 1.2612584274895284 1.4959830247344281 1.1819874012269966 0.8461665081511798
1.4027108821450074 1.7006464016304195 1.9779920441645245 2.17421357151048 2.310930354467158 2.4056437884431703 2.4247923740078856 2.5042692990399305 2.562538650812129 2.584981616689054 2.6107189628781877 2.6370740053758603 2.664458541721099 2.701108522694425 2.7260222738055067 2.7431118716750915 2.795821956670437 2.8466789527401657 2.8915648844940147 2.7410528839799606 2.449706125118967 1.9199285911618387 1.6913809570023313 1.5711360756066983 1.6493776080216649 1.5447810331090257 1.0839795869387754 0.3901007336797303 -0.15491330922136537 -0.2941008774122005 -0.17056161570435868 0.03842563535140714 0.19717358664598392 0.24741288640717296 0.3958658992260963 0.4844023701167163 0.5819983868659113 0.6503567783442504 0.9598226289223943 1.5262501438528493 1.3621488245509328 1.0374464650288218
1.9641968266071488 2.177713850592202 2.313401139701315 2.3945252548894644 2.4184095121529805 2.4394111866433135 2.4628836463678034 2.532683329232734 2.555538092648685 2.537624899701048 2.5897172883878543 2.6131897481123443 2.614631039498936 2.6199844075062755 2.656222590940576 2.7196394119506015 2.6961669522261116 2.721080703337193 2.8289716585620415 2.526712264916855 2.035026003319645 1.3296168189678677 1.3065561567824038 1.3695611802534031 1.5394276651016856 1.770034286956324 1.605315271345868 0.9832950886468843 -0.007901587789033548 -0.45367242378482964 -0.36390056027713114 -0.22903686624607045 -0.22183040931311304 -0.2856590278621647 0.04686748490144299 0.28550415876709084 0.43004509496526583 0.49366781474480437 0.8383423549096831 1.4638628166903893 1.5097782422918038 1.4233007590963145
2.2460722420705412 2.3838185188747847 2.4466176435762708 2.4525887078921498 2.4569125820519244 2.461442354981212 2.4692665082227085 2.4628836463678034 2.464324937754395 2.478943750389823 2.4896504864045026 2.492121271638659 2.492121271638659 2.5277417587644204 2.5779810585256095 2.6401624869185567 2.492121271638659 2.40029042043583 2.3920544696553074 2.1239742717492907 1.7078528585633768 1.1259829359194415 1.059065835827694 1.0522711764337627 1.121453162990154 1.4663336019245459 1.5048366718234898 1.1904292507770324 0.3266839126697048 -0.09129058944182677 -0.0702889149514937 -0.33157445346357917 -0.5088532940143323 -0.5601220876230867 -0.1402944965859374 0.10143065882240648 0.16402388475437968 0.4178970675639947 0.7689544695837787 1.2147253055795746 1.2699061758090773 1.2898783564518452
2.3735235803991315 2.437352198948183 2.484708915936189 2.48141453562398 2.4721490909958916 2.4628836463678034 2.4219097912347025 2.4077027761383007 2.4066732822907357 2.413467941684667 2.366111224696661 2.3681702123917914 2.416968220766389 2.4149092330712585 2.45794207589949 2.5302125439985774 2.169889697350705 1.8740131655604242 1.185899477847745 0.9330557888856953 0.7152148907408675 0.9800007083346751 0.8622266121731992 0.7617480126508211 0.4677245697861576 0.9715588587846393 1.1160997949828144 1.1377191657816867 0.5731447397768493 0.21858705867534317 0.22023424883144774 -0.043522074914794595 -0.13473522980908448 0.1415809188774551 0.3588041207137437 0.43992823590189317 0.02442451902451842 0.38515916321141663 0.7211859550567465 0.9950313185091293 1.0287987167092727 1.0833618906302362
2.4305575395542514 2.455471290665333 2.4565007845128983 2.45794207589949 2.435087312483539 2.3984373315102125 2.357257577607599 2.331520231418465 2.2874578947426683 2.260279257166943 2.2353655060558615 2.2415424691412538 2.2742803734938315 2.3006354159915046 2.408526371216353 2.5345364181583516 2.0286431414647392 1.1904292507770324 0.2879749440012477 -0.013254955796373369 0.13087418286277547 0.6009410736611137 0.7133618018152499 0.6870067593175768 0.3670400714942665 0.7714252548179354 0.9931782295835117 1.067713584147243 0.6180306715306985 0.4580473276190433 0.48234338242158553 0.3413027253051327 0.4061608377017497 0.6264725210807344 0.7098615227335277 0.542877620658428 0.18296657154958212 0.5375242526510883 0.7689544695837787 0.9519984756808977 0.9569400461492114 1.003267269289652
2.381759531179654 2.384230316413811 2.384642113952837 2.3774356570198796 2.3393443846599618 2.3022826061476094 2.2709859931816228 2.204068893089875 2.159594758875052 2.1048256861845753 2.0830004166161897 2.089383278471095 2.0869124932369383 2.051703803650203 2.159594758875052 1.947107228737564 1.513690318912552 0.6717702503736097 0.2513249630279213 -0.2529211235095866 -0.10838018731141164 -0.08737851282107845 0.5204346547815034 0.4940796122838305 0.7489822889410109 0.68453597408342 0.9067007463880223 0.6692994651394528 0.5776745127061369 0.4164557761774032 0.6820651888492633 0.5737624360853886 0.6386205484820056 0.6802120999236456 0.8544024589317025 0.6863890630090377 0.6264725210807344 0.784602776066772 1.0170624868470277 0.9575577424577506 0.93202629503813 0.9783535181785706
2.2681034104084397 2.271809588259675 2.263161839940126 2.251425610077881 2.21580512295212 2.1816259272129503 2.1478585290128067 2.074558567066154 2.030290331620844 1.9872574887926122 1.9487544188936683 1.8832786101885124 1.868659797553084 1.7722991734209677 1.331058110354459 0.9896779505017894 0.6435621189503191 0.781720193293589 0.6079416318245581 0.09998936743581499 -0.348664051333164 -0.4868221256764338 0.105960431751694 0.610824214597741 0.9921487357359463 0.882198792815967 0.5410245317328104 0.1967617891069578 0.1170789653053998 0.33924373761000204 0.6973016977932304 0.634296674322231 0.764012899115465 0.8222822508876637 1.020974563467776 1.0673017866082168 1.0131504102262794 1.1088933380498567 1.0228276523933937 0.93202629503813 0.905671252540457 0.8651091949463823
2.146417237626215 2.1474467314737806 2.146005440087189 2.125415563135882 2.1025607997199316 2.0584984630441348 2.0082591632829456 1.9306353271765184 1.8783370397201984 1.8612474418506135 1.7856825934393172 1.611286335661747 1.4745695527050686 1.2064893547990518 0.8051926530180789 0.2470010888681468 0.0625157913844363 0.2177634635972909 0.6240017358465775 0.312476897573303 0.13087418286277547 -0.2823646475499555 0.023395025176953077 0.24267721470837234 0.8027218677839221 0.772866546204527 0.7421876295470795 0.1415809188774551 -0.05319931708190889 0.010629301467142749 0.6279138124673258 0.7959272083899909 0.9721765550931785 1.1058048565071608 1.307585650629969 1.2406685505382216 1.1117759208230398 1.0615366210618506 0.9896779505017894 0.8749923358830096 0.8432839253779969 0.7864558649923896
2.035026003319645 2.045732739334324 2.0535568925758207 2.0395557762489323 1.9823159183242987 1.9310471247155445 1.8701010889396756 1.7757994525026897 1.7088823524109422 1.6693497886644328 1.4475968138988566 1.1840463889221273 0.891052439905029 0.7269511206031124 0.4150144847908117 -0.03775690936842868 -0.24427337519003767 -0.16211976615432278 0.25235445687548663 0.4730779377934974 0.4638124931654093 0.09134161911626609 -0.03775690936842868 -0.011195968101242681 0.5086984249192584 0.8900229460574637 1.0708020656899389 0.4656655820910269 0.3266839126697048 0.2381474417790848 0.8797280075818101 1.0605071272142854 1.236344676378447 1.3125272210982828 1.221519964973506 1.1548087636512714 1.0252984376275505 0.9565282486101852 0.9071125439270484 0.8152816927242194 0.7601008224947167 0.7127441055067106
1.953078293053443 1.9726386761571844 2.000023212502423 1.959461154908348 1.8919263585080612 1.7963893294539965 1.7397671678379028 1.6411416572411421 1.4795111231733822 1.3670903950192463 1.1366896719341213 0.7304513996848346 0.33636115483681905 0.21817526113631705 0.3929833164529133 0.1932615100252356 -0.002548219781693728 -0.227595574859479 0.029777887031858186 0.2014974608057584 0.3676577678028057 0.21570447590216021 0.10287195020899798 0.01845345470863935 0.23032328853758816 0.6777413146894887 1.2581699459468325 1.2787598228981394 1.219255078508862 1.0594776333667202 1.4578917523745099 1.5062779632100813 1.4741577551660425 1.354942367617975 1.232844397296725 1.1200118716035625 1.0413585416495699 0.9433507273613487 0.8480195970767974 0.7811024969850497 0.7401286418519488 0.7026550658005701
1.912516235459368 1.9417538607302238 1.9252819591691783 1.8787488372592245 1.7996837097662057 1.6981756163962625 1.5956380291787537 1.4873352764148788 1.3007909912360378 1.148425901796366 0.9760886317139268 0.5830278807134767 0.31968335450626045 0.25667833103526105 0.6023823650477051 0.5717034483902579 0.4111024081700634 0.161964897059249 0.09669498712360586 0.0448084972063123 0.007746718693959764 0.07713460401986427 0.11172559729805998 0.14055142502988976 0.20643903127407207 0.6639460971321131 1.2381977653040646 1.9374299865704496 2.101531305872366 2.0897950760101214 1.9281645419423614 1.6874688803815827 1.5155434078381695 1.3734732568741514 1.232844397296725 1.1132172122096313 0.999972888977443 0.899906086994091 0.8095165271778534 0.7450702123202626 0.7323044886104522 0.7098615227335277
1.8280977399590097 1.8602179480030485 1.8231561694906957 1.7646809189489838 1.7045584782511676 1.5859607870116395 1.490629656727088 1.4179473910889744 1.2758772401249563 1.1167174912913533 0.9256434331832247 0.7026550658005701 0.4267507146530567 0.2807684870682903 0.44425211006166765 0.4969621950570135 0.4656655820910269 0.4121319020176288 0.44960547806900747 0.4150144847908117 0.32174234220139114 0.2694440547450714 0.262237597812114 0.2875631464622216 0.4150144847908117 0.6767118208419234 0.991119241888381 1.3856212842754227 1.5565172629712705 1.589872863632388 1.513072622604013 1.3891215633571448 1.2890547613737928 1.1904292507770324 1.1049812614291086 1.0067675483713743 0.9052594550014308 0.8216645545791246 0.7646305954240042 0.7240685378299294 0.7127441055067106 0.7098615227335277
1.7412084592244939 1.7547977780123567 1.7074410610243507 1.6508188994082564 1.6215812741374007 1.5468400208041562 1.4685984883891896 1.424742050482906 1.3197336780312403 1.1762222356806307 1.0273574253226812 0.8550201552402419 0.5766450188585714 0.39833668446025305 0.5453484058925849 0.566350080382918 0.498403486443605 0.37939399766505066 0.4642242907044354 0.5224936424766341 0.5029332593728926 0.3847473656723905 0.3157712778855121 0.3227718360489565 0.46031221408368705 0.5257880227888433 0.719744663670155 0.8636679035597907 0.9828832911078581 1.0360051736422302 1.0668899890691907 1.0668899890691907 1.0038849655981914 0.964764199390708 0.9526161719894369 0.8813751977379147 0.8226940484266898 0.7508353778666286 0.7069789399603447 0.6884480507041684 0.6830946826968285 0.6806238974626717
1.6674966997388152 1.6660554083522237 1.628375933531332 1.5882256734762832 1.5501344011163654 1.493100441961245 1.4539796757537617 1.4140353144682263 1.3460887205289132 1.3154098038714657 1.2200786735869145 1.0395054527239522 0.9046417586928917 0.7860440674533634 0.9237903442576071 0.693389621172482 0.5702621570036663 0.18255477401055598 0.09998936743581499 0.1327272717883931 0.05798601845514878 0.14940507211895176 0.11172559729805998 0.20396824603991523 0.28550415876709084 0.3826883779772598 0.5019037655253271 0.6079416318245581 0.6927719248639428 0.7191269673616157 0.7337457799970437 0.749394086480037 0.7835732822192065 0.7835732822192065 0.7806906994460237 0.7753373314386838 0.7329221849189915 0.7069789399603447 0.6660050848272437 0.6421208275637277 0.6118537084453064 0.5970289970403654
1.6532896846424134 1.6483481141740994 1.6454655314009168 1.608403752888564 1.5561054654322444 1.5390158675626595 1.4998951013551762 1.4828055034855914 1.4212417714011836 1.3895333608961709 1.3432061377557303 1.2147253055795746 1.1181587826779449 1.1957826187843723 1.221519964973506 0.9668231870858387 0.6542688549649988 0.35489204409299535 0.17184803799587633 -0.2582744915169264 -0.4907342022971821 -0.44481877669576764 -0.22574248593386137 -0.07378919403321588 0.018041657169613257 0.14837557827138642 0.26841456089750604 0.3402732314575674 0.3958658992260963 0.42222094172376917 0.4887262442764907 0.5068453359936409 0.5404068354242713 0.566350080382918 0.6005292761220876 0.6023823650477051 0.64294442264178 0.6336789780136918 0.5892048437988687 0.5292883018705654 0.48234338242158553 0.4677245697861576
1.6351705929252631 1.6390826695460117 1.6390826695460117 1.6604961415753707 1.6269346421447404 1.6141689184349302 1.5888433697848225 1.5624883272871495 1.5044248742844637 1.4393608631183339 1.3876802719705532 1.2944081293811327 1.307585650629969 1.3852094867363964 1.159544435350072 0.9007296820721433 0.5873517548732511 0.6083534293635843 0.48481416765574237 0.05263265044780896 -0.5576513023889298 -0.9243570108917071 -0.7046630238212616 -0.42052272189322537 -0.23789051333513245 -0.10899788361995078 -0.00934287917562504 0.08351746587476944 0.13766884225670678 0.17184803799587633 0.23341177008028421 0.26512018058529696 0.31824206311966896 0.3466560933124726 0.39401281030047863 0.4417813248275108 0.4819315848825594 0.46916586117274905 0.43107458881283117 0.3709521481150148 0.30465274433180634 0.31680077173307747
