static/ASC_sea/1979/08/ERA5U/00.asc
ncols         201
nrows         201
xllcorner     105.0
yllcorner     0.0
cellsize      0.25
NODATA_value  -32767
[rows 76 to 94 of 201, columns 84 to 125 of 201]
-2.400445289530904 -2.373060753185666 -2.3399110512940617 -2.3036728678597616 -2.264758000421791 -2.228519816987491 -2.1856928729287723 -2.146160309182263 -2.1543962599627857 -2.1718976553713967 -2.1651029959774655 -2.118775772837025 -2.050829178897712 -1.9721758489437193 -1.9532331621485168 -1.9106121168593115 -1.8517250687785736 -1.7755425240587375 -1.6730049368412288 -1.48728424674044 -1.23444055777839 -0.9659485623333471 -0.6933385914980429 -0.5376791217461621 -0.4155811514249117 -0.3037781195793148 -0.1870335172654043 -0.1040563131516371 -0.01284315825734722 0.06725146308323693 0.1444635016506381 0.22167554021803923 0.2537957482620781 0.2968285910903097 0.3281252040562963 0.3559215379405607 0.37877630135651147 0.4135731934042203 0.448164186682416 0.4745192291800889 0.4969621950570135 0.4813138885740202
-2.4624208191543384 -2.4296829148017602 -2.4008570870699306 -2.382326197813754 -2.3512354836172804 -2.3149973001829802 -2.280818104443811 -2.251992276711981 -2.2427268320838927 -2.2554925557937033 -2.2149304981996285 -2.1562493488884034 -2.095303313112535 -2.0298275044073786 -1.9956483086682093 -1.9629104043156311 -1.9215247516435041 -1.843900915537077 -1.8150750878052468 -1.6299720940129974 -1.3565385280996405 -1.036160042737304 -0.8877070299183806 -0.7748745042252184 -0.634863340956331 -0.5088532940143323 -0.41949322804566 -0.33157445346357917 -0.2514798321229951 -0.17673857878975074 -0.10446811069066331 -0.014696247182964861 0.043984902128260006 0.07507561632473359 0.09134161911626609 0.10637222929072015 0.14652248934576878 0.16690646752756266 0.19140842109961798 0.2192047549838824 0.23341177008028421 0.23917693562665016
-2.553222176509602 -2.5313969069412168 -2.5025710792093867 -2.4570674511469983 -2.4389483594298484 -2.396945010449182 -2.364413004866117 -2.3331163919001305 -2.278347319209654 -2.275876533975497 -2.2295493108350564 -2.1622204132042824 -2.091803034030813 -2.0430050256562153 -2.0030606643706794 -1.951174174453386 -1.868814666648158 -1.7335391750780715 -1.702654359651111 -1.5922926191921056 -1.402865751240081 -1.171847331846417 -1.0553086283020194 -0.9253865047392723 -0.8072006110387703 -0.7104281893676275 -0.6338338471087656 -0.5473563639132764 -0.47364460442759737 -0.3949912744736047 -0.31798513467571665 -0.26959892384014517 -0.21627114253626012 -0.17241470462997632 -0.13967680027739815 -0.11826332824803898 -0.11435125162729065 -0.10899788361995078 -0.08737851282107845 -0.06019987524535325 -0.052375722003856595 -0.01510804472199101
-2.605932261504948 -2.6016083873451734 -2.559605038364507 -2.5371620724875825 -2.5307792106326774 -2.514719106610658 -2.4624208191543384 -2.420417470173672 -2.3609127257843947 -2.3131442112573626 -2.258375138566886 -2.1856928729287723 -2.1352476743980704 -2.0732721447746365 -2.020973857318317 -1.980000002185216 -1.942526426133837 -1.8984640894580402 -1.8169281767308645 -1.6489147808081999 -1.4043070426266726 -1.2642958793577854 -1.2216748340685797 -1.1226375259327934 -1.0190704448677192 -0.9365050382929782 -0.8502334538670019 -0.7623146792849212 -0.6910737050333989 -0.6227153135550599 -0.564034164243835 -0.525531094344891 -0.4999996469252703 -0.45326062624580343 -0.4063157067968235 -0.366371345511288 -0.33898680916604973 -0.3258092879172133 -0.3105727789732461 -0.2862767241707038 -0.2638337582937793 -0.23583152564000176
-2.69529232747362 -2.673467057905235 -2.6460825215599963 -2.630022417537977 -2.6168448962891406 -2.5816362067024055 -2.549310099888854 -2.505865459521596 -2.4381247643517963 -2.375531538419823 -2.314585502643954 -2.2633167090352 -2.2256372342143083 -2.1797218086128933 -2.1309238002382958 -2.0942738192649695 -2.051858672745277 -2.007384538530454 -1.8931107214507006 -1.7193321599816693 -1.5684083619285891 -1.4570171276220187 -1.4127488921767086 -1.3291539917544024 -1.2340287602393638 -1.1518751512036491 -1.0728100237106304 -0.9873620343627064 -0.8940898917732859 -0.8267609941425119 -0.7812573660801235 -0.7413130047945881 -0.7196936339957157 -0.6855144382565462 -0.6412462028112361 -0.6035667279903444 -0.569799329790201 -0.5504448454559724 -0.5372673242071359 -0.5156479534082636 -0.4864103281374077 -0.46293786841291773
-2.7846523934422924 -2.751502691550688 -2.727206636748146 -2.7090875450309957 -2.6817030086857576 -2.647523812946588 -2.6318755064635946 -2.5688704829925952 -2.512660118915527 -2.4663328957750865 -2.409298936619966 -2.3598832319368297 -2.325292238658634 -2.2900835490718987 -2.2661992918083826 -2.2295493108350564 -2.183222087694616 -2.131953294085861 -2.024062338861013 -1.915553687327625 -1.7837784748392602 -1.6837116728559085 -1.594351606887236 -1.5161100744722695 -1.4541345448488356 -1.3828935705973135 -1.2852975538481184 -1.2066442238941257 -1.1152251702303229 -1.0425429045922092 -0.9941566937566376 -0.9443291915344748 -0.9317693665941776 -0.8969724745464688 -0.8559986194133679 -0.8168778532058846 -0.794023089789934 -0.7812573660801235 -0.7641677682105389 -0.7328711552445523 -0.7017804410480787 -0.6797492727101803
-2.8589818492365104 -2.8408627575193606 -2.815949006408279 -2.7935060405313545 -2.76570970664709 -2.721647369971293 -2.6938510360870285 -2.639287862166065 -2.611903325820827 -2.565576102680386 -2.5011297878227956 -2.464479806849469 -2.450684589292093 -2.466950592083626 -2.4424486385115705 -2.3858264768954762 -2.319321174342755 -2.2594046324144514 -2.2060768511105664 -2.097774098346692 -2.0016193729840883 -1.8974345956104748 -1.8097217197979072 -1.7197439575206959 -1.6577684278972615 -1.5947634044262622 -1.4889314368965443 -1.4096604106340123 -1.3384194363824902 -1.2657371707443765 -1.2060265275855864 -1.1432274028841003 -1.1211962345462019 -1.0948411920485288 -1.0532496406068885 -1.0297771808823986 -1.0065106199274219 -0.9955979851432292 -0.9799496786602359 -0.9488589644637623 -0.9126207810294621 -0.8868834348403284
-2.9209573788599448 -2.9145745170050397 -2.888837170815906 -2.866806002478007 -2.8521871898425792 -2.8077130556277563 -2.7700335808068646 -2.7329718022945118 -2.706616759796839 -2.6728493615966955 -2.606961755352513 -2.5981081082634514 -2.5913134488695198 -2.6104620344342355 -2.606961755352513 -2.5499277961973927 -2.490834849347142 -2.4132110132407147 -2.3658542962527087 -2.305731855554892 -2.2120479154264454 -2.095715110651561 -2.024885933939065 -1.933672779044775 -1.8642848937188705 -1.8012798702478712 -1.7008012707254934 -1.6161768764556217 -1.5463771935906907 -1.4790482959599172 -1.4195435515706398 -1.3559208317911011 -1.3174177618921572 -1.2920922132420496 -1.2519419531870009 -1.2301166836186157 -1.2080855152807173 -1.195937487879446 -1.1802891813964527 -1.1461099856572834 -1.1094600046839567 -1.084134456033849
-2.9932278469590323 -2.977579540476039 -2.9522539918259314 -2.955136574599114 -2.94010596442466 -2.904279578529386 -2.8754537507975564 -2.8350975919729944 -2.79453553437892 -2.7607681361787764 -2.748208311238479 -2.741207753075035 -2.724735851513989 -2.7696217832678385 -2.7667392004946554 -2.6880858705406627 -2.647523812946588 -2.576694636234092 -2.5221314623131286 -2.4620090216153123 -2.4068281513858096 -2.291113042919464 -2.2178130809728116 -2.149042891955446 -2.0796550066295416 -2.0024429680621405 -1.912671104554442 -1.8261936213589527 -1.753511355720839 -1.6855647617815261 -1.6192653579983176 -1.5659375766944326 -1.525993215408897 -1.4833721701196914 -1.443427808834156 -1.419955349109666 -1.402865751240081 -1.3896882299912448 -1.3668334665752941 -1.332036574527585 -1.3009458603311117 -1.2799441858407787
-3.0747637596862076 -3.0615862384373713 -3.051908996270257 -3.0562328704300317 -3.03667248732629 -2.998993012505398 -2.9679022983089247 -2.914162719466013 -2.883277904039053 -2.869276787712164 -2.863305723396285 -2.842304048905952 -2.8554815701547884 -2.924457657941667 -2.984991896178509 -2.8736006618719387 -2.7325600047554857 -2.71876478719811 -2.659671840347859 -2.5987258045719903 -2.544574428190053 -2.4780691256373317 -2.3868559707430417 -2.325292238658634 -2.257345644719321 -2.173338946757988 -2.1002448835808485 -2.0170617806975684 -1.9522036683009514 -1.8859042645177428 -1.811986606262551 -1.747128493865934 -1.6909181297888658 -1.6538563512765134 -1.6231774346190657 -1.6050583429019158 -1.5894100364189225 -1.5772620090176512 -1.558113423452936 -1.5352586600369849 -1.5082859212307729 -1.4804895873465083
-3.150534506867017 -3.1357097954620765 -3.126032553294962 -3.110384246811969 -3.0854704957008874 -3.0572623642775967 -3.0298778279323586 -2.9903452641858492 -2.9796385281711695 -2.960078145067428 -2.92734024071485 -2.9331054062612156 -2.807095359319217 -2.6856150853065057 -2.8237731596497757 -3.0943241427899495 -2.936605685342938 -2.8530107849206314 -2.8105956384009394 -2.7529439829372797 -2.676349640678418 -2.6318755064635946 -2.541485946647357 -2.4790986194848967 -2.4107402280065577 -2.332498695591591 -2.277935521670628 -2.18754596185439 -2.1245409383833906 -2.0590651296782347 -1.9931775234340523 -1.9503505793753337 -1.8725208444993933 -1.811986606262551 -1.7755425240587375 -1.7623650028099012 -1.7578352298806137 -1.750011076639117 -1.7310683898439145 -1.7094490190450422 -1.6880355470156827 -1.6606510106704446
-3.2125100364904515 -3.1997443127806413 -3.1933614509257358 -3.175860055517125 -3.1499168105584783 -3.1245912619083707 -3.114296323432717 -3.0768227473813385 -3.069410391678868 -3.042643551642169 -2.9907570617248753 -2.9561660684466795 -2.48198120225808 -2.1568670451969427 -2.3623540171709863 -2.924457657941667 -3.090823863708227 -2.9858154912565618 -2.948341915205183 -2.8941905388232456 -2.815949006408279 -2.7807403168215443 -2.7080580511834307 -2.6460825215599963 -2.564546608832821 -2.4688036810092435 -2.4043573661516526 -2.3434113303757838 -2.2999666900085263 -2.2392265530021707 -2.1616027168957435 -2.097774098346692 -2.0055314496048364 -1.951174174453386 -1.9200834602569126 -1.906700040238563 -1.9190539664093471 -1.90381745746538 -1.8809626940494293 -1.8609905134066613 -1.8461658020017206 -1.8315469893662923
-3.2267170515868533 -3.243806649456438 -3.2343353060588367 -3.2158044168026607 -3.1865667915318046 -3.1622707367292624 -3.1925378558476836 -3.1861549939927785 -3.2007738066282063 -3.2036563894013894 -3.172359776435403 -3.1948027423123273 -3.1865667915318046 -2.942988547197843 -2.9444298385844347 -3.2065389721745725 -3.1890375767659616 -3.1715361813573506 -3.116767108666874 -3.048408717188535 -2.977579540476039 -2.942988547197843 -2.871747572946321 -2.809154347014348 -2.7344130936811033 -2.647523812946588 -2.5801949153158144 -2.5044241681350043 -2.450684589292093 -2.390150351055251 -2.3207624657293464 -2.258375138566886 -2.1714858578323706 -2.118775772837025 -2.0796550066295416 -2.0561825469050516 -2.0621536112209307 -2.0376516576488752 -2.0259154277866305 -2.0092376274560717 -1.9874123578876866 -1.981441293571807
-3.246071535921082 -3.273044274727294 -3.2716029833407023 -3.2681027042589803 -3.264808323946771 -3.2573959682443006 -3.2783976427346335 -3.2950754430651923 -3.3043408876932805 -3.3350198043507278 -3.3179302064811433 -3.308252964314029 -3.3603453530008354 -3.3784644447179857 -3.2891043787493133 -3.3129886360128293 -3.2958990381432445 -3.30969425570062 -3.275926857500477 -3.202215098014798 -3.1538288871792264 -3.099677510797289 -3.03131911931895 -2.981491617096787 -2.883895600347592 -2.8062717642411648 -2.7348248912201294 -2.670378576362539 -2.6147859085940097 -2.5367502749485564 -2.450272791753067 -2.3784141211930057 -2.305731855554892 -2.2563161508717555 -2.21637178958622 -2.1957819126349127 -2.211430219117906 -2.1846633790812073 -2.1768392258397107 -2.1562493488884034 -2.1352476743980704 -2.1294825088517046
-3.2954872406042184 -3.302899596306689 -3.3105178507786728 -3.3243130683360484 -3.327195651109231 -3.337902387123911 -3.353138896067878 -3.396995333974162 -3.421909085085243 -3.4457933423487597 -3.474207372541563 -3.4781194491623113 -3.445381544809733 -3.4258211617059917 -3.4254093641669656 -3.4667950168390926 -3.4643242316049356 -3.444352050962168 -3.3959658401265966 -3.3574627702276527 -3.311547344626238 -3.2530720940845264 -3.184096006297648 -3.120267387748596 -3.0317309168579762 -2.9654315130747677 -2.884307397886618 -2.813478221174122 -2.7500614001640966 -2.6689372849759474 -2.5781359276206834 -2.50010029397523 -2.440595549585953 -2.3891208572076854 -2.348764698383124 -2.3242627448110684 -2.323233250963503 -2.3125265149488237 -2.306143653093918 -2.3028492727817094 -2.2861714724511506 -2.2793768130572194
-3.3926714598143874 -3.3862885979594823 -3.403378195829067 -3.4165557170779035 -3.4340571124865145 -3.4507349128170732 -3.455676483285387 -3.489237982716017 -3.526917457536909 -3.54441885294552 -3.571391591751732 -3.5884811896213167 -3.560067159428513 -3.5497722209528595 -3.540094978785745 -3.578186251145663 -3.5557432852687385 -3.5343298132393794 -3.5083865682807325 -3.4898556790245565 -3.444969747270707 -3.4054371835241977 -3.337902387123911 -3.249571815002804 -3.167006408428063 -3.0947359403289756 -3.0132000276018 -2.9415472558112516 -2.8639234197048244 -2.7813580131300832 -2.690968453313846 -2.6137564147464447 -2.5546634678961935 -2.508336244755753 -2.467362389622652 -2.441007347124979 -2.4303006111102996 -2.4307124086493257 -2.4356539791176393 -2.4331831938834823 -2.443889929898162 -2.4399778532774135
-3.512298644901481 -3.4980916298050793 -3.516210721522229 -3.5322708255442485 -3.5493604234138334 -3.5693326040566014 -3.581686530227386 -3.5952758490152483 -3.6465446426240025 -3.6646637343411523 -3.649015427858159 -3.6586926700252738 -3.655398289713064 -3.6640460380326134 -3.6465446426240025 -3.6593103663338127 -3.6368674004568886 -3.6255429681336695 -3.611953649345807 -3.5820983277664116 -3.5493604234138334 -3.509416062128298 -3.4550587869768474 -3.364257429621584 -3.296516734451784 -3.1933614509257358 -3.1128550320461255 -3.028848334084793 -2.951224497978366 -2.8824543089610004 -2.795976825765511 -2.721235572432267 -2.670378576362539 -2.623639555683072 -2.591931145178059 -2.5694881793011346 -2.5460157195766446 -2.5499277961973927 -2.559193240825481 -2.5958432217988077 -2.606549957813487 -2.6162271999806013
-3.597128937940866 -3.5903342785469343 -3.6142185358104504 -3.630896336141009 -3.646132845084976 -3.6572513786386818 -3.6949308534595735 -3.708520172247437 -3.758347674469599 -3.7270510615036123 -3.711402755020619 -3.707078880860845 -3.690401080530286 -3.6899892829912604 -3.6864890039095384 -3.705225791935227 -3.725609770117021 -3.717785616875525 -3.6914305743778515 -3.654780593404525 -3.6304845386019826 -3.5917755699335263 -3.536594699704023 -3.462059345140292 -3.4015251069034496 -3.2812802255078166 -3.191508362000118 -3.1060603726521943 -3.0298778279323586 -2.969343589695516 -2.8935728425147063 -2.826655742422959 -2.7792990254349528 -2.742649044461626 -2.7115583302651527 -2.6924097447004374 -2.6660547022027643 -2.6681136898978948 -2.700233897941934 -2.7397664616884434 -2.7735338598885866 -2.7838287983642402
-3.5878634933127778 -3.628013753367826 -3.656839581099656 -3.7013137153144786 -3.7223153898048125 -3.7216976934962727 -3.7587594720086255 -3.785732210814838 -3.7890265911270467 -3.7426993679866056 -3.7027550067010706 -3.7130499451767243 -3.7138735402547765 -3.7130499451767243 -3.7124322488681845 -3.7476409384549196 -3.7686426129452526 -3.7686426129452526 -3.7544355978488513 -3.7291100491987432 -3.695960347307139 -3.6543687958654987 -3.6002174194835614 -3.5283587489235004 -3.450323115278047 -3.3457265403654075 -3.2545133854711175 -3.1659769145804977 -3.0860881920094267 -3.0377019811738553 -2.9711966786211335 -2.919104289934327 -2.877924536031713 -2.8443630366010826 -2.8145077150216875 -2.792064749144763 -2.782799304516675 -2.79453553437892 -2.827685236270524 -2.8750419532585303 -2.910250642845265 -2.9291933296404675
