static/ASC_sea/1979/08/ERA5U/00.asc
ncols         201
nrows         201
xllcorner     105.0
yllcorner     0.0
cellsize      0.25
NODATA_value  -32767
[rows 38 to 56 of 201, columns 0 to 41 of 201]
0.04233771197215547 0.026895304258675257 -0.020667311498843877 -0.1588253858421137 -0.277834874620668 -0.29101239586950445 -0.26609864475842304 -0.17200290709095012 -0.18806301111296964 -0.07811306819299035 -0.011195968101242681 0.10348964651753717 0.16443568229340583 0.17431882323003317 0.05263265044780896 -0.02396169181105301 0.0003343629914892565 -0.01675523487809555 -0.021490906576896174 -0.15491330922136537 -0.22862506870704435 -0.357517698422226 -0.21441805361064248 -0.08943750051620913 -0.0688476235649022 -0.03384483274768035 -0.07193610510759824 -0.030344553665958174 0.013100086701299585 0.31000611233914616 0.4844023701167163 0.5770568163975976 0.4150144847908117 0.23917693562665016 0.23382356761931034 0.24267721470837234 0.18296657154958212 0.026895304258675257 0.04336720581972081 -0.07584818172834656 -0.25436241489617806 -0.4034331240236405
-0.0702889149514937 -0.0855254238954608 0.049750067674625975 -0.061641166631944744 -0.19156329019469176 -0.3579294959612521 -0.30871969004762845 -0.16994391939581943 0.07260483109057675 0.24061822701324165 0.2787094993731596 0.2537957482620781 0.2704735485926367 0.31494768280745983 0.30032887017203186 0.2690322572060453 0.3847473656723905 0.5264057190973824 0.5332003784913137 0.4349866654335795 0.35448024655396926 0.21385138697654257 0.13313906932741926 0.10060706374435419 0.12099104192614812 0.08742954249551776 0.0448084972063123 0.09031212526870075 0.15722922536044842 0.28859264030978693 0.4588709226970956 0.5570846357548298 0.4178970675639947 0.18358426785812132 -0.03281533890011501 -0.061641166631944744 -0.05711139370265722 0.016600365783021764 0.13869833610427212 0.1430222102640466 0.14055142502988976 -0.017167032417121697
-0.1382355088908067 0.06642786800518463 0.23773564424005866 0.09607729081506666 -0.1250579876419703 -0.3717247135186278 -0.37110701721008865 -0.21544754745820782 0.06436888031005394 0.3647751850296227 0.4922265233582129 0.46340069562638314 0.3250367225136003 0.2177634635972909 0.1967617891069578 0.2875631464622216 0.5482309886657679 0.6987429891798218 0.7802789019069976 0.808075235791262 0.837930557370657 0.8152816927242194 0.6390323460210316 0.498403486443605 0.3872181509065473 0.3178302655806428 0.24803058271571216 0.2939460083171267 0.362716197334492 0.324213127435548 0.3915420250663218 0.5008742716777619 0.46134170793125245 0.1982030804935493 0.006717224846394421 -0.10055603406991498 -0.04784594907456907 -0.0054308025548767125 0.0721930335515506 0.16361208721535353 0.20849801896920275 0.18543735678373896
-0.08449593004789546 0.16587697367999732 0.35056816993322093 0.23197047869369272 0.022365531329387678 -0.19979924097521462 -0.36472415535518343 -0.3282800731513701 -0.12546978518099638 0.1850255592447128 0.44136952728848466 0.4384869445153017 0.31350639142086834 0.10348964651753717 0.030601482109910483 0.09422420188944902 0.31000611233914616 0.42572122080549135 0.47060715255934055 0.5194051609339381 0.6738292380687404 0.7796612055984583 0.7250980316774949 0.48975573812405604 0.3056822381793717 0.18152528016299063 0.13375676563595845 0.25976681257795714 0.3266839126697048 0.3466560933124726 0.2968285910903097 0.42572122080549135 0.3559215379405607 0.18255477401055598 0.10987250837244233 0.12984468901521012 0.1259326123944618 0.06581017169664544 0.10781352067731165 0.1625825933677882 0.1850255592447128 0.055103435681965796
0.02442451902451842 0.2782977018341334 0.43457486789455335 0.24555979748155532 0.08434106095282168 -0.054228810929474236 -0.11970461963463042 -0.2372728170265933 -0.21730063638382546 -0.10838018731141164 0.11069610345049463 0.17225983553490248 0.1518758573531086 0.0810466806406126 0.018041657169613257 0.0190711510171786 0.09319470804188368 0.11234329360659917 0.15805282043850066 0.2313527823851535 0.34315581423075037 0.48769675042892535 0.5200228572424773 0.43251588019942266 0.1893494334044873 0.017012163322047913 -0.0702889149514937 0.04295540828069466 0.14734608442382102 0.20993931035579425 0.20458594234845445 0.34603839700393335 0.2348530614668757 0.009188010080551257 0.055515233220991944 0.1244913210078703 0.14199271641648126 0.06972224831739376 0.12057924438712198 0.1518758573531086 0.1273739037810533 -0.06452374940512773
0.02380682271597917 0.21282189312897723 0.17431882323003317 -0.0011069283951022357 -0.06987711741246755 0.014541378087891077 0.167935961375128 -0.011195968101242681 -0.2675399361450145 -0.42628788743959134 -0.292453687256096 -0.1958871643544663 -0.16356105754091432 -0.020667311498843877 0.025248114102570662 0.031630975957475826 0.006717224846394421 -0.0702889149514937 0.006717224846394421 0.1430222102640466 0.21179239928141189 0.25667833103526105 0.28941623538783917 0.3289487991343486 0.15619973151288302 0.014541378087891077 -0.06699453463928456 -0.04640465768797758 -0.008313385328059697 0.03801383781238099 0.07507561632473359 0.1605236056726575 0.11666716776637365 0.06725146308323693 0.1156376739188083 0.06828095693080227 -0.03219764259157576 -0.08058385342714713 -0.006460296402442056 -0.0004892320865630406 -0.06452374940512773 -0.15573690429941767
-0.29101239586950445 -0.24077309610831543 -0.34619326609900714 -0.292453687256096 -0.08202514481373868 0.0639570827710278 0.23094098484612738 0.10060706374435419 -0.159648980920166 -0.5014409383118618 -0.4981465579996527 -0.40816879572244114 -0.3173674383671774 -0.16067847476773134 -0.09129058944182677 -0.05669959616363107 -0.07955435957958179 -0.17735627509829 -0.10549760453822865 0.03266046980504117 0.10637222929072015 0.07960538925402111 0.10781352067731165 0.2109688042033596 0.0448084972063123 -0.08511362635643471 -0.13926500273837206 -0.09664395744916665 -0.03219764259157576 -0.006872093941468205 -0.04640465768797758 -0.09829114760527113 -0.08346643620033012 -0.05093443061726516 0.10987250837244233 0.019894746095230842 -0.08840800666864379 -0.165620045236045 -0.21482985114966868 -0.21544754745820782 -0.251068034583969 -0.2183301302313908
-0.7017804410480787 -0.6509234449783504 -0.7427542961811796 -0.39210869170042173 -0.168502628009228 -0.004401308707311369 -0.01819652626468704 -0.12897006426271862 -0.19835794958862307 -0.4151693538858855 -0.41702244281150314 -0.4590257917921694 -0.3902556027748041 -0.295542168798792 -0.28092335616336406 -0.24674416042419445 -0.23191944901925343 -0.292453687256096 -0.23109585394120113 -0.14255938305058113 -0.0431102773757685 -0.03960999829404632 -0.028285565970827486 0.008158516232985913 -0.17735627509829 -0.25642140259130874 -0.2916300921780437 -0.2271837773204528 -0.12649927902856173 -0.10055603406991498 -0.13432343227005838 -0.31592614698058596 -0.3048076134268801 -0.23830231087415865 -0.10755659223335934 -0.1495599412140255 -0.16417875384945346 -0.24715595796322065 -0.3326039473111445 -0.3966384646297093 -0.4199050255846861 -0.3667831430503141
-0.9894210220578371 -1.0474844750605228 -1.1298439828657507 -0.6451582794319844 -0.23541972810097567 -0.07090661126003289 -0.348664051333164 -0.4586139942531433 -0.5284136771180739 -0.38963790646626484 -0.3418693919392327 -0.383872740919899 -0.4059039092577974 -0.3482522537941378 -0.35298792549293845 -0.425258393592026 -0.42299350712738215 -0.46046708317876084 -0.4454364730043068 -0.35937078734784367 -0.2115354708374595 -0.09664395744916665 -0.0855254238954608 -0.21544754745820782 -0.3717247135186278 -0.45078984101164665 -0.422375810818843 -0.3725483085966801 -0.2774230770816418 -0.21050597698989415 -0.20412311513498904 -0.3657536492027488 -0.3311626559245531 -0.25683320013033495 -0.19691665820203164 -0.1660318427750711 -0.18023885787147298 -0.2691871263011191 -0.39354998308701317 -0.45758450040557785 -0.47179151550197973 -0.44481877669576764
-1.2642958793577854 -1.332036574527585 -1.257295321194341 -0.7178405450700981 -0.3476345574855987 -0.3482522537941378 -0.6719251194686836 -0.7936112922509077 -0.66163018099303 -0.4501721447031074 -0.36390056027713114 -0.369253928284471 -0.380990158146716 -0.3194264260623081 -0.3764603852174284 -0.4159929489639378 -0.4839395429032508 -0.5117358767875153 -0.5347965389729791 -0.4796156687434764 -0.3198382236013343 -0.22656608101191367 -0.22368349823873068 -0.36863623197593176 -0.47179151550197973 -0.4269055837481305 -0.39560897078214396 -0.3700775233625233 -0.3906674003138302 -0.33013316207698773 -0.3052194109659063 -0.41372806249929406 -0.4013741363285098 -0.24221438749490698 -0.21441805361064248 -0.15820768953357445 -0.1293818618017447 -0.1841509344922213 -0.28854161063534767 -0.3560764070356345 -0.3974620597077615 -0.3995210474028922
-1.2305284811576418 -1.331624776988559 -1.0670448581642642 -0.6601888896064386 -0.29060059833047835 -0.5356201340510314 -0.7901110131691856 -0.8774120914427271 -0.720723127843281 -0.49135189860572137 -0.383872740919899 -0.33404523869773606 -0.34042810055264117 -0.23294894286681878 -0.21585934499723403 -0.2685694299925798 -0.35257612795391235 -0.410639580956598 -0.436994623454271 -0.4404949025359931 -0.3311626559245531 -0.2706284176877106 -0.34042810055264117 -0.42299350712738215 -0.4835277453642247 -0.3700775233625233 -0.307278398661037 -0.2798938623157987 -0.37954886676012445 -0.32519159160867406 -0.4501721447031074 -0.5518861368425638 -0.5928599919756646 -0.37707808152596767 -0.2553919087437434 -0.16500234892750576 -0.08655491774302615 -0.0791425620405557 -0.10014423653088877 -0.19629896189349239 -0.27927616600725946 -0.3052194109659063
-0.877000293903701 -0.9970392765298207 -0.8047298258046135 -0.392726388008961 -0.09623215991014045 -0.37357780244424543 -0.6334220495697395 -0.7837281513142803 -0.6398049114246446 -0.4159929489639378 -0.3008955368061318 -0.24221438749490698 -0.21256496468502495 -0.12711697533710098 -0.10693889592482009 -0.12608748148953564 -0.19485767050690095 -0.2183301302313908 -0.21688883884479937 -0.2208009154655477 -0.23500793056194946 -0.23294894286681878 -0.30624890481347167 -0.4433774853091761 -0.5152361558692374 -0.4273173812871567 -0.289571104482913 -0.22018321915700845 -0.32766237684283084 -0.37748987906499376 -0.5216190177241427 -0.6138616664659978 -0.6533942302125072 -0.3974620597077615 -0.3037781195793148 -0.22018321915700845 -0.1129099602406991 0.0003343629914892565 -0.00934287917562504 -0.08737851282107845 -0.19835794958862307 -0.23439023425341032
-0.29348318110366134 -0.3842845384589251 -0.3358983276233537 -0.22224220685213913 -0.00398951116828522 -0.14173578797252895 -0.3814019556857421 -0.5821532559609851 -0.5455032749876587 -0.339810404244102 -0.23397843671438412 -0.19444587296787474 -0.1680908304702018 -0.1386473064298328 -0.15429561291282612 -0.17097341324338478 -0.14317707935912038 -0.10014423653088877 -0.10446811069066331 -0.12649927902856173 -0.1588253858421137 -0.13638241996518907 -0.21441805361064248 -0.37110701721008865 -0.6148911603135633 -0.6210681233989553 -0.46890893272879675 -0.2988365491110011 -0.27536408938651113 -0.35463511564904304 -0.45326062624580343 -0.5010291407728357 -0.39169689416139564 -0.168502628009228 -0.1314408494968754 -0.15244252398720848 -0.10446811069066331 0.0034228445341852876 -0.0029600173207198766 -0.07378919403321588 -0.165620045236045 -0.20082873482277996
-0.04208078352820316 -0.022520400424461517 -0.06843582602587606 -0.14420657320668573 -0.18023885787147298 -0.1660318427750711 -0.30954328512568074 -0.47652718720078036 -0.5185305361814465 -0.3653418516637227 -0.2959539663378181 -0.28421773647557314 -0.28421773647557314 -0.3330157448501707 -0.3237503002220825 -0.28421773647557314 -0.22471299208629603 -0.218741927770417 -0.2094764831423288 -0.18909250496053498 -0.15532510676039146 -0.13679421750421528 -0.2871003192487561 -0.516677447255829 -0.758814400203199 -0.6832495517919023 -0.44234799146161075 -0.2208009154655477 -0.23541972810097567 -0.35854719226979137 -0.3507230390282947 -0.29018880079145215 -0.23109585394120113 -0.1689144255482541 -0.12073411348219576 -0.09623215991014045 -0.08943750051620913 -0.02004961519030468 -0.039198200755020174 -0.10055603406991498 -0.15347201783477382 -0.23253714532779268
-0.028285565970827486 0.05119135906121747 -0.06411195186610158 -0.23397843671438412 -0.5572395048499037 -0.5006173432338095 -0.5308844623522307 -0.5142066620216721 -0.5039117235460187 -0.46932073026782284 -0.4722033130410058 -0.4711738191934405 -0.46890893272879675 -0.5704170260987401 -0.5605338851621128 -0.48208645397763317 -0.36822443443690567 -0.35257612795391235 -0.34928174764170317 -0.3383691128575105 -0.3198382236013343 -0.32477979406964796 -0.47179151550197973 -0.6519529388259159 -0.7833163537752542 -0.4995878493862441 -0.20762339421671117 -0.04640465768797758 -0.2916300921780437 -0.39169689416139564 -0.3422811894782588 -0.2831882426280078 -0.380990158146716 -0.37707808152596767 -0.31551434944155976 -0.25353881981812576 -0.18065065541049907 -0.08449593004789546 -0.09726165375770579 -0.15347201783477382 -0.21091777452892035 -0.29307138356463514
-0.36822443443690567 -0.08017205588812104 -0.10508580699920245 -0.17097341324338478 -0.5063825087801754 -0.5893597128939426 -0.569799329790201 -0.5230603091107341 -0.4184637341980947 -0.5518861368425638 -0.59924285383057 -0.682220057944337 -0.649893951130785 -0.6958093767321997 -0.6783079813235887 -0.6056257156854751 -0.451819334859212 -0.38675532369308196 -0.41372806249929406 -0.49711706415208734 -0.5201777263375511 -0.4771448835093195 -0.5347965389729791 -0.6851026407175199 -0.7905228107082117 -0.4859985305983815 -0.24221438749490698 -0.248185451810786 -0.48785161952399914 -0.5162656497168028 -0.45078984101164665 -0.41166907480416337 -0.561151581470652 -0.5537392257681815 -0.5181187386424204 -0.46684994503366606 -0.3599884836563828 -0.21050597698989415 -0.18909250496053498 -0.2457146665766291 -0.30233682819272334 -0.3608120787344351
-0.7544905260434246 -0.5675344433255571 -0.2119472683764857 -0.2094764831423288 -0.24427337519003767 -0.5811237621134199 -0.5800942682658544 -0.5181187386424204 -0.36431235781615734 -0.5205895238765773 -0.7196936339957157 -0.8129657765851362 -0.8222312212132245 -0.7919641020948033 -0.7740509091471662 -0.6890147173382682 -0.5201777263375511 -0.4376123197628101 -0.5341788426644398 -0.6328043532612003 -0.6665717514613437 -0.44234799146161075 -0.5030881284679664 -0.6754253985504056 -0.847144972324306 -0.5636223667048088 -0.39560897078214396 -0.3995210474028922 -0.611390881231841 -0.6153029578525894 -0.5630046703962697 -0.5753585965670538 -0.6772784874760233 -0.6665717514613437 -0.6220976172465206 -0.5630046703962697 -0.4038449215626667 -0.2759817856950504 -0.26074527675108317 -0.339810404244102 -0.3910791978528564 -0.4522311323982381
-0.8780297877512663 -1.0660153643166992 -0.7110458856761669 -0.3198382236013343 -0.16664953908361035 -0.493204987531339 -0.670072030543066 -0.6095377923062234 -0.4248465960529998 -0.5372673242071359 -0.735341940478709 -0.8467331747852797 -0.8955311831598772 -0.8994432597806256 -0.9282690875124554 -0.8432328957035576 -0.6391872151161054 -0.5380909192851882 -0.6363046323429226 -0.8100831938119534 -0.8345851473840086 -0.5146184595606982 -0.4219640132798168 -0.5938894858232301 -0.8599106960341162 -0.5722701150243578 -0.4063157067968235 -0.569799329790201 -0.8438505920120968 -0.8090536999643879 -0.5796824707268283 -0.587506623968325 -0.6352751384953571 -0.6875734259516769 -0.640628506502697 -0.4703502241153882 -0.301307334345158 -0.21935962407895615 -0.31839693221474274 -0.39890335109435304 -0.46684994503366606 -0.5420029959059365
-0.8667053554280476 -1.1767889023147307 -1.1469335807353356 -0.7555200198909898 -0.4019918326370491 -0.42381710220543445 -0.6006841452171613 -0.6612183834540039 -0.5098827878618977 -0.5889479153549163 -0.6358928348038962 -0.7476958666494932 -0.862381481268273 -1.0522201467593235 -1.0810459744911531 -0.9941566937566376 -0.7563436149690422 -0.6591593957588732 -0.8980019683940342 -1.0723982261716043 -1.125520108705976 -0.6284804791014259 -0.5356201340510314 -0.5605338851621128 -0.8228489175217636 -0.5070002050887147 -0.4711738191934405 -0.6358928348038962 -1.0439841959788008 -0.9115912871818966 -0.6816023616357979 -0.5508566429949985 -0.6148911603135633 -0.6890147173382682 -0.5362378303595705 -0.36472415535518343 -0.1954753668154401 -0.17673857878975074 -0.2763935832340765 -0.44790725823846367 -0.5391204131327535 -0.6249802000197037
