static/ASC_sea/1979/08/ERA5U/00.asc
ncols         201
nrows         201
xllcorner     105.0
yllcorner     0.0
cellsize      0.25
NODATA_value  -32767
[rows 38 to 56 of 201, columns 42 to 83 of 201]
-0.27845257092920717 -0.09623215991014045 -0.043522074914794595 -0.017167032417121697 0.097106784662632 0.02730710179770135 -0.08017205588812104 -0.015725741030530205 0.11996154807858278 0.2490600765632775 0.11419638253221681 0.07033994462593296 0.050161865213652124 0.20602723373504592 0.22455812299122221 0.3378024462234106 0.560584914836552 0.6147362912184894 0.5321708846437484 0.43004509496526583 0.4417813248275108 0.5136399953875721 0.5175520720083204 0.5766450188585714 0.5770568163975976 0.5301118969486177 0.43745745066773634 0.2000561694191669 0.16443568229340583 0.08289976956623019 0.09031212526870075 0.07322252739911594 0.12346182716030496 0.20499773988748057 0.2021151571142976 0.15805282043850066 0.14199271641648126 0.20458594234845445 0.27726820798656804 0.24803058271571216 0.16978905030074565 0.1434340078030727
-0.06802402848684991 -0.06740633217831071 -0.03137404751352352 -0.020667311498843877 -0.1318526470359015 -0.20165232990083215 -0.33898680916604973 -0.2613629730596224 -0.12546978518099638 -0.010784170562216533 -0.07584818172834656 -0.10899788361995078 -0.05567010231606573 0.004246439612237585 -0.0035777136292590717 0.04007282550751168 0.3192715569672343 0.424691726957926 0.48481416765574237 0.3880417459845996 0.42036785279815153 0.3470678908514987 0.30403504802326714 0.2665614719718884 0.24741288640717296 0.20396824603991523 0.11069610345049463 0.055103435681965796 0.02442451902451842 0.16299439090681433 0.2402064294742155 0.22311683160463072 0.14096322256891586 0.16690646752756266 0.16690646752756266 0.15084636350554326 0.12202053577371347 0.17678960846419003 0.2021151571142976 0.17184803799587633 0.10287195020899798 0.08742954249551776
0.1341685631749846 0.14837557827138642 0.14261041272502045 0.04727928244046914 -0.14503016828473803 -0.33651602393189284 -0.5142066620216721 -0.47364460442759737 -0.4361710283762187 -0.383872740919899 -0.3608120787344351 -0.2706284176877106 -0.1680908304702018 -0.13329393842249304 -0.1495599412140255 -0.1129099602406991 0.02380682271597917 0.09422420188944902 0.21323369066800338 0.26367888919870547 0.24123592332178084 0.17473062076905932 0.06292758892346245 0.05654472706855729 0.049750067674625975 0.025865810411109913 -0.06699453463928456 -0.05031673430872591 0.02380682271597917 0.19779128295452314 0.2616199015035747 0.29044572923540457 0.24947187410230365 0.27088534613166293 0.2793271956816987 0.26367888919870547 0.23567665654492798 0.22167554021803923 0.23670615039249332 0.21817526113631705 0.19429100387280096 0.16978905030074565
0.07075174216495911 0.12943289147618398 0.19429100387280096 0.059015512302714124 -0.09190828575036603 -0.2735110004608935 -0.42299350712738215 -0.5107063829399499 -0.5586807962364951 -0.5722701150243578 -0.5263546894229432 -0.42978816652131346 -0.313043564207403 -0.24221438749490698 -0.25003854073640364 -0.31510255190253367 -0.44152439638355845 -0.29986604295856645 -0.13638241996518907 0.013100086701299585 -0.031785845052549666 -0.04743415153554292 -0.05669959616363107 -0.014696247182964861 0.023395025176953077 0.03451355873065881 0.024836316563544514 0.03451355873065881 0.08248797202720409 0.17040674660928484 0.2587373187303918 0.36312799487351816 0.4574296313105041 0.5595554209889867 0.5947641105757216 0.5990879847354961 0.5521430652865162 0.45454704853732114 0.46484198701297463 0.4520762633031643 0.3723934395016063 0.28159208214634257
-0.0943790709845228 -0.0688476235649022 -0.019637817651278533 -0.11188046639313376 -0.16273746246286203 -0.2002110385142407 -0.33013316207698773 -0.4277291788261828 -0.48826341706302534 -0.49752886169111343 -0.5102945854009238 -0.4800274662825025 -0.43555333206767943 -0.45120163855067275 -0.4522311323982381 -0.4952639752264697 -0.6513352425173765 -0.5644459617828611 -0.4433774853091761 -0.321897211296465 -0.31839693221474274 -0.22224220685213913 -0.10611530084676779 -0.007901587789033548 0.059015512302714124 0.09751858220165815 0.1156376739188083 0.08042898433207335 0.17864269738980765 0.35839232317471753 0.51013971630585 0.601558769969653 0.64294442264178 0.6361497632478487 0.6536511586564596 0.7314808935324 0.8187819718059415 0.902788669767274 0.9466451076735578 0.8782867161952187 0.601558769969653 0.40719033154931505
-0.20371131759596295 -0.20659390036914582 -0.2212127130045738 -0.21091777452892035 -0.23541972810097567 -0.2613629730596224 -0.410639580956598 -0.5269723857314824 -0.6562768129856903 -0.788052025474055 -0.7901110131691856 -0.7715801239130092 -0.7388422195604313 -0.8697938369707435 -0.8726764197439266 -0.8751472049780834 -0.8267609941425119 -0.770550630065444 -0.670072030543066 -0.5566218085413644 -0.42628788743959134 -0.3081019937390893 -0.16067847476773134 -0.05917038139778791 0.040484623046537827 0.11996154807858278 0.14981686965797786 0.16299439090681433 0.280150790759751 0.45248806084219045 0.539583240346219 0.569232663156101 0.5813806905573721 0.5321708846437484 0.5389655440376797 0.610824214597741 0.7479527950934455 1.0102678274530965 1.1189823777559973 1.0722433570765304 0.7152148907408675 0.5068453359936409
-0.2613629730596224 -0.28380593893654704 -0.304189917118341 -0.29101239586950445 -0.33651602393189284 -0.40775699818341504 -0.5440619836010672 -0.7392540170994574 -0.8994432597806256 -1.2675902596699942 -1.2832385661529875 -1.2525596494955402 -1.1494043659694921 -1.196349285418472 -1.1909959174111324 -1.1034889403680777 -1.033689257503147 -0.947829470616197 -0.8325261596888779 -0.7182523426091242 -0.5665049494779918 -0.3853140323064904 -0.2271837773204528 -0.1592371833811398 -0.10693889592482009 -0.03281533890011501 0.10781352067731165 0.19470280141182708 0.30115246525008416 0.4076021290883412 0.4588709226970956 0.4681363673251837 0.433545374046988 0.39113022752729565 0.4199560552591254 0.5257880227888433 0.6810356950016978 0.964764199390708 1.077184927544844 1.008826536066505 0.7123323079676844 0.5482309886657679
-0.2916300921780437 -0.3017191318841841 -0.3017191318841841 -0.3443401771733895 -0.38963790646626484 -0.4981465579996527 -0.5714465199463055 -0.7783747833069407 -1.1294321853267246 -1.5797327942518082 -1.5951752019652883 -1.5533777517541352 -1.4712241427184205 -1.4747244218001425 -1.398953674619333 -1.3095936086506605 -1.240205723324756 -1.074251315097222 -0.9585362066308766 -0.8310848683022866 -0.7242234069250032 -0.5504448454559724 -0.431229457907905 -0.3418693919392327 -0.2862767241707038 -0.17241470462997632 -0.01510804472199101 0.07713460401986427 0.179672191237373 0.2822097784548817 0.32853700159532245 0.34768558716003795 0.315359480346486 0.2850923612280647 0.2729443338267936 0.38083528905164216 0.578086310245163 0.8422544315304314 0.9242021417966333 0.8393718487572486 0.6289433063148913 0.5121987040009807
-0.36822443443690567 -0.2988365491110011 -0.2941008774122005 -0.3350747325453014 -0.37996066429915065 -0.47899797243493714 -0.5220308152631687 -0.6783079813235887 -1.030806674729964 -1.5253755191003577 -1.6489147808081999 -1.6069114318275335 -1.6001167724336023 -1.6371785509459547 -1.5605842086870925 -1.452693253462244 -1.3334778659141766 -1.174935813389113 -1.0645740729301076 -0.947417673077171 -0.8549691255658026 -0.7936112922509077 -0.6783079813235887 -0.5761821916451061 -0.49217549368377367 -0.3785193729125591 -0.23191944901925343 -0.10838018731141164 -0.0054308025548767125 0.13663934840914144 0.1967617891069578 0.2192047549838824 0.2402064294742155 0.2171457672887517 0.19964437188014075 0.25667833103526105 0.4446639076006938 0.6806238974626717 0.7113028141201192 0.6258548247721951 0.5346416698779053 0.5029332593728926
-0.32972136453796164 -0.30027784049759265 -0.2980129540329488 -0.2988365491110011 -0.31160227282081143 -0.3764603852174284 -0.41702244281150314 -0.513794864482646 -0.7036335299736963 -1.1504338598170576 -1.308152317264069 -1.3711573407350683 -1.4038952450876465 -1.4858429553538484 -1.5982636835079846 -1.5797327942518082 -1.3882469386046532 -1.2294989873100763 -1.1162546640778879 -1.054279134454454 -0.9741845131138699 -0.947417673077171 -0.8940898917732859 -0.8012295467228913 -0.717428747531072 -0.6031549304513183 -0.4586139942531433 -0.31592614698058596 -0.1499717387530517 0.015159074396430272 0.10925481206390314 0.18358426785812132 0.1982030804935493 0.18996712971302648 0.17720140600321616 0.18440786293617362 0.30403504802326714 0.5115810076924414 0.6200896592258291 0.5795276016317545 0.5136399953875721 0.4883144467374646
-0.292453687256096 -0.2891593069438868 -0.28854161063534767 -0.27248150661332815 -0.26527504968037074 -0.2862767241707038 -0.34042810055264117 -0.40734520064438884 -0.5401499069803188 -0.6484526597441936 -0.853116036640185 -0.9082969068696877 -0.9785083872736443 -1.1397271238023778 -1.3872174447570877 -1.4850193602757962 -1.3623036936460062 -1.2348523553174164 -1.1119307899181137 -1.0752808089447874 -1.05469093199348 -1.0376013341238952 -0.9976569728383599 -0.9463881792296055 -0.850645251406028 -0.7623146792849212 -0.6095377923062234 -0.46005528563973475 -0.27845257092920717 -0.10220322422601946 0.07651690771132502 0.1782308998507815 0.20396824603991523 0.20602723373504592 0.18996712971302648 0.16299439090681433 0.2210578439095 0.3929833164529133 0.6005292761220876 0.6093829232111496 0.5717034483902579 0.6396500423295708
-0.26527504968037074 -0.27536408938651113 -0.27845257092920717 -0.27248150661332815 -0.2603334792120571 -0.2638337582937793 -0.298424751571975 -0.3849022347674643 -0.46293786841291773 -0.540561704519345 -0.6402167089636709 -0.7075456065944447 -0.7608733878983297 -0.9111794896428705 -1.1261378050145154 -1.3159764705055657 -1.2241456193027367 -1.1333442619474727 -0.9955979851432292 -0.8936780942342596 -0.8774120914427271 -0.8409680092389139 -0.805759319652179 -0.8018472430314306 -0.8559986194133679 -0.7896992156301593 -0.6597770920674123 -0.5170892447948551 -0.32972136453796164 -0.13473522980908448 0.07960538925402111 0.1864668506313043 0.21241009558995108 0.22558761683878756 0.2109688042033596 0.16834775891415416 0.20932161404725505 0.3050645418708325 0.48913804181551684 0.5951759081147477 0.737657856617792 0.8550201552402419
-0.2485972493498121 -0.2959539663378181 -0.32127951498792573 -0.2945126749512267 -0.2739227979999197 -0.2827764450889817 -0.33013316207698773 -0.4180519366590685 -0.5070002050887147 -0.5943012833622562 -0.6861321345650854 -0.7651972620581041 -0.8809123705244494 -1.080634176952127 -1.4071896253998557 -1.3252419151336539 -1.1240788173193845 -0.8833831557586062 -0.6933385914980429 -0.4927931899923128 -0.3746072962918108 -0.2862767241707038 -0.21627114253626012 -0.33404523869773606 -0.4810569601300678 -0.5473563639132764 -0.4728210093495451 -0.3608120787344351 -0.25889218782546564 -0.09129058944182677 0.1273739037810533 0.16505337860194502 0.16155309952022284 0.14013962749086362 0.12881519516764478 0.11522587637978216 0.1625825933677882 0.24555979748155532 0.33739064868438445 0.492638320897239 0.6415031312551884 0.7533061631007854
-0.30871969004762845 -0.369253928284471 -0.3902556027748041 -0.32127951498792573 -0.27701127954261573 -0.28380593893654704 -0.36781263689787946 -0.46046708317876084 -0.5312962598912568 -0.5986251575220306 -0.6894265148772946 -0.7623146792849212 -0.8844126496061716 -1.0752808089447874 -1.3452140957764218 -1.2144683771356224 -0.9815968688163405 -0.7221644192298725 -0.5277959808095347 -0.4316412554469311 -0.37790167660401996 -0.3144848555939944 -0.19835794958862307 -0.15820768953357445 -0.1689144255482541 -0.15285432152623468 -0.09190828575036603 -0.11620434055290829 -0.15779589199454835 -0.11620434055290829 0.0536621442953743 0.09957756989678884 0.07816409786742962 0.03760204027335484 0.02916019072331899 0.017423960861074006 0.05942730984174027 0.13808063979573293 0.2348530614668757 0.30321145294521484 0.33739064868438445 0.36518698256864884
-0.36431235781615734 -0.4159929489639378 -0.42299350712738215 -0.3877848175406473 -0.3266328829952655 -0.30027784049759265 -0.3756367901393761 -0.490322404758156 -0.5224426128021948 -0.5537392257681815 -0.5978015624439784 -0.667601245308909 -0.717428747531072 -0.7168110512225326 -0.7896992156301593 -0.7423424986421533 -0.7135166709103237 -0.5889479153549163 -0.5230603091107341 -0.47364460442759737 -0.44440697915674143 -0.43225895175547036 -0.36781263689787946 -0.289571104482913 -0.21400625607161639 -0.1777680726373161 -0.23583152564000176 -0.31119047528178534 -0.3165438432891251 -0.230478157632662 -0.06411195186610158 -0.03672741552086334 -0.07234790264662438 -0.11620434055290829 -0.11723383440047364 -0.09582036237111435 -0.058140887550222564 0.0058936297683421235 0.09813627851019735 0.1673182650665888 0.22455812299122221 0.2782977018341334
-0.4376123197628101 -0.5084414964753061 -0.5401499069803188 -0.49423448137890436 -0.43267074929449645 -0.4091982895700065 -0.451819334859212 -0.48496903675081615 -0.48826341706302534 -0.3949912744736047 -0.3667831430503141 -0.410639580956598 -0.45120163855067275 -0.4682912364202575 -0.5284136771180739 -0.5601220876230867 -0.5615633790096781 -0.6070670070720666 -0.5835945473475767 -0.5249133980363517 -0.47652718720078036 -0.4493485496250551 -0.5170892447948551 -0.5483858577608417 -0.4888811133715645 -0.490322404758156 -0.5347965389729791 -0.5737114064109493 -0.5230603091107341 -0.4248465960529998 -0.25353881981812576 -0.20803519175573737 -0.22656608101191367 -0.236449221948541 -0.2461264641156553 -0.22615428347288746 -0.17200290709095012 -0.10117373037845412 -0.011813664409781877 0.0639570827710278 0.13705114594816759 0.24350080978642463
-0.5284136771180739 -0.59924285383057 -0.6661599539223176 -0.6910737050333989 -0.63815772126854 -0.6060375132245012 -0.5885361178158902 -0.564034164243835 -0.4995878493862441 -0.41413986003832015 -0.32477979406964796 -0.24468517272906376 -0.27701127954261573 -0.3037781195793148 -0.37790167660401996 -0.44193619392258465 -0.5284136771180739 -0.5761821916451061 -0.6132439701574587 -0.6181855406257722 -0.5737114064109493 -0.593271789514691 -0.6723369170077097 -0.6807787665577455 -0.6719251194686836 -0.6754253985504056 -0.7050748213602877 -0.6925149964199905 -0.6441287855844192 -0.5636223667048088 -0.4244347985139737 -0.39890335109435304 -0.39807975601630075 -0.40734520064438884 -0.3881966150796734 -0.3511348365673208 -0.2980129540329488 -0.22656608101191367 -0.1386473064298328 -0.061641166631944744 0.04769107997949529 0.15764102289947451
-0.6192150344733377 -0.7367832318653006 -0.8253197027559206 -0.8844126496061716 -0.9585362066308766 -0.92723959366489 -0.8403503129303745 -0.7520197408092676 -0.687985223490703 -0.6651304600747522 -0.5846240411951419 -0.4404949025359931 -0.26815763245355373 -0.292453687256096 -0.34928174764170317 -0.4493485496250551 -0.5347965389729791 -0.5957425747488477 -0.6715133219296573 -0.7837281513142803 -0.8121421815070841 -0.8300553744547211 -0.7954643811765253 -0.8012295467228913 -0.7925817984033424 -0.7925817984033424 -0.8100831938119534 -0.7861989365484373 -0.7402835109470226 -0.6591593957588732 -0.6070670070720666 -0.5860653325817334 -0.5850358387341682 -0.5743291027194884 -0.5479740602218155 -0.49752886169111343 -0.45120163855067275 -0.37996066429915065 -0.3037781195793148 -0.21297676222405104 -0.10364451561261101 0.007746718693959764
-0.734930142939683 -0.853116036640185 -0.9723314241882522 -1.0674566557032907 -1.1415802127279955 -1.1992318681916552 -1.1337560594864988 -1.0586030086142286 -1.0460431836739312 -1.0229825214884674 -0.9552418263186676 -0.7452250814153364 -0.572887811332897 -0.4907342022971821 -0.5205895238765773 -0.5986251575220306 -0.6153029578525894 -0.676248993628458 -0.8018472430314306 -1.1152251702303229 -1.1436392004231264 -1.0625150852349767 -0.962860080790651 -0.9855089454370888 -0.9916859085224808 -0.99230360483102 -0.9492707620027886 -0.9058261216355307 -0.8594988984950901 -0.8207899298266329 -0.7997882553362999 -0.7759039980727837 -0.7818750623886629 -0.770550630065444 -0.7427542961811796 -0.6733664108552749 -0.6266273901758083 -0.558268998697469 -0.4835277453642247 -0.39210869170042173 -0.27701127954261573 -0.16500234892750576
