static/ASC_sea/1979/01/ERA5V/00.asc
ncols         201
nrows         201
xllcorner     105.0
yllcorner     0.0
cellsize      0.25
NODATA_value  -32767
[rows 152 to 170 of 201, columns 126 to 167 of 201]
-4.282586350350098 -4.210316970085575 -4.142553162156745 -4.073527793973922 -4.009188221020219 -3.9237625695354703 -3.830947779420185 -3.724075603617536 -3.6166627591346034 -3.501860776021134 -3.3670540517371856 -3.2216141767410003 -3.0999637236772766 -3.000300463611737 -2.9539831800008085 -2.914874812126989 -2.8876611552194005 -2.884597366031129 -2.890544721514244 -2.89487007095651 -2.876847781613736 -2.865133293540933 -2.869458642983199 -2.886039149178551 -2.9231650652246652 -2.9525413968533867 -2.9871441923915123 -3.008230270922558 -3.02715367473247 -3.0559893376809084 -3.0677038257537115 -3.077075416211954 -3.090231687432179 -3.0994230549969934 -3.1111375430697965 -3.119968464847756 -3.1327642902811252 -3.1439381096736447 -3.152769031451604 -3.134206073428547 -3.1439381096736447 -3.15709438089387
-4.222031458158378 -4.1683250359169115 -4.1072294750449085 -4.052621938336303 -3.9823350098994856 -3.894926906587032 -3.8015714477914635 -3.697582838283658 -3.5815192949161947 -3.463293076827598 -3.354438449197244 -3.223957074355561 -3.1345665192154026 -3.0540068858532035 -3.0076896022422743 -2.964796553606473 -2.9402862401003 -2.927129968880075 -2.9276706375603587 -2.9305542038552024 -2.916316595274411 -2.9062241132424576 -2.9159561494875557 -2.92514751705237 -2.9359608906580346 -2.9613723186313456 -2.9739879211712874 -2.9930915478746276 -3.0105731685371184 -3.0325603615353023 -3.0448155182883885 -3.0559893376809084 -3.0662620426062897 -3.089691018751896 -3.1062715249472475 -3.133665404748264 -3.151687694091038 -3.147362344648772 -3.1462810072882057 -3.1282587179454318 -3.1614197303361355 -3.178540905211771
-4.194637578357361 -4.137146475353913 -4.094073203824683 -4.044331685238627 -3.962690714515862 -3.894386237906749 -3.7952636465214926 -3.6927168201611096 -3.5764730539002176 -3.445270787484824 -3.3319105875187764 -3.2318868816663815 -3.153670145918743 -3.0848250006293467 -3.051663988238643 -3.0125556203648234 -2.9945333310220494 -2.98173750558868 -2.9765110416792755 -2.9788539392938365 -2.9730868067041487 -2.9613723186313456 -2.9608316499510625 -2.9725461380238656 -2.98173750558868 -2.9891266442192173 -3.0013818009723034 -3.007148933561991 -3.0222876566099215 -3.035083482043291 -3.0462573014358107 -3.0594135726560356 -3.0725698438762605 -3.1005043923575597 -3.1233926998228827 -3.1502459109436156 -3.159617501401858 -3.154751483279309 -3.171331989474661 -3.165384633991546 -3.1967434174479723 -3.227381309330688
-4.1663425840892065 -4.115159282355728 -4.070283781892222 -4.027210510362992 -3.945749762533654 -3.881770635366807 -3.7849909415961114 -3.6824441152357283 -3.5746708249659402 -3.4436487814439745 -3.341282177977019 -3.2445024842063233 -3.167367085819251 -3.1131199948975015 -3.0842843319490636 -3.0682444944339946 -3.0502222050912207 -3.0413912833132617 -3.0365252651907126 -3.028235012093037 -3.021386542142783 -3.021386542142783 -3.008230270922558 -3.0174216384873724 -3.0248107771179096 -3.0325603615353023 -3.0482397532635157 -3.0540068858532035 -3.058512458188897 -3.0711280607288387 -3.0814007656542195 -3.1010450610378433 -3.1111375430697965 -3.138531422870813 -3.1619603990164187 -3.177099122064349 -3.186470712522591 -3.1816046944000425 -3.2010687668902382 -3.2133239236433244 -3.245403598673462 -3.2801866171050156
-4.155168764696687 -4.110653710020035 -4.048657034680893 -4.008647552339935 -3.9306110394857243 -3.850051406123525 -3.7566959473279566 -3.6707296271629253 -3.562956336893137 -3.459868841852471 -3.3636298167620584 -3.2704545808599175 -3.199086315062533 -3.152228362771321 -3.1214102479951777 -3.1096957599223747 -3.0916734705796007 -3.082482103014786 -3.0842843319490636 -3.073651181236827 -3.064820259458868 -3.0687851631142777 -3.0559893376809084 -3.05905312686918 -3.0677038257537115 -3.0814007656542195 -3.09653948870215 -3.0994230549969934 -3.1010450610378433 -3.121950916675461 -3.1365489710431076 -3.1614197303361355 -3.171692435261517 -3.195662080087406 -3.2127832549630413 -3.227921978010971 -3.2313462129860984 -3.2264801948635493 -3.2430607010589014 -3.2636061109096635 -3.3007320269557776 -3.3304688043713546
-4.150302746574138 -4.114077944995162 -4.048657034680893 -3.9920670461445833 -3.9071820633401186 -3.818332176880243 -3.7406561098128877 -3.655590904114995 -3.573589487605374 -3.473565781752979 -3.391564365243358 -3.3055980450783267 -3.246484936034028 -3.196202748767689 -3.1561932664267314 -3.126276266117727 -3.107352862307814 -3.0945570368744444 -3.0959988200218667 -3.1122188804303628 -3.1111375430697965 -3.0985219405298547 -3.0945570368744444 -3.102486844185265 -3.115102446725207 -3.125375151650588 -3.129340055305998 -3.131682952920559 -3.1327642902811252 -3.158536164041292 -3.185389375162025 -3.2113414718156195 -3.229363761158393 -3.2488278336485887 -3.2650478940570853 -3.2742392616219 -3.2742392616219 -3.2821690689327205 -3.3036155932506217 -3.3245214488882393 -3.3553395636643826 -3.3753443048348615
-4.139128927181618 -4.085422504940152 -4.024867612748432 -3.9475519914679316 -3.861225225516045 -3.786432724743533 -3.70064662747193 -3.6283772472074065 -3.560433216385149 -3.4896056192680476 -3.411569106413837 -3.342723961124441 -3.271355695327056 -3.21368436943018 -3.1799826883591926 -3.141054543378801 -3.113660663577785 -3.1010450610378433 -3.1014055068246984 -3.1096957599223747 -3.1327642902811252 -3.1351071878956858 -3.1379907541905294 -3.133665404748264 -3.1482634591159107 -3.1531294772384597 -3.154210814599026 -3.158536164041292 -3.1625010676967023 -3.185389375162025 -3.2181899417658735 -3.2381946829363524 -3.267390791671646 -3.2855933039078478 -3.302534255890055 -3.314789412643141 -3.323079665740817 -3.3261434549290887 -3.344526190058718 -3.3630891480817753 -3.3924654797104967 -3.4207604739786515
-4.118943963117712 -4.060011076966841 -4.001438636602826 -3.923221900855187 -3.8352731288624504 -3.7503881460579858 -3.6815430007685896 -3.6272959098468402 -3.5647585658274146 -3.487262721653487 -3.4119295522006925 -3.3450668587390013 -3.2810877315721543 -3.2244977430358444 -3.1733144413023666 -3.132223621600842 -3.101946175504982 -3.0959988200218667 -3.1111375430697965 -3.1282587179454318 -3.147903013329055 -3.151687694091038 -3.159076832721575 -3.1565537122135865 -3.164483519524407 -3.171331989474661 -3.176558453384066 -3.1830464775474643 -3.190255393284574 -3.2064754536930704 -3.242520032378618 -3.272797478474478 -3.2924417738581018 -3.3104640632008757 -3.328486352543649 -3.3519153286892553 -3.373001407220301 -3.3807509916376937 -3.39300614839078 -3.414993341388964 -3.433015630731738 -3.4504972513942285
-4.06091219143398 -4.003781534217387 -3.923221900855187 -3.8489700687629584 -3.7855316102763945 -3.707495097422184 -3.6458588678698973 -3.583862192530755 -3.518441282216486 -3.4559039381970607 -3.403278853316161 -3.3392997261493136 -3.2773030508101715 -3.229363761158393 -3.177099122064349 -3.15709438089387 -3.1351071878956858 -3.119968464847756 -3.1248344829703045 -3.141054543378801 -3.163402182163841 -3.1733144413023666 -3.1742155557695053 -3.1873718269897298 -3.1985456463822497 -3.2153063754710294 -3.22882309247811 -3.22882309247811 -3.2244977430358444 -3.239095797403491 -3.2581994241068313 -3.2928022196449573 -3.3133476294957194 -3.349572431074695 -3.37786742534285 -3.4007557328081726 -3.4207604739786515 -3.434998082559443 -3.4387827633214254 -3.4358991970265818 -3.4427476669768358 -3.4587875044919043
-4.007205769192513 -3.9471915456810764 -3.8906015571447665 -3.819773960027665 -3.735249423010056 -3.667305392187798 -3.604948271061801 -3.5427713728292307 -3.47987358302295 -3.414993341388964 -3.349572431074695 -3.3192949849788347 -3.271355695327056 -3.229363761158393 -3.198185200595394 -3.1693495376469563 -3.159076832721575 -3.1561932664267314 -3.164483519524407 -3.175116670236644 -3.1850289293751692 -3.2001676524230995 -3.200528098209955 -3.2079172368404922 -3.223055959888422 -3.24396181552604 -3.257658755426548 -3.2533334059842822 -3.24396181552604 -3.25910053857397 -3.2841515207604255 -3.322719219953962 -3.349572431074695 -3.379309208490272 -3.417876907683808 -3.453020371902217 -3.487262721653487 -3.5024014447014173 -3.5013201073408506 -3.49104740241547 -3.4856407156126377 -3.49104740241547
-3.936378172075412 -3.8660912436385937 -3.7958043152017757 -3.7347087543297723 -3.674153862138052 -3.610715403651488 -3.543852710189797 -3.4807746974900886 -3.418417576364091 -3.354798894984099 -3.3182136476182684 -3.2938835570055236 -3.2587400927871144 -3.225939526183266 -3.21368436943018 -3.215666821257885 -3.2064754536930704 -3.200528098209955 -3.20251055003766 -3.2181899417658735 -3.227381309330688 -3.227921978010971 -3.229904429838676 -3.229904429838676 -3.246484936034028 -3.2650478940570853 -3.2807272857852987 -3.2810877315721543 -3.2773030508101715 -3.2801866171050156 -3.3016331414229163 -3.328486352543649 -3.366513383056902 -3.4104877690532707 -3.4470730164191012 -3.4778911311952445 -3.508168577291105 -3.530696438969572 -3.5341206739446993 -3.5267315353141617 -3.5110521435859487 -3.510691697799093
-3.8606845568357615 -3.7958043152017757 -3.7284009530598015 -3.674153862138052 -3.622429891724291 -3.5555671982626 -3.4906869566286143 -3.433015630731738 -3.3704782867123124 -3.3182136476182684 -3.2879362015224083 -3.2547751891317045 -3.241078249231196 -3.2244977430358444 -3.2250384117161275 -3.229904429838676 -3.2436013697391846 -3.2387353516166355 -3.2513509541565773 -3.263966556696519 -3.2679314603519294 -3.262524773549097 -3.253874074664566 -3.235671562428364 -3.2504498396894386 -3.27820416527731 -3.294244002792379 -3.3064991595454654 -3.3055980450783267 -3.309382725840309 -3.3333523706661983 -3.3529966660498216 -3.3758849735151446 -3.4153537871758193 -3.455002823729922 -3.486722052973204 -3.5155577159216422 -3.5389866920672484 -3.549259396992629 -3.549259396992629 -3.543852710189797 -3.535021788411838
-3.7958043152017757 -3.728941621740085 -3.6669449464009425 -3.617563873601742 -3.565299234507698 -3.505825679676544 -3.4456312332716794 -3.388140130268231 -3.3261434549290887 -3.2742392616219 -3.2513509541565773 -3.2201723935935784 -3.2244977430358444 -3.2196317249132953 -3.227921978010971 -3.2445024842063233 -3.257658755426548 -3.2738788158350447 -3.2870350870552696 -3.2928022196449573 -3.2953253401529454 -3.2884768702026914 -3.263966556696519 -3.2518916228368604 -3.263966556696519 -3.2919011051778186 -3.3113651776680144 -3.323079665740817 -3.3275852380765105 -3.3338930393464814 -3.348491093714128 -3.366513383056902 -3.3875994615879477 -3.4130108895612588 -3.4521192574350783 -3.487262721653487 -3.515918161708498 -3.5379053547066817 -3.5521429632874733 -3.5595321019180104 -3.560973885065432 -3.5526836319677564
-3.748946362910564 -3.6761363139657575 -3.6161220904543203 -3.5658399031879813 -3.510691697799093 -3.4696008780975687 -3.4081448714387097 -3.3558802323446657 -3.2938835570055236 -3.2436013697391846 -3.2185503875527286 -3.2064754536930704 -3.2113414718156195 -3.209899688668197 -3.229904429838676 -3.2470256047143113 -3.2587400927871144 -3.2747799303021834 -3.297668237767506 -3.30451670771776 -3.3084816113731703 -3.3055980450783267 -3.2807272857852987 -3.2864944183749865 -3.2967671233003673 -3.3138882981760025 -3.3333523706661983 -3.340741509296736 -3.344526190058718 -3.351374660008972 -3.3582231299592262 -3.3733618530071565 -3.3933665941776354 -3.4173362390035247 -3.446712570632246 -3.4813153661703717 -3.514476378561076 -3.5341206739446993 -3.554125415115178 -3.5658399031879813 -3.5643981200405594 -3.569264138163108
-3.6986641756442244 -3.6444170847224755 -3.579897288875345 -3.5292546558221503 -3.472123998605557 -3.4261671607814836 -3.3773267566625664 -3.3265039007159443 -3.2830701833998592 -3.2387353516166355 -3.212242586282758 -3.2016094355705214 -3.2064754536930704 -3.2176492730855903 -3.227381309330688 -3.223957074355561 -3.241078249231196 -3.25910053857397 -3.277663496597027 -3.3075804969060316 -3.3119058463482975 -3.3250621175685224 -3.3144289668562856 -3.316231195790563 -3.317672978937985 -3.3324512561990596 -3.346148196099568 -3.354438449197244 -3.3578626841723707 -3.366513383056902 -3.3807509916376937 -3.3870587929076645 -3.3987732809804676 -3.4193186908312296 -3.4456312332716794 -3.471583329925274 -3.506726794143683 -3.534481119731555 -3.5521429632874733 -3.5707059213105303 -3.574130156285657 -3.587286427505882
-3.6204474398965862 -3.571607035777669 -3.5013201073408506 -3.461310624999893 -3.4130108895612588 -3.3670540517371856 -3.3382183887887473 -3.3021738101031994 -3.2601818759345367 -3.2333286648138033 -3.2153063754710294 -3.208818351307631 -3.2181899417658735 -3.2304450985189597 -3.2304450985189597 -3.2196317249132953 -3.234770447961225 -3.2533334059842822 -3.2747799303021834 -3.309923394520592 -3.3201960994459734 -3.344526190058718 -3.3421832924441577 -3.3362359369610424 -3.341282177977019 -3.351374660008972 -3.3647111541226247 -3.3773267566625664 -3.379849877170555 -3.372460738540018 -3.379309208490272 -3.3953490460053404 -3.4081448714387097 -3.424725377634062 -3.4447301188045407 -3.465275528655303 -3.4881638361206257 -3.518441282216486 -3.537544908919826 -3.560973885065432 -3.5712465899908135 -3.5746708249659402
-3.5427713728292307 -3.4955529747511633 -3.4393234320017085 -3.4085053172255653 -3.3767860879822833 -3.348491093714128 -3.307940942692887 -3.2742392616219 -3.254234520451421 -3.242520032378618 -3.2371133455757857 -3.227921978010971 -3.223957074355561 -3.1967434174479723 -3.2167481586184516 -3.23278799613352 -3.2450431528866064 -3.2630654422293803 -3.2884768702026914 -3.3187543162985516 -3.348491093714128 -3.3699376180320293 -3.3593044673197925 -3.3573220154920875 -3.342723961124441 -3.3456075274192845 -3.3641704854423415 -3.3865181242273814 -3.4050810822504385 -3.4144526727086806 -3.4139120040283975 -3.4104877690532707 -3.4187780221509465 -3.418417576364091 -3.4384223175345703 -3.4587875044919043 -3.478431799875528 -3.5135752640939373 -3.538446023386965 -3.5507011801400514 -3.560973885065432 -3.5764730539002176
-3.396790829152762 -3.3630891480817753 -3.3382183887887473 -3.329027021223933 -3.2987495751280727 -3.291360436497535 -3.259641207254253 -3.247386050501167 -3.241078249231196 -3.229363761158393 -3.234770447961225 -3.223957074355561 -3.241078249231196 -3.242520032378618 -3.246484936034028 -3.25910053857397 -3.284511966547281 -3.321097213913112 -3.3510142142221166 -3.368135389097752 -3.3890412447353695 -3.4012964014884557 -3.396790829152762 -3.3949886002184853 -3.3821927747851155 -3.3865181242273814 -3.4027381846358775 -3.4187780221509465 -3.4285100583960446 -3.424725377634062 -3.436980534387148 -3.425266046314345 -3.434998082559443 -3.4378816488542867 -3.4470730164191012 -3.4553632695167775 -3.4705019925647074 -3.496994757898585 -3.5135752640939373 -3.535021788411838 -3.5330393365841326 -3.539887806534387
-3.309382725840309 -3.2947846714726623 -3.2670303458847907 -3.2655885627373684 -3.2430607010589014 -3.233689110600659 -3.2118821404959026 -3.2133239236433244 -3.215666821257885 -3.234229779280942 -3.2601818759345367 -3.2504498396894386 -3.2381946829363524 -3.2371133455757857 -3.2616236590819585 -3.28937798466983 -3.329387467010788 -3.3616473649343535 -3.391564365243358 -3.4261671607814836 -3.4461719019519625 -3.459328173172188 -3.4515785887547947 -3.430132064436894 -3.4130108895612588 -3.3944479315382017 -3.397872166513329 -3.4202198052983683 -3.4515785887547947 -3.4535610405825 -3.463293076827598 -3.4535610405825 -3.455002823729922 -3.4573457213444825 -3.4622117394670315 -3.4696008780975687 -3.4818560348506553 -3.505825679676544 -3.516999499069064 -3.5409691438949533 -3.5452944933372192 -3.563316782679993
