static/ASC_sea/1979/01/ERA5V/00.asc
ncols         201
nrows         201
xllcorner     105.0
yllcorner     0.0
cellsize      0.25
NODATA_value  -32767
[rows 76 to 94 of 201, columns 42 to 83 of 201]
-0.6887616325075605 -0.5090794077601051 -0.3987829969823289 -0.2556860196007045 -0.3510239302239784 -0.6018941978753904 -0.654699505649718 -0.5681925168044035 -0.490696672630476 -0.4452805034866856 -0.37877825581185 -0.3090319960553152 -0.2553255738138489 -0.22162389274286198 -0.2450528688884681 -0.21333363964518615 -0.2728071944763397 -0.4759183953694013 -0.9569332979280358 -1.340267392248836 -1.2415052466504353 -1.0135232864643458 -0.9895536416384565 -0.9481023761500766 -1.1151689983575903 -1.5750978223851795 -2.1732576056718442 -2.4715264942947517 -2.6463427009196585 -2.7869165577932944 -2.9062241132424576 -3.01363695772539 -3.103928627332687 -3.158536164041292 -3.2201723935935784 -3.2933428883252405 -3.3890412447353695 -3.46869976363043 -3.547276945164924 -3.605308716848656 -3.6498237715253072 -3.7249767180846747
-0.6473103670191809 -0.5081782932929664 -0.6127075714810548 -0.7747279526725919 -0.8026625011538915 -0.8641185078127505 -0.8855650321306512 -0.7644552477472111 -0.5472866611667859 -0.34958214707655655 -0.2508200014781554 -0.18251552486904243 -0.13854113887267427 -0.11421104825992945 -0.09420630708945055 -0.08429404795092488 -0.1664756873539739 -0.34363479159344124 -0.7201204159639873 -0.9389110085852619 -0.9329636531021466 -1.004331918899531 -1.1629280651159413 -1.2571846383786485 -1.5008459902929512 -1.8647160121235555 -2.202453714407138 -2.4843223197281215 -2.7386168223546608 -2.902259209587047 -3.0154391866596675 -3.1127595491106463 -3.2079172368404922 -3.2864944183749865 -3.346508641886423 -3.409586654586132 -3.496454089218302 -3.569264138163108 -3.6615382595981103 -3.739214326665466 -3.7932811946937877 -3.817250839519677
-0.33282141798777687 -0.12394308450502756 -0.1810737417216206 -0.3533668278385389 -0.48042396770509477 -0.616131806456182 -0.7649959164274942 -0.7186786328165651 -0.4872724376553488 -0.2117116336043363 -0.09222385526174559 -0.051133035560221085 -0.03365141489773027 0.0011316035338229113 0.0685349656757972 -0.045365902970533334 -0.2553255738138489 -0.49700447390044644 -0.702458572408069 -0.8958377370560324 -1.0746188473363492 -1.3363024885934258 -1.6547563412802402 -1.8173173911520604 -2.099546442259899 -2.269496630762257 -2.3669972161066632 -2.543255205878992 -2.8089037507914787 -3.0154391866596675 -3.1698902063272394 -3.2787448339575933 -3.3270445693962274 -3.409586654586132 -3.473565781752979 -3.535021788411838 -3.61215718679891 -3.6961410551362364 -3.7698522185481815 -3.8401391469849995 -3.902676491004425 -3.945749762533654
-0.5027716064901342 -0.5125036427352323 -0.5389964080691096 -0.6038766497030958 -0.7606705669852283 -0.7977964830313424 -0.7449911752570153 -0.5638671673621376 -0.429060443078189 -0.3876091775898094 -0.3290367372257941 -0.3011021887444949 -0.28740524884398644 -0.1342157894304088 -0.040499884847984724 -0.3193047009806964 -0.634154095798956 -0.7532814283546911 -0.6921858674826877 -0.7997789348590478 -0.9349461049298518 -0.99405921397415 -1.0755199618034879 -1.2283489754302104 -1.8778722833437804 -2.2020932686202825 -2.463776909877359 -2.750871979107747 -3.048780421943799 -3.195121411407123 -3.3499328768615504 -3.4539214863693557 -3.5135752640939373 -3.580437957555628 -3.6390103979196433 -3.6961410551362364 -3.7498474773777026 -3.8118441527168447 -3.921239449027482 -3.9358375033951285 -3.981253672538919 -4.027210510362992
-0.319665146767552 -0.39932366566261246 -0.6015337520885349 -0.8689845259352993 -0.9358472193969904 -0.9003433093917259 -0.8026625011538915 -0.6718206805253533 -0.5024111607032786 -0.5033122751704173 -0.4881735521224875 -0.4924989015647534 -0.618114258283887 -0.6370376620937996 -0.5272819199963066 -0.324170719103245 -0.42707799125048407 -0.35138437601083394 -0.522415901873758 -0.698133222965803 -0.7172368496691433 -0.7157950665217214 -0.6332529813318173 -0.698133222965803 -1.2562835239115098 -1.8373221323225393 -2.2895013719327357 -2.9799352766544027 -3.3324512561990596 -3.4622117394670315 -3.563857451360276 -3.6566722414755617 -3.7049719769141953 -3.755794832860818 -3.7855316102763945 -3.8666319123188773 -3.914931647757511 -3.9217801177077654 -3.9911659316774446 -4.024326944068148 -4.0657782095565285 -4.1111943787003185
-0.5107014138009549 -0.5101607451206718 -0.6570424032642785 -1.002349467071826 -1.1117447633824633 -1.1200350164801394 -1.1194943477998562 -0.9945998826544331 -0.6810120480901678 -0.5667507336569817 -0.49358023892531966 -0.33822810479060905 -0.394818093326919 -0.5413393056836702 -0.6947089879906758 -0.5072771788258277 -0.4007654488100343 -0.3733715690090178 -0.7224633135785479 -0.6395607826017882 -0.6283869632092682 -0.5633264986818545 -0.5207938958329081 -0.5999117460476855 -1.0652472568781068 -1.7571229447471957 -2.747988412812903 -3.5042036736356947 -3.6395510665999264 -3.705873091381334 -3.8206750744948037 -3.876904617244258 -3.902676491004425 -3.943226642025666 -3.9354770576082734 -3.9989155160948373 -4.042349233410922 -4.064336426409106 -4.081998269965025 -4.100921673774938 -4.1409311561158955 -4.176615289014588
-0.8284343749140581 -0.8275332604469194 -0.9828853945816303 -1.296833674932751 -1.3719866214921181 -1.2225818428405226 -1.2220411741602395 -1.083810214901164 -0.8738505440578483 -0.761571681452367 -0.6419036802163487 -0.48673176897506565 -0.3930158643926416 -0.4452805034866856 -0.67524491550048 -0.8129352060792727 -0.7058828073831958 -0.672721794992492 -0.8552875860347913 -0.6738031323530582 -0.6101844509730667 -0.5453042093390805 -0.6918254216958322 -0.7889655612533835 -1.1385979745031964 -1.8270494273971583 -2.820257793077426 -3.8035538996191685 -3.9872010280220342 -4.018379588585033 -4.069202444531656 -4.12543198728111 -4.073167348187066 -4.085422504940152 -4.088666517021851 -4.097136993012954 -4.14057071032904 -4.160034782819236 -4.173191054039461 -4.192294680742801 -4.221490789478095 -4.257174922376787
-0.7884248925731003 -1.1668929687713514 -1.3436916272239632 -1.8070446862266794 -1.6614245883370664 -1.478318128614484 -1.1760843363361662 -1.0286620095122758 -0.8866463694912177 -0.6415432344294931 -0.5370139562414047 -0.8866463694912177 -0.8089703024238624 -0.6419036802163487 -0.5761223241152238 -0.7357998076922003 -0.7929304649087938 -0.7669783682551992 -0.805005398768452 -0.7029992410883521 -0.6512752706745908 -0.6790295962624628 -0.8383466340525838 -1.015505738292051 -1.336843157273709 -2.0261957246348095 -3.1096957599223747 -4.104345908750064 -4.322595832691056 -4.316288031421085 -4.357739296909465 -4.3256596218793275 -4.270331193597012 -4.2137412050607015 -4.222572126838661 -4.226897476280927 -4.224013909986083 -4.241135084861718 -4.2508671211068165 -4.27681921776041 -4.305114212028565 -4.312863796445958
-0.7938315793759325 -1.1732007700413223 -1.4862479359253045 -2.0692689961640394 -1.8050622343989742 -1.5125604783657542 -1.2097860174071533 -1.0077561538746582 -0.7489560789124252 -0.36850555088646875 -0.5135849800957986 -0.8646591764930336 -1.0028901357521092 -0.7361602534790559 -0.41247993688283735 -0.3202058154478351 -0.37733647266442816 -0.5961270652857031 -0.7293117835288019 -0.7166961809888601 -0.609283336505928 -0.6370376620937996 -0.8617756101981897 -1.124360365922405 -1.5828474068025724 -2.9051427758818913 -3.9906252629971615 -4.482273316268032 -4.554542696532556 -4.56139116648281 -4.527689485411823 -4.495069141701402 -4.443705617074496 -4.364587766859719 -4.354855730614622 -4.3222353869042 -4.319171597715929 -4.313404465126242 -4.317189145888224 -4.34061812203383 -4.361163531884593 -4.368552670515129
-0.9627004305177234 -1.2997172412275948 -1.5839287441631387 -1.794789529473593 -1.5842891899499942 -1.3557665610836216 -1.1951879630395064 -1.0003670152441209 -0.7669783682551992 -0.5730585349269526 -0.7889655612533835 -0.8455555497896934 -0.8549271402479357 -0.3679648822061856 -0.30849132737503204 -0.2522617846255777 -0.4487047384618128 -0.7006563434737916 -0.6790295962624628 -0.5881972579748824 -0.4432980516589806 -0.49448135339245836 -0.7669783682551992 -1.1497717938957162 -1.853361969837608 -3.3499328768615504 -4.461367460630415 -4.8450620007380705 -4.7084530475198445 -4.805593187077395 -4.74305584305797 -4.6347418841079 -4.557065817040544 -4.504260509266217 -4.483715099415455 -4.42910756270685 -4.385673845390764 -4.371976905490256 -4.375941809145667 -4.393964098488441 -4.419735972248607 -4.420276640928891
-0.9046686588339916 -1.3319771391511601 -1.6771039800652796 -1.7738836738359753 -1.5296816532413895 -1.363155699714159 -1.2449294816255623 -1.1223779140947 -0.9998263465638377 -0.8738505440578483 -0.8626767246653284 -0.700115674793508 -0.4335660154138825 -0.015989571341811892 -0.3070495442276102 -0.5813487880246284 -0.8226672423243704 -0.8563689233953575 -0.6401014512820713 -0.6346947644792391 -0.686418734893 -0.747874741551859 -0.9720720209759659 -1.365138151541864 -2.2801297814744936 -3.760660850983367 -4.809918536519661 -5.064753707826484 -5.00131524933992 -4.980769839489158 -4.861642506933423 -4.7538692166636345 -4.678175601423985 -4.607348004306884 -4.575989220850457 -4.533636840894938 -4.490563569365708 -4.4579432256552876 -4.450013418344467 -4.460826791950131 -4.4599256774829925 -4.445688068902202
-0.8689845259352993 -1.1540971433379819 -1.3934331458100189 -1.5228331832911353 -1.3880264590071867 -1.288543421835075 -1.16779408323849 -0.9475617074697935 -0.5321479381188556 -0.27965566442659373 -0.30993311052245387 -0.4110381537354151 -0.5101607451206718 -0.574680540967802 -0.42275264180821814 -0.30074174295763934 -0.3182233636201297 -0.41878773815280823 -0.4652852446571645 -0.6381189994543659 -0.8509622365925256 -1.0902982390645624 -1.4530869235346004 -2.067286544336334 -3.6200869941097307 -4.806494301544534 -5.315804198371325 -5.2278554263785875 -5.185503046423069 -5.056103008941953 -4.951573730753864 -4.846143338098637 -4.745578963565959 -4.690791203963927 -4.6493399384755465 -4.609690901921444 -4.566257184605359 -4.52714881673154 -4.517957449166725 -4.513632099724459 -4.513091431044176 -4.4896624548985695
-0.9275569662993144 -1.0052330333666697 -1.2074431197925926 -1.405147633882822 -1.3505400971742172 -1.1834734749667033 -0.8715076464432876 -0.5110618595878105 -0.2073862841620704 -0.26884229082092936 -0.3881498462700925 -0.6224396077261529 -0.8015811637933252 -0.9261151831518926 -0.37048800271417415 -0.17278348862394477 -0.18882332613901331 -0.3602152977887929 -0.5853136916800388 -0.42022952130023006 -0.7084059278911843 -1.667912612500465 -2.793765027743549 -3.871497930441426 -4.716202631937238 -5.392038482291257 -5.4443031213853015 -5.30895572842107 -5.26353955927728 -5.13522085915673 -5.0341158159437684 -4.905076224249507 -4.778199307276379 -4.776757524128958 -4.735666704427433 -4.709354161986983 -4.674751366448858 -4.632218763599911 -4.617080040551981 -4.570762756941052 -4.549676678410007 -4.524265250436695
-0.9935185452938669 -1.0549745519527256 -1.1054369621124924 -1.1903219449169575 -1.254841740764088 -1.320262651078357 -0.9783798222459368 -0.6610073069196889 -0.5887379266551656 -0.6541588369694349 -0.7767104045002973 -0.9300800868073027 -0.9129589119316677 -0.700115674793508 -0.2938932730073853 -0.14737206065063368 -0.27965566442659373 -0.38616739444238757 -0.5198927813657694 -0.6521763851417295 -1.1829328062864202 -2.3635729811315365 -3.8001296646440417 -4.814424108855355 -5.3534707830977215 -5.550093959827384 -5.5652326828753145 -5.414386121076298 -5.286968535422886 -5.129814172353898 -5.009245056650741 -4.923639182272565 -4.854794036983169 -4.837853085000961 -4.81244165702765 -4.800727168954847 -4.792797361644026 -4.717644415084659 -4.6947561076193365 -4.650241052942685 -4.595633516234081 -4.531654389067233
-1.169235866385912 -1.134633070847786 -0.9408934604129671 -0.9881118584910347 -1.131208835872659 -1.2005946498423385 -0.8138363205464114 -0.6283869632092682 -0.5799070048772066 -0.5242181308080354 -0.5878368121880269 -0.8352828448643121 -0.9071917793419799 -0.5595418179198721 -0.2493782183307336 -0.1497149582651942 -0.21279297096490257 -0.34309412291315766 -0.2659587245260857 -0.7923897962285102 -1.9047254944645138 -3.486181384292921 -4.881647248103901 -5.2806607341529155 -5.637141617352983 -5.66687839476856 -5.526304537894923 -5.3969045004138065 -5.2709286979078165 -5.145854009868966 -5.0023965867004865 -4.919854501510582 -4.880746133636762 -4.889577055414723 -4.881647248103901 -4.898768422979536 -4.862183175613706 -4.803070066569408 -4.730800686304884 -4.6790767158911235 -4.58770370892326 -4.513992545511314
-1.2342963309133257 -1.034068696315108 -0.930620755487586 -1.1043556247519262 -1.2488943852809724 -1.0360511481428132 -0.6390201139215046 -0.4564543228792055 -0.36273841829678144 -0.30939244184217074 -0.4099568163748488 -0.6473103670191809 -0.6464092525520422 -0.2850623512294259 -0.035453643832007664 -0.06338819231330728 -0.13115200024213713 -0.4310428949058944 -0.4955626907530246 -1.2889038676219304 -3.245403598673462 -4.8109998738802275 -5.310938180248775 -5.607765285724261 -5.762576751178688 -5.613171972527093 -5.49548642311878 -5.377260205030183 -5.251284402524194 -5.117018346920528 -4.969596020096638 -4.909581796585201 -4.876781229981352 -4.8861528204395945 -4.927604085927975 -4.945265929483893 -4.873897663686509 -4.8133427714947885 -4.7401722767631265 -4.6313176491327726 -4.538502859017487 -4.445688068902202
-1.120936130947278 -0.9378296712246956 -1.0720957268283609 -1.2465514876664119 -1.202937547456899 -0.9354867736101349 -0.6435256862571981 -0.4505069673960902 -0.3612966351493596 -0.43500779856130434 -0.5355721730939829 -0.49898692572815184 -0.34309412291315766 -0.03311074621744714 -0.07023666226356129 -0.09799098785143334 0.019694561556879986 -0.2645169413786639 -1.1166107815050124 -2.6043507667509953 -4.496510924848824 -5.258673541154731 -5.7600536306707 -5.774291239251491 -5.796819100929959 -5.592085893996048 -5.458901175752949 -5.340674957664352 -5.213798040691223 -5.071241731989883 -4.935353670345368 -4.869572314244243 -4.837853085000961 -4.8661480792691165 -4.908140013437779 -4.9135467002406115 -4.846503783885492 -4.747020746713381 -4.643933251672714 -4.534537955362077 -4.428026225346283 -4.3236771700516226
-1.0789441967786149 -1.058939455608136 -1.1951879630395064 -1.2123091379151416 -1.157521378313109 -0.9403527917326839 -0.7307535666762237 -0.5633264986818545 -0.4755579495825457 -0.5604429323870108 -0.6067602159979395 -0.4852899858276438 -0.2704642968617792 -0.1351169038975475 -0.23964618208563593 -0.037436095659713065 0.10908511669703858 -0.5970281797528418 -2.0892737373345183 -4.023245606707582 -5.145854009868966 -5.863141125711366 -5.931085156533624 -5.939916078311583 -5.786546396004578 -5.604881719429417 -5.447727356360429 -5.279218951005493 -5.153243148499504 -5.009605502437596 -4.882728585464468 -4.789373126668899 -4.7581945661059 -4.78847201220176 -4.818208789617337 -4.8153252233224935 -4.753328547983352 -4.609690901921444 -4.502818726118795 -4.40513791788096 -4.305474657815421 -4.158052330991531
-1.320262651078357 -1.330535356003738 -1.3759515251475283 -1.355406115296766 -1.1980715293343502 -0.9866700753436126 -0.7561649946495348 -0.597568848433125 -0.4573554373463442 -0.42365375627535684 -0.4559136541989224 -0.3724704545418791 -0.3041659779327661 -0.28650413437684774 -0.23423949528280374 -0.025361161800054433 -0.642985017576915 -1.6771039800652796 -3.6635207114258157 -5.2055077875935485 -5.946223879581554 -6.077065700210092 -6.10193645950312 -5.985692693242228 -5.744554461835914 -5.611730189379671 -5.37834154239075 -5.208391353888391 -5.056463454728808 -4.87299654921937 -4.745038294885676 -4.683942734013672 -4.65222350477039 -4.65222350477039 -4.6790767158911235 -4.654746625278379 -4.562472503843376 -4.457402556975005 -4.319712266396213 -4.215723656888407 -4.118943963117712 -3.996392395586849
