static/ASC_sea/1979/01/ERA5V/00.asc
ncols         201
nrows         201
xllcorner     105.0
yllcorner     0.0
cellsize      0.25
NODATA_value  -32767
[rows 57 to 75 of 201, columns 126 to 167 of 201]
-0.9929778766135835 -1.276288265081989 -1.0746188473363492 -0.7967151456707762 -0.5853136916800388 -0.23532083264337 0.5953264831650777 0.09196394182140333 -0.28073700178716 -0.2938932730073853 0.012846091606625976 -0.42275264180821814 -1.125802149069827 -1.6707961787953087 -1.6179908710209814 -1.4042465194156832 -1.6042939311204731 -2.043857568190728 -2.6474240382802248 -2.7771845215481967 -2.9325366556829073 -3.0608553558034575 -3.222515291208139 -3.3353348224939037 -3.4470730164191012 -3.5361031257724043 -3.63846972923936 -3.697582838283658 -3.772916007736453 -3.849510737443242 -3.8963686897344543 -3.902676491004425 -3.9334946057805684 -3.9134898646100895 -3.8734803822691313 -3.826081761297636 -3.7601201823030834 -3.7138028986921547 -3.6655031632535207 -3.6098142891843494 -3.563316782679993 -3.5124939267333706
-1.2743058132542837 -1.3128735124478197 -1.0169475214394728 -0.7361602534790559 -0.7430087234293099 -0.3793189244921331 0.1143115806064432 -0.22252500721000068 -0.6336134271186724 -0.6552401743300011 -0.47159304592713536 -0.7107488255057448 -1.4696674297299523 -2.0595369599189413 -1.8275900960774414 -1.5208507314634303 -1.8202009574469042 -2.2821122333021986 -2.613722357209238 -2.4906301209980923 -2.5780382243105455 -2.724559436667297 -2.845128552370454 -2.946233595583416 -3.082482103014786 -3.212242586282758 -3.290819767817252 -3.3529966660498216 -3.4344574138791595 -3.509610360438527 -3.587286427505882 -3.660456922237544 -3.70064662747193 -3.7258778325518134 -3.6932574888413923 -3.648742434164741 -3.612697855479193 -3.573589487605374 -3.550160511459768 -3.501860776021134 -3.4587875044919043 -3.4222022571260737
-1.0066748165140917 -1.0066748165140917 -0.912057797464529 -1.089216901703996 -1.37739330829495 -1.5282398700939674 -1.5091362433906272 -1.1942868485723677 -0.7235446509391141 -0.4090557019077101 -0.46708747359144187 -1.3285529041760331 -1.9887093628018397 -2.16244423206618 -1.496881086637541 -1.3319771391511601 -1.7136892274311106 -2.186413876892069 -2.1346899064783083 -2.105313574849587 -2.2206562266433396 -2.367537884786947 -2.4261103251509617 -2.567224850704881 -2.7083393762588006 -2.8294491606422407 -2.918299047102116 -3.033641698895869 -3.1116782117500796 -3.1916971764319957 -3.2996506895952114 -3.3870587929076645 -3.4456312332716794 -3.4841989324652154 -3.516458830388781 -3.512133480946515 -3.482396703530938 -3.4504972513942285 -3.4236440402734956 -3.39300614839078 -3.3578626841723707 -3.3207367681262565
-1.2400634635030132 -1.8387639154699613 -2.165327798361024 -1.987267579654418 -1.9867269109741348 -1.8841800846137513 -1.53202455085595 -0.8289750435943413 -0.24541331467532324 0.012846091606625976 -0.2756907607711834 -1.2386216803555914 -1.8075853549069625 -1.9652803866562338 -1.6868360163103775 -1.5565348643621224 -1.6068170516284617 -1.699631841743747 -1.5896958767528264 -1.746489794034959 -1.8338978973474123 -1.9267126874626976 -2.0833263818514025 -2.2630086065988584 -2.401780234538217 -2.520366898413669 -2.6458020322393754 -2.724559436667297 -2.806020184496635 -2.9091076795373016 -3.051663988238643 -3.125375151650588 -3.1967434174479723 -3.253874074664566 -3.2899186533501132 -3.3021738101031994 -3.30451670771776 -3.3021738101031994 -3.2899186533501132 -3.2670303458847907 -3.221073508060717 -3.1668264171389677
-1.4813819178027554 -2.9071252277095962 -4.070283781892222 -3.149344796476477 -2.3075236612755097 -1.831374776839424 -1.2366392285278862 -0.8718680922301432 -0.6033359810228123 -0.7303931208893681 -0.9886525271713178 -1.411996103833076 -1.329994687323455 -1.2234829573076613 -1.1859965954746916 -1.1194943477998562 -1.131208835872659 -1.1825723604995646 -1.2191576078653956 -1.3573885671244712 -1.481742363589611 -1.6116830697510105 -1.8324561141999904 -1.9276138019298363 -2.0818845987039807 -2.2386785159861136 -2.359788300369554 -2.4446732831740188 -2.560376380754627 -2.6814861651380673 -2.794846365104115 -2.882614914203424 -2.9622734330984843 -3.0345428133630077 -3.0814007656542195 -3.1244740371834494 -3.138531422870813 -3.1297005010928536 -3.0936559224073057 -3.0550882232137697 -3.0057071504145694 -2.95146005949282
-1.4545287066820223 -2.5863284774082214 -4.539403973484625 -4.882728585464468 -4.130658451190515 -3.662439374065249 -3.088789904284757 -2.3752874692043395 -1.6936844862606317 -1.6185315397012645 -1.3456740790516681 -1.2508768371086776 -1.149231125215433 -0.8954772912691769 -0.8114934229318509 -0.7601298983049452 -0.8549271402479357 -0.9452188098552328 -0.99405921397415 -1.124360365922405 -1.2591670902063536 -1.4037058507354 -1.5682493524349255 -1.6942251549409149 -1.860210439787862 -2.0179054715371336 -2.0935990867767837 -2.2392191846663967 -2.3460913604690457 -2.450079969976851 -2.560376380754627 -2.6649056589427156 -2.7469070754523366 -2.814310437594311 -2.8910853901945277 -2.9222639507575265 -2.9276706375603587 -2.9027998782673308 -2.8822544684165683 -2.8548605886155523 -2.824583142519692 -2.77772519022848
-2.3635729811315365 -3.0482397532635157 -4.441362719459936 -4.919313832830299 -4.813883440175072 -4.48569755124316 -4.0046826486845255 -3.2547751891317045 -2.5985836341613076 -2.0330441945850635 -1.6790864318929848 -1.4608365079519932 -1.164369848263363 -0.9544101774200475 -0.8246496941520758 -0.7406658258147494 -0.7709432719106095 -0.8246496941520758 -0.8915123876137667 -1.0146046238249122 -1.1697765350661953 -1.2800729458439712 -1.4325415136838382 -1.5668075692875036 -1.7050385285465792 -1.7884817282036223 -1.8982374703011151 -2.0413344476827398 -2.159560665771336 -2.261566823451436 -2.383757945195443 -2.4457546205345855 -2.5223493502413743 -2.5937176160387585 -2.6677892252375592 -2.7029326894559684 -2.727443002962141 -2.7112229425536443 -2.699148008693986 -2.6722947975732527 -2.6643649902624325 -2.6474240382802248
-2.404663800833061 -3.354438449197244 -4.1526456441886985 -4.533636840894938 -4.508585858708482 -4.277179663547265 -4.060371522753696 -3.517540167749347 -2.9802957224412583 -2.5155008802911203 -2.062420526213785 -1.7088232093085616 -1.4011827302274118 -1.206361782432026 -0.9978438947361326 -0.8915123876137667 -0.836724628011734 -0.8383466340525838 -0.9075522251288355 -0.9783798222459368 -1.1131865465298854 -1.2328545477659039 -1.3656788202221473 -1.4828237009501775 -1.5623019969518102 -1.662505925697633 -1.7762265714505359 -1.8812965183189077 -1.9993425135140765 -2.1004475567270378 -2.2103835217179584 -2.2567008053288875 -2.3275284024459886 -2.3969142164156683 -2.4446732831740188 -2.4906301209980923 -2.5174833321188252 -2.534964952781316 -2.5248724707493624 -2.5263142538967847 -2.5291978201916283 -2.5228900189216574
-2.2235397929381833 -3.175657338916927 -3.6986641756442244 -3.9398024070505393 -3.9726029736543875 -3.9412441901979607 -3.7249767180846747 -3.471583329925274 -3.127357603478293 -2.6697716770652646 -2.3534804990995832 -1.9979007303666547 -1.6864755705235221 -1.4559704898294443 -1.2465514876664119 -1.084350883581447 -1.00919793702208 -0.9652235510257119 -0.965764219705995 -1.0369522626099519 -1.1194943477998562 -1.2440283671584236 -1.351981880321639 -1.4300183931758499 -1.5096769120709104 -1.6019510335059126 -1.6873766849906608 -1.7859586076956337 -1.8767909459832142 -1.978436657876459 -2.0516071526081205 -2.109278478504997 -2.1815478587695205 -2.2323707147161427 -2.273281311524239 -2.3343768723962426 -2.3587069630089874 -2.376368806564906 -2.3904261922522694 -2.401780234538217 -2.400338451390795 -2.38718218017057
-2.6594989721398834 -2.839721865567622 -3.303074924570338 -3.4813153661703717 -3.568182800802542 -3.541329589681809 -3.4524797032219334 -3.272797478474478 -3.007148933561991 -2.7683535997702373 -2.451521753124273 -2.1849720937446473 -1.9022023739565252 -1.6825106668681118 -1.507153791562922 -1.3460345248385237 -1.2254654091353665 -1.1297670527252373 -1.1171514501852955 -1.1121052091693189 -1.1917637280643794 -1.2840378494993816 -1.3436916272239632 -1.4296579473889945 -1.4891315022201481 -1.5662669006072203 -1.6316878109214896 -1.7254037155039137 -1.814253601963789 -1.8787733978109191 -1.9467174286331768 -2.016463688389712 -2.0707107793114607 -2.1204522978975167 -2.1601013344516193 -2.221016672430195 -2.23813784730583 -2.2592239258368756 -2.2761648778190833 -2.261566823451436 -2.247869883550928 -2.2375971786255473
-2.8617090585658063 -2.9374026738054564 -3.0574311208283302 -3.1396127602313793 -3.2318868816663815 -3.2050336705456486 -3.1244740371834494 -3.0359845965104295 -2.888562269686539 -2.7108624967667887 -2.5297384888719114 -2.2772462151796495 -2.0379102127076125 -1.8704831447132433 -1.69620760676862 -1.5614008824846715 -1.4465988993712018 -1.3656788202221473 -1.323146217373201 -1.3036821448830052 -1.2908863194496356 -1.3489180911333676 -1.405147633882822 -1.4442560017566413 -1.4950788577032637 -1.5302223219216726 -1.6087995034561666 -1.6771039800652796 -1.7264850528644802 -1.7836157100810732 -1.8690413615658215 -1.9164399825373166 -1.9681639529510777 -2.010155887119741 -2.053589604435826 -2.084407719211969 -2.103871791702165 -2.12495787023321 -2.130725002822898 -2.099546442259899 -2.0999068880467546 -2.072693231139166
-2.921723282077243 -2.9242464025852315 -2.9296530893880637 -2.9745285898515705 -2.9876848610717954 -2.943169806395144 -2.871441094810904 -2.814851106274594 -2.696264442399142 -2.5868691460885045 -2.44377216870688 -2.2849957995970422 -2.124417201552927 -1.9807795554910195 -1.8567862048127353 -1.7436062277401152 -1.6590816907225059 -1.5859111959908438 -1.5336465568967996 -1.4891315022201481 -1.463720074246837 -1.4648014116074035 -1.4716498815576575 -1.492015068514992 -1.5136418157263207 -1.5433785931418975 -1.5707724729429138 -1.5911376599002482 -1.6430418532074371 -1.7044978598662959 -1.756221830280057 -1.8001962162764251 -1.853361969837608 -1.889947217203439 -1.9032837113170917 -1.9339216031998072 -1.9627572661482455 -1.9701464047787827 -1.9681639529510777 -1.9515834467557256 -1.9247302356349927 -1.8730062652212316
-2.9402862401003 -2.9002767577593422 -2.851436353640425 -2.8671157453686384 -2.7797076420561853 -2.7151878462090546 -2.67571903254838 -2.644360249091953 -2.5883109292359263 -2.520366898413669 -2.416918957586147 -2.2884200345721695 -2.168391587549295 -2.0496247007804156 -1.9618561516811068 -1.8881449882691617 -1.8256076442497364 -1.7821739269336514 -1.7273861673316189 -1.669354395647887 -1.6131248528984323 -1.5487852799447297 -1.5213914001437134 -1.5179671651685864 -1.520310062783147 -1.5257167495859791 -1.5345476713639383 -1.5628426656320933 -1.5970850153833638 -1.6248393409712354 -1.6370944977243216 -1.6967482754489032 -1.7327928541344508 -1.759646065255184 -1.786499276375917 -1.8133524874966502 -1.8059633488661129 -1.791365294498466 -1.7728023364754089 -1.7405424385518438 -1.6751215282375747 -1.6142061902589988
-2.738256376567805 -2.727443002962141 -2.780608756523324 -2.769975605811087 -2.707978930471945 -2.6654463276229987 -2.6239950621346186 -2.5174833321188252 -2.474410060589596 -2.404123132152778 -2.3260866192985667 -2.229847594208154 -2.1889369974000576 -2.1141444966275458 -2.03016062829022 -1.9553681275177084 -1.8915692232442889 -1.8587686566404402 -1.7791101377453797 -1.7068407574808566 -1.6396176182323101 -1.5842891899499942 -1.5633833343123766 -1.5413961413141923 -1.5325652195362331 -1.5345476713639383 -1.5482446112644466 -1.5511281775592902 -1.5511281775592902 -1.5642844487795153 -1.5911376599002482 -1.6073577203087448 -1.6224964433566749 -1.6336702627491946 -1.664488377525338 -1.6365538290440385 -1.6028521479730513 -1.5745571537048964 -1.527158532733401 -1.4682256465825305 -1.4188445737833302 -1.368562386516991
-2.6140828029960934 -2.6488658214276466 -2.6712134602126865 -2.6180477066515033 -2.6029089836035735 -2.5589345976072053 -2.512076645315993 -2.446655735001724 -2.404663800833061 -2.3304119687408322 -2.2552590221814652 -2.202453714407138 -2.142439490895701 -2.067827213016617 -1.9959182785389493 -1.9241895669547096 -1.8519201866901862 -1.7976730957684368 -1.7327928541344508 -1.6873766849906608 -1.637635166404605 -1.5891552080725433 -1.5716735874100525 -1.5487852799447297 -1.5276992014136843 -1.5228331832911353 -1.5194089483160083 -1.5219320688239966 -1.5213914001437134 -1.5136418157263207 -1.5082351289234885 -1.5082351289234885 -1.507153791562922 -1.5136418157263207 -1.4862479359253045 -1.455429821149161 -1.4291172787087112 -1.3822593264174992 -1.3254891149877615 -1.2903456507693525 -1.2723233614265785 -1.2377205658884527
-2.4711660485078966 -2.5032457235380337 -2.486665217342682 -2.488647669170387 -2.486124548662399 -2.472968277442174 -2.4286334456589502 -2.3855601741297203 -2.2909431550801576 -2.2275046965935936 -2.174699388819266 -2.118109400282956 -2.0413344476827398 -1.9696057360984995 -1.8944527895391325 -1.817677836938916 -1.749914029010086 -1.6971087212357587 -1.6619652570173495 -1.6176304252341258 -1.597625684063647 -1.5619415511649546 -1.5468028281170245 -1.5262574182662625 -1.5057120084155002 -1.4905732853675702 -1.4745334478525014 -1.467144309221964 -1.4310997305364164 -1.4114554351527928 -1.398299163932568 -1.3963167121048627 -1.391450693982314 -1.3719866214921181 -1.3445927416911019 -1.3274715668154666 -1.3016996930553 -1.2606088733537755 -1.2488943852809724 -1.2308720959381987 -1.1991528666949167 -1.1659918543042127
-2.3729445715897786 -2.393489981440541 -2.38321727651516 -2.392949312760258 -2.38718218017057 -2.373485240270062 -2.3572651798615656 -2.3104072275703533 -2.224080461618467 -2.1703740393770006 -2.11702806292239 -1.9993425135140765 -1.9144575307096114 -1.8378628010028226 -1.7699187701805652 -1.6936844862606317 -1.6507914376248298 -1.6053752684810396 -1.5731153705574745 -1.5653657861400816 -1.5477039425841632 -1.5302223219216726 -1.5111186952183324 -1.4911139540478533 -1.4691267610496692 -1.4530869235346004 -1.427134826881006 -1.3997409470799898 -1.363155699714159 -1.336843157273709 -1.3294540186431718 -1.3188208679309352 -1.3011590243750168 -1.2816949518848209 -1.2660155601566077 -1.2508768371086776 -1.2297907585776322 -1.2245642946682278 -1.2137509210625634 -1.1897812762366742 -1.1620269506488026 -1.1303077214055204
-2.2777868838599327 -2.298152070817267 -2.3138314625454806 -2.3123896793980587 -2.3026576431529606 -2.2904024863998744 -2.274362648884806 -2.205877949382265 -2.1581188826239144 -2.103331123021882 -2.009074549759174 -1.8841800846137513 -1.796231312621015 -1.709904546669128 -1.6419605158468706 -1.6073577203087448 -1.5682493524349255 -1.5291409845611061 -1.5116593638986155 -1.5033691108009395 -1.495439303490119 -1.4799401346553336 -1.4588540561242882 -1.4442560017566413 -1.4222688087584572 -1.3977584952522848 -1.363155699714159 -1.3357618199131425 -1.3220648800126344 -1.2957523375721847 -1.291967656810202 -1.2791718313768325 -1.261690210714342 -1.2449294816255623 -1.2297907585776322 -1.2132102523822803 -1.206361782432026 -1.2014957643094772 -1.1805899086718596 -1.1488706794285775 -1.1303077214055204 -1.0966060403345332
-2.185873208211786 -2.1849720937446473 -2.206418618062548 -2.2098428530376752 -2.2006514854728607 -2.1855127624249304 -2.154694647648787 -2.077559249261715 -2.036107983773335 -1.9622165974679624 -1.8681402470986828 -1.7859586076956337 -1.698190058596325 -1.6131248528984323 -1.5623019969518102 -1.53202455085595 -1.476876345467062 -1.450023134346329 -1.433442628150977 -1.4159610074884863 -1.4071300857105271 -1.383701109564921 -1.3714459528118348 -1.35828968159161 -1.3474763079859455 -1.3206230968652126 -1.2908863194496356 -1.2825960663519596 -1.2694397951317347 -1.266556228836891 -1.2591670902063536 -1.2577253070589318 -1.2460108189861288 -1.2294303127907766 -1.2103266860874364 -1.2014957643094772 -1.196089077506645 -1.1751832218690275 -1.1512135770431382 -1.130668167192376 -1.1077798597270532 -1.0683110460663783
