static/ASC_sea/1979/01/ERA5V/00.asc
ncols         201
nrows         201
xllcorner     105.0
yllcorner     0.0
cellsize      0.25
NODATA_value  -32767
[rows 38 to 56 of 201, columns 0 to 41 of 201]
0.25939100981577257 -0.415363503177681 -0.8426719834948495 -1.9856455736135683 -1.517426496488303 -1.3943342602771576 0.026002362826850867 0.9121583298110423 1.7110864163762076 1.4312002628829297 0.9409939927594806 0.666694748962462 0.4976456749272433 0.3170623357126492 0.10259709253364013 0.1402636772600374 -0.008600432711274753 -0.43050222622561085 -0.6150504690956153 -0.6570424032642785 -0.7538220970349743 -0.8104120855712842 -0.8635778391324671 -0.7323755727170735 -0.34759969524885115 -0.016530240022095466 0.5796470914368643 0.5664908202166394 1.0312856623667774 0.6055991880904585 0.32769548642488555 -0.03166896307002531 -0.03401186068458584 -0.3593141833216542 -0.40328856931802237 -0.46222145546889326 -0.04824946926537743 0.07574388141290678 0.2653383652988879 -0.07113777673069999 -0.8143769892266945 -1.2337556622330426
-0.718137964136282 -1.395415597637724 -1.8059633488661129 -1.644483636354859 -1.0766012991640543 -0.23081526030767652 0.99524108368123 1.7485727782091778 1.771641308567928 1.2515180381354738 0.7281507556213209 0.3073302994675511 0.06889541146265277 -0.03257007753716401 0.079168116388034 0.22514866006450251 0.14260657487459794 0.04060041719449803 -0.06969599358327816 -0.05023192109308239 -0.1873815429915915 -0.25424423645328265 -0.077986246680954 0.38825037861660583 0.77446803923225 1.136355609235149 1.3628957862738171 1.3180202858103098 1.0806667351659778 0.33742752266998366 0.17144223782303625 -0.12538486765244938 -0.5696342999518254 -1.1020127271373654 -0.7035399097686352 -0.4530300879040783 0.13738011096519376 -0.14340715699522333 0.11683470111443128 0.21487595513912128 0.1622508702582217 -0.14394782567550646
-1.6199733228486866 -1.5248156351188404 -1.4862479359253045 -0.5213345645131913 0.2550656603735071 0.8858457873705925 1.329734773883113 1.3619946718066784 1.2848592734196056 0.8067279371558151 0.3599553843484511 -0.011123553219263282 -0.25965092325611483 -0.22108322406257885 -0.19765424791697273 -0.14142470516751837 -0.2693829595012125 -0.31624091179242475 -0.34417546027372437 -0.35138437601083394 -0.42365375627535684 -0.39734121383490706 -0.3011021887444949 0.1334152073097834 0.6344348510388969 1.2100667726470946 1.5782621439199649 1.6817100847474866 1.3931732323696768 0.8721488474700845 0.17486647279816303 -0.26019159193639796 -0.5961270652857031 0.07087786329035817 0.6241621461135156 1.207543652139106 0.4333061019735407 -0.020855589464360946 -0.15476119928117082 0.36446095668414413 0.14458902670230334 -0.22252500721000068
-1.2860203013270868 -0.7821170913031295 -0.16052833187085858 0.6787696828221206 1.084090970141105 1.1983522845742915 0.9400928782923419 0.4419568008580721 0.10025419491907961 -0.10826369277681414 -0.20161915157238308 -0.27424897762376155 -0.326513616717806 -0.39589943068748523 -0.6267649571684184 -0.9432363580275276 -1.319721982398074 -1.2679980119843128 -1.1814910231389983 -1.134092402167503 -1.1223779140947 -0.8700658632958658 -0.5526933479696181 -0.2102698504569145 0.2950751427144649 0.9624405170773813 1.5840292765096522 1.968444708191019 1.5514089327992315 0.7750087079125332 -0.35534927966624386 -0.4984462570478687 0.19973723209119099 1.2857603878867443 1.6525139760121932 0.9170243479335913 0.12224138791726347 -0.4301417804387557 -0.5281830344634453 -0.7610310127720838 -0.9529683942726255 -1.1220174683078445
-0.6361365476266609 -0.13277400628298652 0.6402019836285846 1.5557342822414975 1.6480084036764997 1.2789119179364907 0.3091325284018285 -0.5741398722875188 -1.0794848654588982 -1.2245642946682278 -0.9080928938091186 -0.7132719460137329 -0.6121669028007717 -0.803022946940747 -1.1077798597270532 -1.3894682421546087 -1.6053752684810396 -1.2483537166006893 -1.045783184387911 -0.9778391535656534 -1.085792666728869 -0.8275332604469194 -0.47844151587738937 -0.08195115033636435 0.4596186444139905 0.8755730824452113 1.1203157717200805 1.2169152425973482 0.5733392901668934 -0.08879962028661836 -0.5116025282680936 -0.20882806730949266 0.48358828923987973 1.193486266451742 0.288767341444494 -0.5438624261916587 -1.1303077214055204 -1.2177158247179738 -1.6179908710209814 -1.5891552080725433 -1.1072391910467698 -0.34165233976573584
-0.0668124272884345 0.5479278621935824 1.6294454456534422 2.067927745363131 1.5840292765096522 0.3105743115492503 -0.7567056633298179 -1.2434876984781404 -1.430559061856133 -1.5042702252680782 -1.207983788472876 -0.9226909481767656 -0.7932909106956489 -1.0638054737306848 -1.289985204982497 -1.4833643696304606 -1.4628189597796983 -1.2069024511123094 -1.058939455608136 -0.9915360934661617 -0.7986975974984811 -0.5218752331934744 -0.19567179608926732 0.1236831710646853 0.7755493765928163 1.3609133344461113 1.740282525111502 1.7145106513513348 1.2446695681852202 0.6758861165272769 0.23794448549787184 0.06366894755324859 0.40933645714765143 0.49277965680469427 -0.04824946926537743 -0.7206610846442705 -1.1331912877003643 -1.338284940421131 -1.473452110491935 -1.15265536019056 -0.5590011492395885 -0.10285700597398195
-0.3524657133714002 0.23596203367016644 1.2026776340165575 1.1320302597928835 0.1411647917271761 -1.1106634260218968 -0.7986975974984811 -0.24361108574104584 -0.35282615915825577 -0.6336134271186724 -1.0072154851943749 -0.8661009596404554 -1.0731770641889273 -1.3182801992506519 -1.435425079978682 -1.432000845003555 -1.4125367725133593 -1.2820553976716764 -1.2488943852809724 -1.1825723604995646 -0.7640948019603555 -0.5799070048772066 -0.294794387474524 -0.03509319804515254 0.9678472038802135 1.5083356612700016 1.7393814106443632 1.62169586123605 1.146087645480247 0.4830476205595966 -0.16485368131312406 -0.7323755727170735 -0.9398121230524006 -0.8641185078127505 -0.5730585349269526 -0.394818093326919 -0.6624490900671107 -0.9437770267078109 -0.9080928938091186 -0.6438861320440536 -0.40563146693258334 -0.22685035665226616
-0.9432363580275276 -0.35282615915825577 -0.3376874361103255 -0.42365375627535684 -1.1003907210965158 -0.4296011117584726 0.3516651312507748 0.703279996328293 0.2871453354036446 -0.20450271786722674 -0.6273056258487015 -0.9520672798054868 -1.1751832218690275 -1.463179405566554 -1.5487852799447297 -1.5457214907564583 -1.5262574182662625 -1.401723398907695 -1.351981880321639 -1.1659918543042127 -0.8197836760295267 -0.7338173558644954 -0.6166724751364652 -0.23676261579079183 0.7027393276480098 0.8135764071060692 0.8824215523954653 0.07682521877347348 -0.12628598211958808 -0.759589229624662 -0.5696342999518254 -0.8924135020809054 -1.1288659382580986 -1.3811779890569327 -1.196089077506645 -0.8817803513686688 -0.43843203353643156 -0.5355721730939829 -0.5892785953354487 -0.6453279151914755 -0.4764590640496844 -0.2659587245260857
-1.1000302753096602 -1.3591907960587486 -1.423710591905879 -1.383701109564921 -0.429060443078189 0.24425228676784272 1.4137186422204393 1.015786493531992 0.5978496036730658 -0.20252026603952178 -0.5570186974118836 -0.8826814658358075 -1.102373172924221 -1.3489180911333676 -1.4765158996802066 -1.7118869984968332 -1.738199540937283 -1.597625684063647 -1.3539643321493442 -1.159503830140814 -0.930620755487586 -0.8197836760295267 -0.7020981266212134 -0.0028333001215870013 0.49223898812441114 0.6030760675824705 -0.15277874745346587 -1.0549745519527256 -1.2288896441104935 -0.7952733625233543 -0.349041478396273 -0.296776839302229 -0.22540857350484433 -0.4872724376553488 -0.8021218324736084 -0.8246496941520758 -0.3793189244921331 -0.3670637677390469 -0.4773601785168231 -0.534130389946561 -0.4955626907530246 -0.3479601410357067
-1.134633070847786 -1.4911139540478533 -1.7436062277401152 -1.6361933832571829 -0.5813487880246284 0.685257706985519 1.710545747695925 1.2886439541815888 0.5958671518453609 -0.0990723252119996 -0.43681002749558173 -0.7669783682551992 -0.99405921397415 -1.1112040947021802 -1.3391860548882697 -1.4808412491224723 -1.5565348643621224 -1.4183039051030468 -1.2962930062524678 -1.0902982390645624 -0.954049731633192 -0.7909480130810884 -0.5384557393888265 0.14314724355488107 0.3779776736912246 0.507377711172341 -0.05401660185506474 -0.6552401743300011 -0.6501939333140245 -0.7201204159639873 -0.16827791628825128 0.4199696078598878 0.3999648666894089 0.15630351477510596 -0.3919345270320749 -0.22450745903770564 -0.10826369277681414 -0.2537035677729995 -0.3865278402292427 -0.48384820268022155 -0.39589943068748523 -0.34219300844601896
-1.3308958017905936 -1.8396650299371 -1.9935753809243888 -1.4094729833250876 -0.4598785578543323 0.7721251416176891 1.0581388734875108 1.013804041704287 0.5630665852415122 0.15540240030796726 -0.3045264237196217 -0.5076376246126832 -0.7406658258147494 -0.7532814283546911 -0.752740759674408 -0.8172605555215382 -0.8612349415179066 -0.9124182432513843 -0.8181616699886769 -0.8329399472497516 -0.8518633510596643 -0.6869594035732831 -0.5462053238062192 -0.2859634656965646 -0.20053781421181638 0.2505600880378136 0.3091325284018285 -0.004275083269008828 -0.2756907607711834 -0.716155512308577 -0.41157882241569865 -0.2782138812791719 -0.16395256684598536 -0.2293734771602547 -0.09654920470401107 -0.017972023169517293 0.14855393035771325 -0.19026510928643559 -0.3578724001742324 -0.45933788917404916 -0.34507657474086306 -0.3182233636201297
-1.4867886046055876 -2.0516071526081205 -2.0452993513381497 -1.3597314647390317 -0.16142944633799727 0.4664671143642445 0.6675958634296006 0.5225164342202713 0.30048182951729707 0.04600710399733021 -0.04338345114282838 -0.15277874745346587 -0.2756907607711834 -0.3050670923999048 -0.24739576650302864 -0.3270542853980891 -0.43500779856130434 -0.7489560789124252 -0.8578107065427796 -0.9432363580275276 -0.8803385682212468 -0.81870233866896 -0.7709432719106095 -0.6033359810228123 -0.5359326188808384 -0.15800521136287005 -0.4081545874405714 -0.6687568913370816 -1.1868977099418303 -0.9740544728036711 -0.5238576850211798 -0.16485368131312406 0.03140904962968305 0.03176949541653862 0.02347924231886278 0.0685349656757972 -0.15476119928117082 -0.2956955019416627 -0.42563620810306224 -0.41500305739082544 -0.3270542853980891 -0.30939244184217074
-0.04915058373251613 -0.3479601410357067 -0.5135849800957986 -0.39932366566261246 0.29885982347644724 0.5479278621935824 0.4556537407585801 0.22514866006450251 0.08709792369885427 0.058622706537271974 0.028885929121694964 -0.05023192109308239 -0.24541331467532324 -0.26109270640353666 -0.37733647266442816 -0.5990106315805468 -0.8904310502532002 -0.9861294066633295 -0.9700895691482607 -0.9061104419814134 -0.8372652966920171 -0.9095346769565404 -0.6586644093051284 -0.32164759859525693 -0.052214372920787344 -0.8915123876137667 -1.4848061527778824 -1.472010327344513 -0.9309812012744414 -0.05509793921563144 0.3662631856184215 0.5904604650425287 0.3028247271318576 0.16801800284790902 0.026903477293989564 -0.17963195857419878 -0.6947089879906758 -0.5707156373123916 -0.40509079825229977 -0.29335260432710175 -0.29966040559707263 -0.3090319960553152
0.12945030365437304 -0.2919108211796799 -0.5887379266551656 -0.6721811263122088 -0.37138911718131284 0.022578127851724084 0.01663077236860877 -0.2773127668120332 -0.8015811637933252 -0.81870233866896 -0.8206847904966654 -0.8670020741075941 -1.0297433468728423 -1.091199353531701 -1.1654511856239296 -1.2386216803555914 -1.2151927042099855 -1.0549745519527256 -1.0046923646863866 -1.0066748165140917 -1.0380335999705181 -0.8655602909601723 -0.43681002749558173 -0.07402134302554408 -0.107723024096531 -1.1038149560716428 -1.2103266860874364 -0.4564543228792055 0.933785077022371 1.0132633730240035 0.48250695187931303 -0.1848584224836034 -0.8972795202034543 -0.7795939707951409 -0.7118301628663111 -0.686418734893 -0.8181616699886769 -0.5599022637067272 -0.36508131591134196 -0.2645169413786639 -0.28560301990970904 -0.28109744757401556
-0.7073245905306176 -0.9037675443668529 -1.017488190119756 -1.0766012991640543 -1.2000539811620554 -0.7806753081557072 -0.679570264942746 -0.8617756101981897 -1.4329019594706938 -1.413437886980498 -1.2957523375721847 -1.2523186202560996 -1.2420459153307184 -1.2928687712773408 -1.2971941207196065 -1.2074431197925926 -1.100931389776799 -1.120936130947278 -1.160945613288236 -1.1605851675013805 -1.027220226364854 -0.586395029040605 -0.369947334033891 -0.47447661222197945 -0.7518396452072693 -1.074078178656066 -0.5550362455841786 0.2994004921567308 0.9152221189993139 -0.011123553219263282 -0.6218989390458698 -1.027220226364854 -0.9911756476793061 -1.0149650696117676 -0.9866700753436126 -0.9246734000044705 -0.6629897587473939 -0.45014652160923463 -0.33192030352063817 -0.3070495442276102 -0.25965092325611483 -0.2645169413786639
-0.46906992541914727 -0.13277400628298652 -0.21333363964518615 -0.39734121383490706 -0.8041042843013133 -0.8212254591769486 -1.0248773287502932 -1.2679980119843128 -1.4691267610496692 -1.3977584952522848 -1.3285529041760331 -1.2380810116753083 -1.0663285942386733 -0.927196520512459 -0.8641185078127505 -0.8046449529815964 -0.8900706044663447 -0.7884248925731003 -0.7558045488626792 -0.6390201139215046 -0.6346947644792391 -0.5526933479696181 -0.6532577225022962 -0.7909480130810884 -1.0077561538746582 -0.9774787077787981 -0.7049816929160571 -0.6487521501666027 -0.3865278402292427 -0.6561412887971398 -0.49700447390044644 -0.6195560414313088 -0.7630134645997888 -1.1000302753096602 -0.9744149185905264 -0.6786691504756073 -0.5121431969483767 -0.4213108586607963 -0.37643535819728946 -0.33534453849576495 -0.24793643518331177 -0.1893639948192969
-0.41338105134997605 -0.3944576475400634 -0.41932840683309136 -0.5853136916800388 -0.7357998076922003 -1.116070112824729 -1.3372036030605645 -1.4588540561242882 -1.4588540561242882 -1.323686886053484 -1.3289133499628885 -1.2562835239115098 -1.0800255341391813 -0.8226672423243704 -0.7626530188129337 -0.791308458867944 -0.8329399472497516 -0.6098240051862112 -0.4418562685115588 -0.3456172434211462 -0.6253231740209966 -0.7058828073831958 -0.7303931208893681 -0.48673176897506565 -0.6087426678256445 -0.9246734000044705 -1.2445690358387067 -1.2200587223325343 -0.8670020741075941 -0.28217878493458226 -0.11312971089936319 -0.043743896929683945 -0.2625344895509585 -0.32164759859525693 -0.23225704345509834 0.004015169828667009 -0.560983601067294 -0.6561412887971398 -0.5741398722875188 -0.35048326154369525 -0.2556860196007045 -0.22108322406257885
-0.48384820268022155 -0.8715076464432876 -0.8989015262443039 -0.752740759674408 -0.6384794452412215 -1.0286620095122758 -1.6160084191932762 -1.744507342207254 -1.5340070026836552 -1.2600682046734923 -1.2625913251814807 -1.1874383786221137 -1.0672297087058118 -0.798156928818198 -0.6858780662127169 -0.7132719460137329 -0.8504215679122422 -0.597568848433125 -0.4267175454636285 -0.2782138812791719 -0.5007891546624292 -0.586395029040605 -0.7884248925731003 -0.5541351311170399 -0.6444268007243368 -0.9544101774200475 -1.2631319938617638 -0.7426482776424543 -0.3744529063695845 -0.13079155445528157 -0.2064851696949317 -0.13709935572525245 0.03339150145738845 0.1305316410149393 0.21145172016399405 -0.1893639948192969 -0.7112894941860279 -0.729852452209085 -0.5930632760974315 -0.37138911718131284 -0.23874506761849723 -0.22540857350484433
-0.33282141798777687 -0.7264282172339582 -0.9309812012744414 -0.7850006575979731 -0.3524657133714002 -0.6869594035732831 -1.276288265081989 -1.7151310105785325 -1.527158532733401 -1.2440283671584236 -1.087234449876291 -1.012081503316924 -0.9124182432513843 -0.6570424032642785 -0.5438624261916587 -0.6215384932590142 -0.8358235135445953 -0.6732624636727751 -0.5784652217297848 -0.4296011117584726 -0.3656219845916251 -0.5941446134579977 -0.7972558143510593 -1.085792666728869 -1.1463475589205891 -1.1220174683078445 -0.504213389637556 0.01771210972917503 0.035734399071948975 -0.7640948019603555 -0.8392477485197225 -0.6869594035732831 -0.3304785203732159 -0.3753540208367232 -0.45699499155948864 -0.8592524896902014 -0.6961507711380981 -0.5624253842147158 -0.4250955394227791 -0.3367863216431868 -0.1742252717713666 -0.1751263862385053
