static/ASC_sea/1979/06/ERA5U/00.asc
ncols         201
nrows         201
xllcorner     105.0
yllcorner     0.0
cellsize      0.25
NODATA_value  -32767
[rows 152 to 170 of 201, columns 0 to 41 of 201]
0.5080497205960488 0.6042319696633125 0.5500624130324929 0.4767636730369944 0.4646068088426192 0.4274211066010005 0.25025268870944206 0.03142913321068552 0.10866097632789362 0.44315351908783907 0.9176287774977241 1.113568823924715 0.6466022169290031 0.9626806859827624 1.3801259491278572 0.7799701682378859 0.12957793383880434 0.1115214149618644 0.9303219739359689 1.8068676378333568 2.3898607869195043 2.632998070807011 2.7946128536263544 2.807306050064599 2.8713083644996926 2.8484248554279272 2.8453856393793338 2.8210719109905833 2.7629692512380535 2.6832345243161213 2.5816889528101625 2.486043035986768 2.404520534918604 2.30833828585134 2.2037534982967872 2.075927646841223 1.940056811727616 1.8229576051494418 1.702282850278804 1.6212966814545093 1.5186784454608118 1.4283958510761123
0.9313946384237082 0.795166248480855 0.7551201076052654 0.589572221664213 0.566152380348578 0.554353070983449 0.42402433572316034 0.24238648246602268 0.21986052822350355 0.49589285640167335 0.6228248207841218 0.9968271721757871 1.17310170299423 1.213147843869819 1.3429402468862386 0.704347321852286 0.2643761044646722 1.0944396405600365 2.092911501230424 2.8394859846967693 3.2481711545253287 3.238517174135678 3.2698032216947324 3.236550622574823 3.1784479628222932 3.142334925068414 3.0636728626342205 3.0211238379539065 2.9040246313757327 2.8117754854301786 2.6950338336812503 2.592951929931422 2.5060661064245626 2.404520534918604 2.299578192534805 2.183372873029746 2.0539380248425734 1.907876877095446 1.782375132029983 1.686192882962719 1.5817868728227893 1.4850682915116562
1.013811026564988 0.8956391554990746 0.8761524173051494 0.7604834300439605 0.7077440927301262 0.6886149093654474 0.5613253901537525 0.44601395772180985 0.42313044865004446 0.32104854490021606 0.3741454370432966 1.0011178301267432 1.3770867330792633 1.1398491038743206 1.1716714836772444 0.8112562157969401 1.5276173161919697 2.3752010389204044 3.2619370154513128 3.83080674878223 3.864953234975255 3.727294625715416 3.657392656597758 3.5318909115322947 3.458770948951419 3.3375598618369127 3.2565736930126175 3.1364352703858493 3.0173695122468205 2.9113545053752823 2.7813833249442395 2.6741168761703396 2.5582691114945275 2.4674501848659585 2.371804268042564 2.255598948537506 2.1193705585946527 1.9724155237744094 1.8483439980259315 1.7394685525204228 1.6359564294536093 1.525650764631115
0.9220982128633035 0.9757314372502535 1.0188167941744366 0.9616080214950231 0.8806218526707288 0.8321731733078503 0.7077440927301262 0.5924326602981835 0.6555410876601615 0.5582861741051586 0.41615812947974096 0.9469482734959236 1.317553854009749 1.2732170551832032 1.6221905685276252 2.399693544723778 3.10318267126594 3.4782576871453443 4.335674167678054 4.308857555484578 4.2457491281226005 4.031395007989423 3.8839036409253103 3.7487479154701964 3.624140057477849 3.50167752846098 3.355258825884606 3.234584071013968 3.0944225779494055 2.982150361566056 2.846815858696319 2.73454364231297 2.609041897247507 2.5241226253015028 2.4274040439903692 2.3015447440956596 2.1656739089820527 2.0221156450396496 1.8966138999741866 1.7721848193964624 1.681902225011763 1.5710602279453996
0.9855641950545277 1.0685169154396772 1.217080946991529 1.161302393629101 1.0919367567553122 0.9968271721757871 0.8829459590608297 0.7737129587260747 0.8366426086734298 0.9108352357420437 0.781400387554871 1.1110659401199907 1.5451375028250403 2.0237246417712584 2.995379890248171 3.911256585362655 4.222865619050835 4.598298189759485 4.62279069556286 4.519278572496046 4.390380056552742 4.17799248798042 4.0220985824290185 3.87424966053566 3.743920925275371 3.5914237906018096 3.444468755781566 3.297513720961323 3.1516313506288185 3.027559824880341 2.893297986498342 2.7790592185541385 2.6524848090009363 2.5655989854940775 2.4415274597455996 2.3151318276070203 2.1940995179071363 2.0534016925987038 1.9293301668502263 1.8038284217847629 1.722305920716599 1.6198664621375243
1.4114119966869114 1.3025365511814027 1.4176692061987222 1.3361467051305582 1.302000218937533 1.2038514183094144 1.1158929303148164 0.9937879561271932 1.0163139103697123 1.0690532476835468 1.3536668917636283 1.697992192327848 2.428476708478108 3.264439899256037 4.104693747984921 4.357663789676703 4.5743420161999815 4.6315507888793945 4.607058283076021 4.552888726445201 4.4079002431858125 4.2428886894886295 4.091106664473561 3.9309221009712036 3.8122138976614206 3.658822875914743 3.488984332022735 3.339526413397767 3.1843476175048577 3.061169978829496 2.925477921130512 2.8058758307476133 2.6837708565599905 2.556302559933673 2.4341975857460496 2.3106623922414413 2.1910603018585424 2.070564324402528 1.9572194435314403 1.8483439980259315 1.761994506762942 1.661342822330099
1.734641562325597 1.6148606945280752 1.6232632330153645 1.4968676008767852 1.4108756644430418 1.2966368964988382 1.2385342367463088 1.360639210933932 1.4117695515161577 1.6618791545739682 2.111504352351233 2.8394859846967693 3.6404088022085572 4.106123967301907 4.283828717437335 4.4225599911849125 4.520708791813031 4.58274455468727 4.554318945762186 4.480126318693572 4.381619963236207 4.244855241049485 4.084134345303258 3.963638367847243 3.84886326765917 3.682779049474248 3.5006048639732406 3.3425656294463613 3.193107710821393 3.07100273663377 2.9488977624461477 2.8419888685014936 2.713984239631306 2.570604753103526 2.432767366429064 2.3049415149734997 2.187663530980702 2.0798607499629327 1.9777788462131043 1.8737303909024212 1.7848780158347073 1.6886957667674434
2.183730427858993 1.7873808996394316 1.671533134963619 1.5637303539458496 1.4650452210738614 1.3547395562513675 1.3874558231274072 1.9035862191444899 2.624237977490476 3.1042553357536793 3.3609797031525472 3.8082807945397112 4.051060523597972 4.193546123052636 4.367317770066354 4.481735315425181 4.495858731180411 4.459209361182662 4.423453878258028 4.387877172748018 4.3204780874350845 4.186752581296956 4.068580710231042 3.954341942286838 3.8082807945397112 3.649168895525092 3.4948839867052994 3.349895503445911 3.2131307812591876 3.0817293815111606 2.970351052200927 2.8400223169406384 2.6964640529982353 2.5543360083728177 2.424007273112529 2.303868850485761 2.187663530980702 2.075927646841223 1.9806392848470749 1.9177096348997202 1.8288572598320063 1.7126519403269476
3.1369716026297185 2.013891883966984 1.5998433916997294 1.618793797649785 1.5397741803863454 1.4616484501960212 1.6534766160866794 2.360541290921305 3.1530615699458036 3.5739036039687386 3.731585283666372 3.8976695018512943 4.012444602039367 4.211066309685706 4.294555362314725 4.331204732312474 4.328880625922373 4.3161874294841285 4.309751442557694 4.291694923680755 4.240028250854659 4.143846001787395 4.021204695355903 3.892306179412599 3.7634076634692963 3.6305760444042825 3.489878219095851 3.344889735836462 3.2179577714540137 3.087629036193725 2.9573003009334364 2.8230384625514375 2.700397156119945 2.563274879103976 2.4265101569172534 2.3010084118517904 2.1856969794198475 2.080218304792179 1.998695803724015 1.9084132093393156 1.8108007409550666 1.718551595009512
2.3912910062364894 1.6125365881379743 1.547104054385895 1.5417407319472 1.475235533707382 1.7135458274000634 2.2711525836097213 3.045080011513411 3.6007202161622143 3.7185345323988814 3.8858701924861654 4.005114728039818 4.101833309350951 4.202842548613041 4.218396183685256 4.248788344171194 4.223401951294704 4.1989094454913305 4.19265223597952 4.187288913540825 4.179422707297405 4.091464219302807 3.9586326002377943 3.829376529465245 3.6940420265955067 3.564607178408334 3.4396417655867406 3.3361296425199267 3.219030435941753 3.0817293815111606 2.9469312108852925 2.8225021303075684 2.679837753438281 2.537352153983617 2.407917305796444 2.287778883169676 2.179439769908037 2.0807546370360486 1.9927961490414505 1.9001894482666497 1.811694628028182 1.7130094951561943
1.851204436659902 1.6007372787728453 1.5817868728227893 1.5812505405789201 1.7882747867125475 2.3122713889730497 3.098355681071115 3.707807887521491 3.804347691418001 3.9205530109230597 3.980264667407197 4.046054755988523 4.112023621984472 4.122750266861861 4.151533430616191 4.1402704534949315 4.126147037739702 4.128649921544426 4.130080140861411 4.116850612179297 4.088067448424967 3.997784854040268 3.892306179412599 3.761441111908441 3.6296821573311675 3.505610631582689 3.402992395588991 3.2994802725221772 3.179341849895409 3.059203427268641 2.9406740013734813 2.819105359429728 2.669111108560891 2.521619741496778 2.392721225553475 2.283845780047966 2.178903437664167 2.077894198402078 1.97527596240838 1.870333620024581 1.765391277640782 1.6633093738909537
1.8161640633937615 1.5690936763845444 1.9132401995341413 2.427940376234239 2.847888523184058 3.239411061208793 3.833130855172331 3.791654494979756 3.88050687004747 3.9430789651655784 3.981158554480313 4.051954410671088 4.095397322424517 4.0925368837905465 4.106123967301907 4.096469986912256 4.0939671031075315 4.094503435351402 4.0456972011592764 4.025137798477612 3.9884884284798634 3.9117929176065243 3.8254434263435346 3.7053050037167665 3.577300374846579 3.456804397390565 3.3536498291529977 3.252104257647038 3.1355413833127335 3.0300627086850653 2.9084940667413113 2.7833498765050946 2.6374675061725905 2.491406358425463 2.371267935798695 2.262928822537056 2.1653163541528064 2.0582286827935294 1.9439899148493258 1.8297511469051222 1.721412033643483 1.609139817260134
1.8395839047093965 1.958292108019179 2.536279489495878 3.416221924271106 3.6872484848398273 3.887479189217774 3.903569156533859 3.8669197865361093 3.8839036409253103 3.9430789651655784 3.932888652532058 4.007975166673789 4.014768708429469 4.056423846036666 4.061250836231492 4.067150490914057 4.062681055548477 4.031395007989423 3.984018993114284 3.9421850780924625 3.89516661804657 3.83420351966007 3.7619774441523104 3.652029334159063 3.5388632307025985 3.4181884758319603 3.3189670107161025 3.2174214392101437 3.086556371705986 2.9776809262004775 2.8566486165005935 2.7390130776785493 2.600281803930972 2.4812160457919425 2.360541290921305 2.2488054067818255 2.1501202739098373 2.015858435527839 1.8985804515350413 1.7716484871525928 1.6642032609640696 1.542634619020316
2.565062653250208 2.74527028719036 3.2404837256965324 3.820973990977956 3.84546649678133 3.9005299404852654 3.890875960095614 3.8683500058530953 3.8855126376569187 3.890339627851745 3.87424966053566 3.9205530109230597 3.9275253300933635 3.995818302479413 3.984555325358153 3.9997514056011223 3.9786556706755887 3.947548400531158 3.9191227916060747 3.876752544340384 3.820437658734086 3.7639439957131655 3.695114691083246 3.6046533192839236 3.4914872158274592 3.3922657507116014 3.293223063010367 3.174514859700584 3.0357835859530065 2.9195782664479477 2.799082288991934 2.6944975014373806 2.5788285141761915 2.466556297792843 2.3453452106783357 2.2330729942949867 2.1193705585946527 1.9792090655300898 1.8474501109528156 1.7135458274000634 1.5998433916997294 1.4571790148304422
3.44017809783061 3.5250973697766144 3.668119301475148 3.7081654423507375 3.7095956616677226 3.8220466554656944 3.7814641823462356 3.756971676542862 3.760368447420702 3.7555414572258767 3.785933617711815 3.816683333027 3.878540318486616 3.910362698289539 3.8878367440470205 3.908396146728684 3.8830097538521944 3.8674561187799794 3.846360383854446 3.7989843689793066 3.756971676542862 3.6954722459124927 3.6339728152821227 3.5451204402144088 3.4534076265127247 3.359549483835562 3.2580039123296025 3.1344687188249942 2.997703996638272 2.881498677133213 2.7545667127507647 2.661781234561341 2.556302559933673 2.4508238853060043 2.3224617016065703 2.2028596112236714 2.0895147303525836 1.954716559726716 1.8156277311498918 1.674572351012213 1.535304745020766 1.3903162617613778
3.3810027735903416 3.4371388817820163 3.4475079718301602 3.563176959091349 3.580697145724419 3.6130558577712124 3.622352283331617 3.655962437280772 3.668655633719017 3.6774157270355525 3.7087017745946067 3.6920754750346525 3.760368447420702 3.756077789469746 3.793084714296742 3.7961239303453356 3.7803915178584973 3.77324042127357 3.758044341030601 3.7233615225937067 3.6954722459124927 3.607156203088648 3.5724733846517536 3.50793473797279 3.4224791337829163 3.3209335622769576 3.217063884380898 3.1076521066315195 2.9782172584443467 2.8552183971836076 2.7424098485563895 2.6555240250495302 2.541642811934573 2.429370595551224 2.312628943802296 2.198032621028846 2.0827211885969033 1.9436323600200796 1.7916715575903877 1.6364927616974785 1.4670117726347165 1.334180153569703
3.0187997315638055 3.128211509313184 3.2267178647705483 3.293223063010367 3.3629462547134024 3.4698551486580556 3.51919771509405 3.5231308182157592 3.5299243599714396 3.56603739772532 3.6187767350391535 3.640766357037803 3.689572591229928 3.666689082158163 3.7194284194719973 3.697438797473347 3.6915391427907824 3.6774157270355525 3.6438055730863974 3.6271792735264423 3.5885633519678386 3.5578136366526536 3.54065100484883 3.47289436470665 3.3936959700285865 3.286250743840063 3.1784479628222932 3.073863175267741 2.954261084884842 2.8405586491845085 2.72775010055729 2.6076116779305214 2.5026693355467224 2.391827338480359 2.2829518929748502 2.1706796765915013 2.0539380248425734 1.930402831337965 1.7761179225181718 1.6086034850162645 1.4475250344407913 1.2980671158158237
2.816066143381134 2.9342380144470477 3.02469938624637 3.1071157743876503 3.2117005619422025 3.2887536276447875 3.3473926196411865 3.4020985085158753 3.4576982844636808 3.4934537673883135 3.5143707248992246 3.537790566214859 3.5465506595313947 3.561210407530494 3.611446861039604 3.6184191802099077 3.6207432866000087 3.5992899968452283 3.566573729969189 3.561210407530494 3.507040850899674 3.524561037532745 3.47629113558449 3.430881672270205 3.340956632714753 3.235477958087084 3.1350050510688643 3.0357835859530065 2.9279808049352365 2.804803166259875 2.6784075341212956 2.560771995299252 2.4620868624272636 2.3571445200434646 2.260425938732331 2.156377483421648 2.034451286648648 1.8976865644619254 1.731244791447757 1.5733843343355005 1.4275019640029964 1.25891486201335
2.6013544684187107 2.708620917192611 2.8273291205023936 2.9539035300555962 3.022732834685515 3.1076521066315195 3.203834355698783 3.2867870760839324 3.3361296425199267 3.3781423349563715 3.4215852467098005 3.4641342713901144 3.4879116675349957 3.5231308182157592 3.53385746309315 3.5451204402144088 3.529566805142194 3.5075771831435443 3.4963142060222845 3.4836210095840396 3.446435307342421 3.459664836024535 3.398165405394166 3.3654491385181267 3.262473347695182 3.1827386207732493 3.091919694144681 2.981614029322187 2.874705135377533 2.7263198812403044 2.6222714259296214 2.5153625319849673 2.399157212479909 2.296538976486211 2.198926508101962 2.0982748236691187 1.9893993781636103 1.8562102042693507 1.7307084592038877 1.5871501952614846 1.4249990801982721 1.2599875265010891
