static/ASC_sea/1979/06/ERA5U/00.asc
ncols         201
nrows         201
xllcorner     105.0
yllcorner     0.0
cellsize      0.25
NODATA_value  -32767
[rows 114 to 132 of 201, columns 84 to 125 of 201]
-2.988121399774604 -3.1048630515235325 -3.215705048589896 -3.3102783009255514 -3.367487073604965 -3.449009574673129 -3.5593152394956227 -3.6681906850011314 -3.7835021174330743 -3.810318729626549 -3.8435713287464583 -3.8787904794272223 -3.937787026252867 -4.022169965955002 -4.094932373706631 -4.198086941944198 -4.273173456085928 -4.3250189063266475 -4.367031598763091 -4.404574855833957 -4.434788238905272 -4.469113502512919 -4.494857450218655 -4.528646381582434 -4.563686754848575 -4.6082023310897435 -4.660941668403577 -4.687758280597053 -4.716183889522137 -4.746397272593452 -4.770711000982202 -4.799136609907286 -4.827383441417746 -4.838646418539005 -4.847048957026295 -4.85527271809896 -4.858133156732931 -4.854736385855091 -4.856702937415946 -4.875832120780625 -4.9060455038519395 -4.929465345167575
-3.095030293719258 -3.2132021647851716 -3.3006243205359 -3.371956508970544 -3.4529426777948387 -3.541258720618683 -3.6424467372953955 -3.753288734361759 -3.8557281929408336 -3.8802206987442074 -3.917227623571203 -3.966570190007197 -4.036472159124855 -4.127291085753424 -4.200053493505053 -4.2937328587675925 -4.338248435008762 -4.383121566079176 -4.416374165199086 -4.444620996709546 -4.47197394114689 -4.50022077265735 -4.534546036264999 -4.564759419336314 -4.598369573285469 -4.639845933478044 -4.686328061280067 -4.718507995912237 -4.729770973033498 -4.752296927276015 -4.7717836654699415 -4.796097393858692 -4.821126231905936 -4.838646418539005 -4.854736385855091 -4.861172372781525 -4.868502246781075 -4.874223124049015 -4.881552998048566 -4.89817929760852 -4.915878261656214 -4.940728322288834
-3.2248226967356777 -3.332267922924201 -3.4080695467244237 -3.461166438867504 -3.5344651788630026 -3.6179542314920217 -3.720930022314966 -3.841068444941734 -3.9275967136193466 -3.9637097513732265 -3.993386802200672 -4.0398689300026955 -4.108161902388746 -4.195584058139474 -4.289263423402014 -4.371322256714047 -4.408507958955665 -4.429424916466576 -4.452844757782211 -4.47143760890302 -4.508623311144639 -4.5306129331432885 -4.575486064213704 -4.599978570017077 -4.636985494844073 -4.679892074353633 -4.705814799473993 -4.731201192350483 -4.7292346407896275 -4.730307305277366 -4.748900156398175 -4.775180436347782 -4.8025333807851265 -4.82648955434463 -4.849373063416396 -4.875295788536755 -4.90211240073023 -4.909978606973649 -4.915878261656214 -4.932325783801545 -4.965578382921454 -5.003300417406942
-3.3333405874119397 -3.4157569755532196 -3.492988818670428 -3.5553821363739133 -3.626177992564687 -3.713600148315416 -3.812821613431274 -3.9143671849372326 -3.981229938006297 -4.0266394013205815 -4.0545286780017955 -4.104765131510906 -4.183427193945098 -4.272279569012813 -4.363634827885251 -4.438721342026981 -4.470007389586035 -4.491997011584685 -4.483236918268149 -4.506120427339916 -4.539909358703694 -4.572625625579733 -4.617498756650148 -4.645745588160608 -4.674528751914938 -4.716183889522137 -4.732273856838221 -4.744430721032597 -4.730664860106613 -4.7235137635216855 -4.724407650594802 -4.745860940349582 -4.779113539469491 -4.812723693418647 -4.851339614977251 -4.9031850652179685 -4.946985531800644 -4.972371924677135 -4.970941705360149 -4.988640669407843 -5.018317720235288 -5.055860977306153
-3.428986504235334 -3.508184898913397 -3.583807745298997 -3.651564385441177 -3.7302264478753706 -3.819615155186954 -3.909897749571653 -3.995353353761527 -4.0491653555631 -4.084205728829241 -4.104228799267036 -4.15357136570303 -4.239026969892904 -4.3420027607158485 -4.430497580954315 -4.49342723090167 -4.524176946216855 -4.531506820216405 -4.522210394656 -4.542233465093795 -4.570659074018878 -4.613029321284569 -4.653075462160158 -4.681858625914488 -4.704384580157008 -4.736564514789178 -4.740497617910886 -4.744430721032597 -4.726910534399526 -4.728340753716512 -4.731201192350483 -4.758017804543957 -4.788946297273766 -4.824523002783776 -4.875295788536755 -4.941264654532704 -4.990607220968697 -5.017781387991419 -5.031010916673534 -5.051033987111328 -5.089113576426063 -5.127193165740797
-3.5192690986200335 -3.5945343901763867 -3.6712299010497254 -3.75221606987402 -3.831414464552083 -3.913830852693363 -4.004113447078062 -4.076875854829691 -4.1247882019487 -4.13551484682609 -4.155001585020015 -4.2048804836998785 -4.293196526523723 -4.396708649590536 -4.4748343797808605 -4.537942807142839 -4.56905007728727 -4.570659074018878 -4.568692522458024 -4.579955499579283 -4.614101985772308 -4.670238093963983 -4.7102842348395715 -4.724407650594802 -4.746933604837321 -4.746933604837321 -4.748900156398175 -4.745860940349582 -4.738531066350032 -4.744430721032597 -4.765347678543508 -4.792343068151606 -4.825059335027644 -4.8606360405376545 -4.916772148729329 -4.980238130920554 -5.032083581161272 -5.061760631988718 -5.081783702426513 -5.115572633790292 -5.153652223105025 -5.194592251053731
-3.615987679931167 -3.6799899943662604 -3.7473890796791944 -3.8357051225030387 -3.919194175132058 -4.00232567293183 -4.084205728829241 -4.15696813658087 -4.189684403456909 -4.194153838822489 -4.215070796333399 -4.265486027257133 -4.354695957154092 -4.447481435343516 -4.52560716553384 -4.574949731969834 -4.612671766455323 -4.617498756650148 -4.6214318597718576 -4.637521827087943 -4.678461855036648 -4.736206959959931 -4.765884010787376 -4.780007426542607 -4.772319997713811 -4.764453791470391 -4.765347678543508 -4.758017804543957 -4.766420343031246 -4.786443413469041 -4.809326922540807 -4.842579521660715 -4.874759456292885 -4.917308480973199 -4.974338476237989 -5.022250823356998 -5.074990160670833 -5.109672979107726 -5.1457860168616065 -5.17760839666453 -5.2199786439302205 -5.261455004122795
-3.720930022314966 -3.77706613050664 -3.828911580747359 -3.8997074369381326 -3.986593260444992 -4.080808957951401 -4.166800894385144 -4.220076563942849 -4.252792830818887 -4.271743236768943 -4.2805033300854785 -4.328415677204488 -4.407435294467927 -4.49736033402338 -4.560289983970735 -4.6082023310897435 -4.6521815750870426 -4.659869003915839 -4.680428406597503 -4.7131446734735425 -4.746397272593452 -4.792343068151606 -4.824523002783776 -4.827383441417746 -4.8166567965403555 -4.796633726102561 -4.794667174541706 -4.785370748981302 -4.81522657722337 -4.843115853904585 -4.87618967560987 -4.907475723168925 -4.938761770727979 -4.9836349017983945 -5.033513800478257 -5.074096273597716 -5.123796394862957 -5.157942881055982 -5.2072854474919765 -5.243934817489725 -5.289344280804009 -5.334753744118294
-3.800664749236898 -3.8514375349898775 -3.8982772176211475 -3.970503293128907 -4.061858552001345 -4.15303503345916 -4.227763992771644 -4.2810396623293485 -4.309286493839808 -4.330382228765342 -4.344505644520572 -4.415301500711346 -4.478767482902571 -4.538836694215955 -4.596403021724615 -4.644315368843623 -4.686864393523937 -4.721010879716962 -4.744430721032597 -4.77964987171336 -4.825953222100761 -4.87279290473203 -4.892458420340579 -4.885128546341029 -4.86313892434238 -4.843473408733831 -4.849909395660266 -4.856702937415946 -4.892815975169825 -4.919275032534054 -4.948952083361499 -4.969511486043164 -4.999724869114479 -5.0431677808679085 -5.087683357109077 -5.132198933350246 -5.186726044810312 -5.2176545375401195 -5.2653881072445055 -5.302037477242254 -5.349413492117393 -5.394286623187808
-3.8963106660602924 -3.926524049131608 -3.9744363962506166 -4.041299149319681 -4.134620959752974 -4.2195402316989785 -4.287833204085028 -4.345935863837557 -4.361131944080526 -4.392775546468828 -4.41834071675994 -4.4748343797808605 -4.53293703953339 -4.589073147725065 -4.6360916077709575 -4.677031635719663 -4.722441099033947 -4.771247333226071 -4.806466483906835 -4.843115853904585 -4.87726234009761 -4.916772148729329 -4.935901332094009 -4.9339347805331535 -4.915341929412344 -4.8913857558528395 -4.89478252673068 -4.91283904560762 -4.951991299410094 -4.994897878919653 -5.0270778135518235 -5.0431677808679085 -5.0710570575491225 -5.115572633790292 -5.153115890861157 -5.1883350415419205 -5.227308517929771 -5.282550739048329 -5.334753744118294 -5.386062862115143 -5.438265867185107 -5.480814891865421
-3.952446774251967 -3.9949957989322806 -4.059355668196621 -4.116028108632165 -4.201483712822038 -4.278179223695377 -4.336639438277153 -4.389021220761741 -4.406005075150942 -4.452487202952965 -4.4866336891459895 -4.538836694215955 -4.5944364701637594 -4.644315368843623 -4.688830945084792 -4.735134295472192 -4.784476861908185 -4.825953222100761 -4.8620662598546405 -4.9089059424859105 -4.940191990044965 -4.977735247115829 -4.992394995114929 -4.9836349017983945 -4.962181612043614 -4.9382254384841096 -4.944125093166674 -4.970047818287034 -5.018317720235288 -5.062833296476457 -5.095013231108627 -5.117002853107277 -5.142389245983766 -5.177072064420661 -5.2199786439302205 -5.271824094170939 -5.305970580363964 -5.360676469238653 -5.408052484113792 -5.459182824696018 -5.508525391132013 -5.552504635129312
-4.029142285125306 -4.058819335952752 -4.125324534192569 -4.182890861701229 -4.252792830818887 -4.323946241838907 -4.381155014518321 -4.434430684076025 -4.470901276659151 -4.507193091827654 -4.542233465093795 -4.618928975967133 -4.674171197085692 -4.722441099033947 -4.763917459226522 -4.795739839029446 -4.83435576058805 -4.889419204291984 -4.931968228972298 -4.974338476237989 -5.003300417406942 -5.031010916673534 -5.029044365112679 -5.020820604040013 -5.015993613845187 -5.002227752919204 -4.998830982041364 -5.012060510723478 -5.066230067354297 -5.117539185351147 -5.157942881055982 -5.194055918809862 -5.223017859978814 -5.2521585785623905 -5.28880794856014 -5.331356973240454 -5.372833333433029 -5.432008657673297 -5.491541536742812 -5.543744541812776 -5.591120556687915 -5.632060584636621
-4.079915070878285 -4.119961211753875 -4.181996974628113 -4.231697095893354 -4.2951630780845775 -4.351835518520122 -4.4110108427603905 -4.463750180074225 -4.506120427339916 -4.555462993775909 -4.602302676407179 -4.676495303475793 -4.745860940349582 -4.800030496980401 -4.850445727904135 -4.882089330292436 -4.909978606973649 -4.957354621848788 -4.992394995114929 -5.034050132722127 -5.064263515793442 -5.083213921743498 -5.082320034670382 -5.074096273597716 -5.068196618915152 -5.065693735110427 -5.074453828426963 -5.077850599304803 -5.120399623985117 -5.17027852266498 -5.229275069490625 -5.2625276686105344 -5.289344280804009 -5.320093996119194 -5.360676469238653 -5.407516151869923 -5.462222040744612 -5.504592288010302 -5.555543851177905 -5.588617672883191 -5.637960239319185 -5.6805092639994985
-4.1169219957052805 -4.155537917263885 -4.212210357699428 -4.2635194756962775 -4.318582919400213 -4.375255359835757 -4.423167706954766 -4.4759070442686 -4.52954026865555 -4.586749041334963 -4.649142359038448 -4.735134295472192 -4.807002816150705 -4.860099708293786 -4.909978606973649 -4.943231206093558 -4.975411140725728 -5.007591075357898 -5.036910571356097 -5.073023609109978 -5.1003765535473224 -5.120935956228987 -5.122902507789841 -5.1150363015464215 -5.115930188619537 -5.116466520863407 -5.137562255788941 -5.138992475105926 -5.18100516754237 -5.226772185685901 -5.287914061487024 -5.341189731044728 -5.368363898067449 -5.391426184553838 -5.4275392223077175 -5.478312008060697 -5.539811438691067 -5.575924476444946 -5.6218702720031 -5.6511897680012995 -5.67550349639005 -5.717516188826495
-4.147314156191219 -4.17895775857952 -4.231160763649484 -4.278179223695377 -4.333242667399313 -4.37829457588435 -4.425491813344866 -4.480734034463426 -4.539373026459824 -4.610168882650598 -4.694194267523487 -4.779113539469491 -4.851339614977251 -4.904615284534954 -4.948952083361499 -4.982204682481409 -5.006697188284782 -5.032977468234388 -5.053536870916052 -5.080889815353396 -5.111103198424712 -5.146858681349345 -5.148646455495577 -5.155082442422011 -5.155976329495127 -5.163842535738546 -5.186726044810312 -5.197989021931571 -5.24929813992842 -5.29613782255969 -5.345480388995684 -5.398756058553388 -5.431472325429428 -5.454892166745062 -5.4890386529380875 -5.5373085548863425 -5.60041698224832 -5.641357010197026 -5.685336254194325 -5.707862208436843 -5.731818381996348 -5.751305120190273
-4.16036490745871 -4.189684403456909 -4.241529853697628 -4.285866652524174 -4.345578309008311 -4.389915107834856 -4.42513425851562 -4.478767482902571 -4.541339578020679 -4.6237559661619585 -4.719580660399977 -4.803069713028995 -4.8733292369759 -4.9215991389241545 -4.966651047409194 -4.997758317553624 -5.016351168674434 -5.037446903599967 -5.047100883989618 -5.074990160670833 -5.111639530668581 -5.151685671544171 -5.173138961298951 -5.179396170810762 -5.194592251053731 -5.201922125053281 -5.2360686112463055 -5.263064000854404 -5.314730673680499 -5.3665761239212175 -5.408410038943039 -5.447562292745513 -5.480278559621552 -5.512994826497591 -5.551968302885442 -5.5925507760049005 -5.65065343575743 -5.699102115120308 -5.736109039947304 -5.759528881262939 -5.780982171017719 -5.800647686626267
-4.144274940142625 -4.172164216823839 -4.233127315210339 -4.290872420133622 -4.3509416314470055 -4.402071972029232 -4.43979400651472 -4.4866336891459895 -4.538836694215955 -4.618035088894018 -4.712608341229673 -4.8039636001021115 -4.883519549609421 -4.926604906533604 -4.961287724970498 -4.990607220968697 -5.011524178479608 -5.0403073422339375 -5.038340790673083 -5.0828563669142515 -5.115930188619537 -5.153115890861157 -5.180468835298501 -5.2010282379801644 -5.2176545375401195 -5.23857149505103 -5.27808130368275 -5.321524215436179 -5.362106688555638 -5.417348909674197 -5.461149376256873 -5.501195517132462 -5.537844887130212 -5.569667266933135 -5.613646510930434 -5.653156319562155 -5.696062899071714 -5.742545026873738 -5.780624616188472 -5.814771102381497 -5.834257840575423 -5.851420472379247
-4.08921149643869 -4.13211807594825 -4.210780138382443 -4.273173456085928 -4.347008528325297 -4.398675201151391 -4.4431907773925605 -4.495930114706395 -4.541339578020679 -4.6082023310897435 -4.686328061280067 -4.774286549274665 -4.861172372781525 -4.916772148729329 -4.955388070287934 -4.981668350237539 -4.9954342111635235 -5.0270778135518235 -5.036910571356097 -5.1018067728643075 -5.142925578227636 -5.181362722371617 -5.209251999052831 -5.229275069490625 -5.256091681684101 -5.291310832364864 -5.321524215436179 -5.364967127189609 -5.410019035674647 -5.462758372988482 -5.502804513864071 -5.545711093373631 -5.58629356649309 -5.627233594441795 -5.67210672551221 -5.721449291948204 -5.747372017068563 -5.771685745457314 -5.800647686626267 -5.837118279209393 -5.8601805656957815 -5.880203636133577
-3.9733637317628774 -4.05989200044049 -4.143381053069509 -4.223830889649935 -4.321979690278053 -4.404574855833957 -4.463213847830355 -4.5179197367050445 -4.55099355841033 -4.600872457090194 -4.677031635719663 -4.752654482105262 -4.824523002783776 -4.875832120780625 -4.914269264924606 -4.945197757654413 -4.969511486043164 -5.0086637398456375 -5.0417375615509235 -5.103236992181293 -5.162948648665431 -5.209251999052831 -5.23517472417319 -5.2521585785623905 -5.27808130368275 -5.318663776802209 -5.361212801482522 -5.402152829431228 -5.432366212502543 -5.481172446694668 -5.541777990251921 -5.592014443761031 -5.637960239319185 -5.682475815560354 -5.720555404875088 -5.759528881262939 -5.787418157944153 -5.821564644137178 -5.841587714574972 -5.869476991256186 -5.891466613254836 -5.9041598096930805
