static/ASC_sea/1979/06/ERA5U/00.asc
ncols         201
nrows         201
xllcorner     105.0
yllcorner     0.0
cellsize      0.25
NODATA_value  -32767
[rows 95 to 113 of 201, columns 42 to 83 of 201]
-0.26784425886849594 -0.10086615361045803 0.008903178968166614 0.017305717455455394 0.03589856857626472 0.12707505003407982 0.01444527882148483 -0.11498956936568816 -0.13894574292519257 -0.19114874799515724 -0.2966274226228258 -0.4743321727582538 -0.6091303433841216 -0.6248627558709603 -0.4206989483713036 -0.23262510818773197 -0.10479925673216761 0.039295339454104905 0.4367175321614052 0.6448144427827716 0.5910024409811983 0.4547740510383449 0.2389897115881825 -0.06368045136883915 -0.4187323968104488 -0.7450011784977285 -0.9504164278997473 -1.0256817194561005 -1.0315813741386652 -0.9983287750187562 -0.9997589943357414 -0.9988651072626256 -0.9992226620918719 -0.9684729467766873 -0.9348627928275318 -0.9255663672671272 -0.9030404130246081 -0.8894533295132474 -0.8865928908792767 -0.8992860873175217 -0.9134095030727518 -0.9520254246313559
-0.2362006564801954 -0.16290191648469698 -0.17076812272811615 -0.14573928468087294 0.04555254896591587 0.32730575441202703 0.13154448539965902 -0.2615870493566851 -0.2762467973557847 -0.15896881336298718 -0.12339210785297694 -0.24585463686984632 -0.2985939741836806 -0.33810378281540054 -0.19025486092204136 -0.034897287614509276 0.0686148354523044 0.20144645451731735 0.6188917176624122 0.693620676974896 0.594041657029792 0.4488743963557804 0.2350566084664727 -0.10032982136658841 -0.5374406001202316 -0.9734787143861359 -1.1926598247141387 -1.2180462175906284 -1.135093497205479 -1.038911248138215 -1.0051223167744365 -0.9123368385850128 -0.9012526388783764 -0.897677090585913 -0.8874867779523925 -0.881587123269828 -0.8928501003910876 -0.8519100724423824 -0.8767601330750026 -0.9353991250714013 -1.0051223167744365 -1.0764545052090801
-0.11892267248739774 -0.15217527160730682 -0.23959742735803546 -0.249787739991556 -0.09496649892789355 0.1633668652025828 0.08077169964667963 -0.29323065174498564 -0.31665049306062043 -0.2317312211146162 -0.20348438960415582 -0.21814413760325557 -0.04276349385792866 -0.02417064273711933 0.08416847052451981 0.2917290489020168 0.5069770561083098 0.6632285164889578 0.8307429539908653 0.7302700469726453 0.6843242514144914 0.5901085539080824 0.36538534372676157 -0.0803067509287938 -0.6858258542574602 -1.2335998526628438 -1.3362180886565416 -1.2986748315856766 -1.1746033058371987 -1.0535709961373148 -0.9661488403865861 -0.9266390317548662 -0.8792630168797269 -0.8708604783924381 -0.8821234555136976 -0.9148397223897371 -0.976875485263976 -1.0085190876522767 -1.0609008701368645 -1.1316967263276387 -1.2078559049571078 -1.264885900221898
-0.06618333517356345 -0.2816101197944797 -0.3098569513049402 -0.26695037179538006 -0.1316158689256426 -0.04759048405275412 -0.013980330103598781 -0.23459165974858687 -0.36456284017962926 -0.3597358499848037 -0.4046089810552186 -0.3733229334961644 -0.03257318122440811 0.1921500289569127 0.29709237134071165 0.49231730810921004 0.7038109896084166 0.8507660244286597 0.9054719133033489 0.853268908233384 0.8298490669177494 0.7263369438509355 0.4846298792804138 0.0602122969650154 -0.72193889201134 -1.6912700340981512 -1.713617210926047 -1.3728674586542908 -1.1458201420828689 -1.0510681123325902 -0.9593552986309057 -0.978842036824831 -1.003692097457451 -1.0065525360914218 -1.0524983316495757 -1.1100646591582355 -1.179072741202778 -1.2600589100270725 -1.2995687186587925 -1.344084294899961 -1.404153506213345 -1.4168467026515899
-0.09943593429347253 -0.328986134669619 -0.37046249486219374 -0.3220138154993155 -0.27034714267322024 -0.22100457623722614 -0.11159279848784798 -0.15271160385117644 -0.2503240722354255 -0.2771406844289006 -0.3103932835488097 -0.3524059759852539 -0.14144862672991687 0.23416272139335703 0.4014983814806412 0.5836725669816483 0.7179344053636467 0.8264522960399092 0.8538052404772536 0.8464753664777036 0.8498721373555438 0.8936726039382199 0.6891512416093168 0.21843030890651827 -0.522780852121132 -1.6292342712239123 -1.8791650968670996 -1.5139228387919696 -1.1418870389611593 -1.0637613087708353 -1.0339054805287664 -1.0809239405746593 -1.1483230258875932 -1.220906656224599 -1.2682826710997381 -1.3362180886565416 -1.3957509677260562 -1.4778098010380898 -1.52071638054765 -1.5520024281067042 -1.5407394509854446 -1.5452088863510238
-0.21260203774993736 -0.30735406750021577 -0.36706572398435355 -0.3942398910070749 -0.34704265354655883 -0.3532998630583697 -0.2771406844289006 -0.3239803670601703 -0.29072776794026123 -0.3034209643785061 -0.07154665761225854 -0.04866314854049314 0.05824574540416072 0.4118674715287849 0.5255699072291191 0.5255699072291191 0.6555410876601615 0.7072077604862568 0.7536898882882801 0.7331304856066159 0.9308583061798386 0.9768041017379927 0.7345607049236014 0.18482015495736293 -0.39137945237310423 -1.0392688029674613 -1.2899147382691414 -1.3596379299721766 -1.02282128082213 -1.1173945331577853 -1.133126945644624 -1.1937324892018777 -1.2961719477809523 -1.3734037908981604 -1.4636863852828597 -1.530549138351924 -1.5750647145930927 -1.609747533029987 -1.6555145511735179 -1.6560508834173873 -1.643894019223012 -1.6506875609786924
-0.41140252281089895 -0.39137945237310423 -0.36706572398435355 -0.3942398910070749 -0.46020875700302355 -0.4768350565629781 -0.44465512193080803 -0.46217530856387834 -0.427492490126984 -0.31861704462147533 -0.08567007336748866 0.20430689315128814 0.30495857758413103 0.5402296552282189 0.44154452235623065 0.4411869675269844 0.51037382698615 0.5514926323494782 0.632478801173773 0.5588225063490282 0.7883727067251747 0.8609563370621802 0.6183553854185428 0.17641761647007392 -0.3098569513049402 -0.6784959802579104 -0.41587195817647815 -0.48613148212338275 -0.9582826341431667 -1.1198974169625096 -1.1799666282758938 -1.2972446122686914 -1.3903876452873614 -1.5310854705957937 -1.6219043972243625 -1.6712469636603564 -1.7096841078043374 -1.704857117609512 -1.7307798427298713 -1.7313161749737407 -1.720947084925597 -1.7307798427298713
-0.6282595267488005 -0.5428039225589267 -0.48863436592810705 -0.448945779881764 -0.5188477489994223 -0.5755201894349662 -0.5233171843650015 -0.4269561578831145 -0.4314255932486937 -0.3264832508648946 -0.19311529955601214 0.166763636080423 0.22236341202822785 0.3137186709006663 0.20234034159043324 0.27259986553733784 0.34536227328896674 0.3879112979692805 0.49231730810921004 0.3814753110428466 0.4631765895256339 0.5241396879121338 0.5876056701033581 0.2668789882693965 -0.1341187527303671 -0.7585882620090891 -0.3069965126709695 -0.16379580355781265 -0.6722387707460996 -1.08718115008647 -1.161910109398954 -1.3362180886565416 -1.4298974539190812 -1.5798917047879182 -1.688767150293427 -1.7322100620468563 -1.772256202922446 -1.7259528525350456 -1.7513392454115353 -1.765998993410635 -1.7556299033624914 -1.784055512287575
-0.7117485793778194 -0.6750992093800703 -0.6068062369940205 -0.5554971189971716 -0.5794532925566759 -0.63952250387006 -0.5095513234390177 -0.24442441755286104 -0.26444748799065576 -0.26784425886849594 -0.16629868736253717 -0.11802878541428208 -0.11498956936568816 -0.06332289653959289 -0.07208298985612815 0.01247872726062993 0.17069673920213257 0.2316598375886325 0.3741454370432966 0.23845337934431288 0.22826306671079233 0.07880514808582495 0.11885128896141417 0.39667139128581574 0.06557561940371048 -0.9241361479501418 -0.33774622798615417 -0.16290191648469698 -0.5554971189971716 -0.9983287750187562 -1.1247244071573352 -1.3801973326538408 -1.4729828108432643 -1.5852550272266133 -1.6853703794155868 -1.6882308180495573 -1.7341766136077115 -1.6794707247330223 -1.7141535431699166 -1.7361431651685661 -1.7643899966790264 -1.8064026891154707
-0.5749838571910967 -0.6945859475739954 -0.6624060129418253 -0.6525732551375512 -0.6643725645026802 -0.6570426905031304 -0.4695051825634282 -0.2576539462349754 -0.26784425886849594 -0.3078903997440853 -0.3524059759852539 -0.40800575193305877 -0.4162295130057244 -0.3688534981305852 -0.32111992842619963 -0.19168508023902686 -0.015410549420584063 0.1862503742743482 0.35233459245927023 0.27706930090291704 0.22826306671079233 0.055921639014059554 -0.021846536347018164 0.16283053295871341 0.01444527882148483 -0.38601612993440926 -0.1550357102412776 -0.3034209643785061 -0.6575790227469999 -0.8883806650255084 -1.1004106787685846 -1.3567774913382058 -1.4626137207951206 -1.549678321716603 -1.6047417654205385 -1.6115353071762188 -1.6639170896608066 -1.6433576869791424 -1.6819736085377466 -1.7263104073642919 -1.7624234451181717 -1.8148052276027595
-0.4460853412477933 -0.606269904750151 -0.6911891766961552 -0.7360623077665702 -0.7503645009364235 -0.7176482340603839 -0.5862468343123562 -0.5778442958250674 -0.6443494940648855 -0.6809988640626348 -0.6877924058183151 -0.6917255089400247 -0.6632999000149412 -0.627723194504931 -0.4997185656347435 -0.3547300823753551 -0.13447630755961337 0.17302084559223374 0.3357082928993158 0.46496436367186544 0.339105063777156 0.22093319271124257 0.10812464408402422 -0.10032982136658841 -0.4759411694898622 -0.09997226653734215 -0.20348438960415582 -0.45430910232045907 -0.644885826308755 -0.7585882620090891 -1.1013045658417002 -1.199453366469819 -1.3136921344140227 -1.3875272066533906 -1.4456298664059197 -1.5223253772792584 -1.5847186949827439 -1.6115353071762188 -1.6560508834173873 -1.7254165202911762 -1.8078329084324563 -1.8864949708666496
-0.512054207243742 -0.6014429145553254 -0.7205086726943546 -0.8020311737625188 -0.9246724801940114 -1.0437382383330405 -1.2800819804648673 -1.2888420737814024 -1.2166159982736429 -1.121327636279495 -1.0812814954039056 -1.038911248138215 -0.9709758305814116 -0.8919562133179717 -0.6759930964531861 -0.5095513234390177 -0.24782118843070122 0.12957793383880434 0.24095626314903718 0.4522711672336206 0.20377056090741852 0.1324383724727749 0.11295163427884969 -0.1809584353616367 -0.8713968106363076 -0.17613144516681123 -0.205808495994257 -0.39584888773868343 -0.5447704741197815 -0.7292687660108899 -0.9881384623852356 -1.037838583650476 -1.1794302960320242 -1.2673887840266225 -1.3469447335339317 -1.5042688584023187 -1.5841823627388743 -1.6828674956108625 -1.7708259836054605 -1.865578013355739 -1.9631904817399883 -2.029516902565183
-0.5930403760680366 -0.5075847718781628 -0.615923885139802 -0.849407188637658 -1.082890492135514 -1.49926309079287 -1.7356068329246965 -1.6569447704905031 -1.5607625214232392 -1.4636863852828597 -1.382521439043942 -1.3254914437791516 -1.2087497920302237 -1.1032711174025551 -0.8796205717089732 -0.7092456955730951 -0.46324797305161736 -0.112665462975587 0.059854742135769134 0.2649124367085416 0.025171923698874776 -0.005577791616310002 0.14763445271574405 -0.04812681629662374 -0.5647935445575762 -0.05885346117401369 -0.09299994736703865 -0.3019907450615208 -0.48613148212338275 -0.7410680753760188 -0.8640669366367577 -0.9690092790205567 -1.10523766896341 -1.2214429884684685 -1.3844879906047967 -1.5587959698623846 -1.6673138605386468 -1.8264257595532656 -1.9226080086205293 -2.0393496603694574 -2.1403588996315466 -2.2131213073831755
-0.8635306043928882 -0.8592399464419322 -0.9269965865841125 -1.178000076715039 -1.4919332167933201 -1.7962123764819502 -1.8455549429179443 -1.7697533191177215 -1.7141535431699166 -1.6453242385399973 -1.5587959698623846 -1.5071292970362893 -1.3864545421656516 -1.2781154289040124 -1.0609008701368645 -0.8855202263915378 -0.7399954108882798 -0.4768350565629781 -0.14234251380303276 0.04859176501450957 -0.1360853042912218 -0.1536054909242921 -0.027209858785713248 -0.002717352982339216 -0.14287884604690215 0.10812464408402422 -0.07690998005095362 -0.2816101197944797 -0.5075847718781628 -0.7684210198133634 -0.8132941508837783 -1.0124521907739863 -1.1472503613998541 -1.344084294899961 -1.5276886997179535 -1.6800070569768917 -1.8230289886754254 -1.9744534588612477 -2.0881558945615817 -2.1989978916279456 -2.2878502666956595 -2.364545777568998
-1.6292342712239123 -1.6565872156612569 -1.688767150293427 -1.8509182653566394 -1.9333346534979192 -1.8957913964270543 -1.9109874766700234 -1.8532423717467406 -1.8348282980405544 -1.7483000293629414 -1.6735710700504578 -1.637458032296578 -1.5065929647924197 -1.3957509677260562 -1.2117890080788174 -1.08718115008647 -0.9523829794606022 -0.8713968106363076 -0.5510276836315924 -0.34007033437625533 -0.28840366155016006 -0.21367470223767637 -0.16880157116726147 -0.11749245317041246 0.05002198433149507 0.049485652087625454 -0.12732521097468674 -0.3044936288662451 -0.5329711647546524 -0.7854048742025643 -0.8649608237098736 -1.1156067590115537 -1.2654222324657676 -1.4665468239168304 -1.6424637999060265 -1.7942458249210955 -1.9538940561795837 -2.0711720401723808 -2.192204349872265 -2.2957164729390787 -2.3758087546902575 -2.4592978073192766
-2.284989828061689 -2.2385077002596656 -2.199534223871815 -2.110681848804101 -2.093519217000277 -1.9871466552994925 -1.9944765292990425 -1.940306972668223 -1.8982942802317786 -1.8289286433579899 -1.7449032584851012 -1.6989574629269475 -1.6101050878592336 -1.5500358765458493 -1.4475964179667746 -1.437227327918631 -1.3734037908981604 -1.4665468239168304 -1.3181615697796019 -1.211252675834948 -1.0144187423348412 -0.8288477859559938 -0.11069891141473209 -0.04616026473576884 0.11831495671754477 -0.024706974980988727 -0.21760780535938595 -0.3972791070556688 -0.6184267689445263 -0.8513737401985129 -0.9929654525800611 -1.260595242270942 -1.3977175192869111 -1.6052780976644079 -1.7483000293629414 -1.8875676353543884 -2.0329136734430233 -2.123732600071592 -2.252809893429519 -2.338623052448639 -2.4162124503950935 -2.52669689263221
-2.420145553516803 -2.361149006691158 -2.2805203926961095 -2.1863046951897007 -2.158951750752356 -2.066166272562932 -2.0432827634911668 -1.965157033300843 -1.9279713310592244 -1.887925190183635 -1.8069390213593404 -1.7541996840455059 -1.747763697119072 -1.7366794974124358 -1.8298225304311058 -1.8224926564315558 -1.913847915303994 -2.0345226701746317 -2.2331443778209703 -2.4305146435649467 -2.1457222220702414 -1.3844879906047967 -0.6375559523092051 -0.05688690961315879 0.07058138701315908 -0.1764889999960575 -0.355802746863094 -0.5447704741197815 -0.72193889201134 -0.9466621021926609 -1.151183464521564 -1.393426861335955 -1.5242919288401133 -1.6932365856590061 -1.8357221851136702 -1.9499609530578739 -2.092625329927161 -2.178438488946281 -2.3146668788891347 -2.3879656188846328 -2.4943381805854172 -2.6051801776517807
-2.362579226008143 -2.328969072058988 -2.256564219136605 -2.185768362945831 -2.157521531435371 -2.081898685049771 -2.017360038370808 -1.9445976306191788 -1.8875676353543884 -1.8475214944787992 -1.8439459461863357 -1.8151627824320058 -1.870941335794434 -1.9841074392508986 -2.1199782743645055 -2.2923197020612385 -2.4231847695653967 -2.567100588337046 -2.851356677587882 -3.147233298789223 -3.001350928456719 -2.212763752553929 -1.3274579953400065 -0.5549607867533021 -0.32791347018188 -0.5286805068036965 -0.6809988640626348 -0.7941649675190994 -0.9602491857040215 -1.1365237165224642 -1.3582077106551913 -1.5271523674740841 -1.6639170896608066 -1.817129333992861 -1.9397706404243533 -2.054009408368557 -2.16538773767879 -2.257100551380475 -2.394401605811067 -2.4798572100009406 -2.58479955238474 -2.681518133695873
-2.3436288200580875 -2.2932135891343544 -2.2234903974313194 -2.1603819700693414 -2.099955203926711 -2.0280866832481976 -1.9251108924252538 -1.83232541423583 -1.77869218984888 -1.7844130671168212 -1.8123023437980352 -1.8571754748684501 -1.9220716763766599 -2.1155088389989265 -2.3318295106929585 -2.5368872052657307 -2.7122678490110577 -2.851893009831751 -3.005105254163805 -3.109153709474488 -2.99634516084727 -2.531523882827036 -1.8117660115541658 -1.2425387233940022 -0.9797359238979467 -1.0169216261395655 -1.0296148225778103 -1.1173945331577853 -1.236102736467568 -1.3991477386038964 -1.5739920501053537 -1.6916275889273975 -1.8348282980405544 -1.9617602624230028 -2.0842227914398723 -2.1873773596774395 -2.2878502666956595 -2.375272422446388 -2.487544638829737 -2.586229771701725 -2.6804454692081343 -2.771264395836703
