static/ASC_sea/1979/06/ERA5U/00.asc
ncols         201
nrows         201
xllcorner     105.0
yllcorner     0.0
cellsize      0.25
NODATA_value  -32767
[rows 152 to 170 of 201, columns 84 to 125 of 201]
-2.362042893764274 -2.4392747368814818 -2.53795986975347 -2.657561960136369 -2.7430175643262427 -2.827936836272247 -2.915895324266845 -2.9954512737741545 -3.082873429524883 -3.1404397570335427 -3.2185654872238665 -3.255214857221616 -3.2966912174141907 -3.3288711520463607 -3.3542575449228504 -3.3943036857984397 -3.4227292947235233 -3.449009574673129 -3.464205654916098 -3.4754686320373573 -3.4935251509142975 -3.5280291919365685 -3.556454800861652 -3.5832714130551273 -3.6154513476872974 -3.6497766112949455 -3.684816984561086 -3.7155666998762706 -3.7600822761174393 -3.8201514874308233 -3.876823927866367 -3.9479773388863877 -4.014482537126206 -4.0706186453178805 -4.1247882019487 -4.169661333019115 -4.244926624575468 -4.299632513450158 -4.349868966959267 -4.406541407394811 -4.45731419314779 -4.510053530461625
-2.220987513626595 -2.271223967135705 -2.394401605811067 -2.493980625756171 -2.5817603363361457 -2.6511259732099344 -2.7312182549611137 -2.8191767429557117 -2.900162911780006 -2.972925319531635 -3.0247707697723536 -3.0739345587937246 -3.1282828928391675 -3.1647534854222936 -3.2058722907856216 -3.244845767173472 -3.2834616887320762 -3.31921717165671 -3.337631245362896 -3.351933438532749 -3.361051086678531 -3.375353279848384 -3.4069968822366845 -3.441679700673579 -3.473859635305749 -3.505145682864803 -3.5480522623743633 -3.5880984032499526 -3.6340441988081067 -3.6955436294384763 -3.7634790469952795 -3.830341800064344 -3.8898746791338588 -3.9456532324962867 -4.004113447078062 -4.052025794197071 -4.110664786193469 -4.161437571946449 -4.208277254577719 -4.243496405258483 -4.300526400523273 -4.369355705153192
-2.048646085929862 -2.1165815034866653 -2.225456948992174 -2.3191363142547137 -2.4246149888823822 -2.495410845073156 -2.5769333461413204 -2.6672159405260194 -2.717988726278999 -2.7853878115919333 -2.827400504028377 -2.8885423798295005 -2.9368122817777556 -2.98901528684772 -3.0304916470402947 -3.078403994159304 -3.122383238156603 -3.1731560239095824 -3.1917488750303917 -3.2106992809804473 -3.221068371028591 -3.2332252352229665 -3.2464547639050805 -3.280064917854236 -3.3215412780468108 -3.3606935318492845 -3.416293307797089 -3.469568977354793 -3.519805430863903 -3.574511319738592 -3.637440969685947 -3.6898227521705347 -3.750249518313165 -3.8255148098695186 -3.885047688939033 -3.9368931391797513 -3.989990031322832 -4.03790237844184 -4.080451403122154 -4.111201118437339 -4.158934688141725 -4.227406437942397
-1.896327728670924 -1.965157033300843 -2.0472158666128766 -2.138392348070692 -2.242440803381375 -2.318599982010844 -2.4001224830790084 -2.5013104997557205 -2.5467199630700055 -2.5906992070673045 -2.6218064772117353 -2.6843785723298437 -2.7322909194488525 -2.7850302567626866 -2.8450994680760706 -2.8933693700243257 -2.955405132898565 -3.0061779186515443 -3.0408607370884386 -3.0578445914776395 -3.0676773492819134 -3.0837673165979984 -3.0975331775239825 -3.1297131121561526 -3.170653140104858 -3.228755799857387 -3.2913278949754954 -3.3553302094105892 -3.4055666629196994 -3.456339448672679 -3.4978158088652536 -3.550018813935218 -3.6061549221268927 -3.6808838814393763 -3.758652056800454 -3.8156820520652444 -3.8709242731838027 -3.9132945204494933 -3.953876993568952 -3.984626708884137 -4.032002723759277 -4.086708612633966
-1.7756529738002862 -1.8114084567249193 -1.854851368478349 -1.958721046374409 -2.041316211930312 -2.117475390559781 -2.2150878589440306 -2.3200302013278296 -2.373842203129403 -2.406022137761573 -2.429978311321077 -2.4728848908306373 -2.525266673315225 -2.5921294263842896 -2.6525561925269203 -2.714234400571913 -2.780024489153238 -2.823109846077421 -2.8738826318304005 -2.8885423798295005 -2.904096014901716 -2.923225198266395 -2.957729239288666 -2.9900879513354592 -3.028167540650194 -3.0857338681588535 -3.1584962759104824 -3.2248226967356777 -3.2707684922938314 -3.3172506200958547 -3.3553302094105892 -3.4007396727248738 -3.456875780916548 -3.526241417790337 -3.6081214736877474 -3.6715874558789716 -3.7293325608022547 -3.7756359111896547 -3.8190788229430845 -3.8542979736238485 -3.8972045531334083 -3.9519104420080975
-1.632094709857883 -1.6295918260531588 -1.6839401600986015 -1.765998993410635 -1.8475214944787992 -1.9499609530578739 -2.0652723854898163 -2.142861783436271 -2.201858330261916 -2.22635083606529 -2.2531674482587647 -2.2805203926961095 -2.333259730009944 -2.402089034639863 -2.4700244521966663 -2.5329541021440214 -2.58426322014087 -2.6223428094556045 -2.678478917647279 -2.702971423450653 -2.731754587204983 -2.7600014187154436 -2.798081008030178 -2.839557368222753 -2.8812125058299505 -2.923225198266395 -2.9920545028963144 -3.0574870366483933 -3.106650825669764 -3.1531329534717876 -3.1971121974690866 -3.2459184316612113 -3.3029484269260014 -3.367487073604965 -3.4431099199905644 -3.504251795791687 -3.5662875586659264 -3.628680876369412 -3.676056891244551 -3.733623218753211 -3.7750995789457855 -3.8205090422600696
-1.4138074866029962 -1.4241765766511398 -1.503732526158449 -1.5866852465435985 -1.6853703794155868 -1.7770831931172713 -1.87523199374539 -1.9612239301791332 -2.045606869881268 -2.042210099003428 -2.0749263658794677 -2.1019217554875658 -2.151621876752806 -2.2141939718709147 -2.2819506120130946 -2.336656500887784 -2.3758087546902575 -2.4206818857606724 -2.482717648634911 -2.526160560388341 -2.5696034721417704 -2.6048226228225344 -2.6488018668198334 -2.6872390109638147 -2.7258549325224184 -2.7732309473975576 -2.810774204468423 -2.867982977147836 -2.926621969144235 -2.988478954603851 -3.031027979284165 -3.0843036488418685 -3.1452667472283684 -3.2106992809804473 -3.276668146976396 -3.337631245362896 -3.4069968822366845 -3.463132990428359 -3.517838879303048 -3.5857742968598516 -3.6531733821727856 -3.7034098356818954
-1.1526136838385492 -1.2044591340792676 -1.2253760915901781 -1.376264229532131 -1.5158893903528243 -1.6131443039078273 -1.7009240144878022 -1.7888825024824004 -1.860214690917044 -1.9002608317926333 -1.9236806731082683 -1.9363738695465131 -1.9764200104221026 -2.0271927961750817 -2.080826020562032 -2.1369621287537064 -2.187734914506686 -2.2351109293818254 -2.289280486012645 -2.3563220164963323 -2.389932170445488 -2.4260452081993673 -2.4725273360013906 -2.5129310317062266 -2.554049837069555 -2.6091132807734905 -2.6488018668198334 -2.6999322074020595 -2.735151358082823 -2.800047559591033 -2.8577926645143155 -2.9133924404621205 -2.9773947548972144 -3.04711794660025 -3.1139806996693142 -3.1756589077143067 -3.247884983222066 -3.301518207609016 -3.3664144091172257 -3.425589733357494 -3.4915585993534424 -3.5417950528625526
-0.9534556439483413 -0.9411200023393427 -1.0564314347712853 -1.1980231471528335 -1.3181615697796019 -1.4334730022115445 -1.5418121154731836 -1.6145745232248125 -1.6819736085377466 -1.7556299033624914 -1.7697533191177215 -1.7922792733602406 -1.8264257595532656 -1.8645053488680001 -1.9045514897435893 -1.954430388423453 -2.009136277298142 -2.062233169441223 -2.102279310316812 -2.16199096680095 -2.220987513626595 -2.2683635285017343 -2.3112701080112945 -2.3586461228864337 -2.4070948022493117 -2.4474984979541476 -2.481287429317926 -2.524194008827486 -2.5780060106290597 -2.63110290277214 -2.6688249372576283 -2.721027942327593 -2.786460476079672 -2.8611894353921556 -2.9402090526555957 -2.999384376895864 -3.072146784647493 -3.1243497897174577 -3.1853128881039576 -3.2428792156126174 -3.31868083941284 -3.388940363359745
-1.0465986769670113 -0.8429712017112241 -0.9988651072626256 -1.1184671976455243 -1.2341361849067134 -1.3381846402173965 -1.4055837255303305 -1.4792400203550753 -1.567734840593543 -1.5984845559087275 -1.6281616067361733 -1.6662411960509078 -1.6907337018542816 -1.7204107526817274 -1.7547360162893755 -1.77869218984888 -1.8182019984805997 -1.854851368478349 -1.912417695987009 -1.9719505750565234 -2.0311258992967915 -2.083865236610626 -2.1349955771928517 -2.18344425655573 -2.2288537198700142 -2.2683635285017343 -2.3078733371334543 -2.325929856010394 -2.375272422446388 -2.4358779660036416 -2.4798572100009406 -2.5408203083874406 -2.608755725944244 -2.6852724594029596 -2.7664374056418772 -2.824003733150537 -2.89926902470689 -2.9509356975329855 -3.0222678859676293 -3.092527409914534 -3.157423611422743 -3.2205320387847216
-1.0920081402812956 -0.9303933574619527 -1.0573253218444012 -1.1136402074506988 -1.2180462175906284 -1.2761488773431575 -1.330318433973977 -1.382521439043942 -1.4250704637242557 -1.4475964179667746 -1.486569894354625 -1.5099897356702598 -1.5514660958628346 -1.5852550272266133 -1.6072446492252628 -1.6233346165413478 -1.636564145223462 -1.6569447704905031 -1.716656426974641 -1.80014547960366 -1.865578013355739 -1.9172446861818342 -1.965157033300843 -2.0007337388108533 -2.0418525441741817 -2.082792572122887 -2.1189056098767667 -2.1555549798745157 -2.2077579849444806 -2.270330080062589 -2.3219967528886842 -2.3727695386416636 -2.4260452081993673 -2.5041709383896915 -2.5887326555064494 -2.6511259732099344 -2.714591955401159 -2.7741248344706735 -2.8459933551491865 -2.93198529158293 -3.002781147773704 -3.0759011103545797
-0.7399954108882798 -0.7467889526439602 -1.0984441272077297 -1.1628039964720698 -1.1917659376410228 -1.2459354942718424 -1.252192703783653 -1.2952780607078365 -1.2986748315856766 -1.3347878693395563 -1.3401511917782514 -1.353738275289612 -1.3894937582142455 -1.4298974539190812 -1.4529597404054697 -1.4636863852828597 -1.4710162592824096 -1.4933634361103054 -1.5514660958628346 -1.6219043972243625 -1.6839401600986015 -1.7302435104860017 -1.7609932258011862 -1.797106263555066 -1.8639690166241305 -1.9183173506695734 -1.958721046374409 -2.0032366226155776 -2.046143202125138 -2.0994188716828415 -2.1555549798745157 -2.2000705561156844 -2.2531674482587647 -2.317706094937728 -2.3952954928841828 -2.4719910037575215 -2.526160560388341 -2.599459300383839 -2.6852724594029596 -2.771264395836703 -2.8499264582708963 -2.923225198266395
-0.36116606930178907 -0.5544244545094326 -0.9421926668270817 -1.0896840338911944 -1.1238305200842194 -1.1946263762749934 -1.1999896987136884 -1.179072741202778 -1.1726367542763438 -1.2160796660297735 -1.195162708518863 -1.2117890080788174 -1.2098224565179627 -1.2512988167105374 -1.3108316957800519 -1.322631005145181 -1.3260277760230212 -1.3464084012900621 -1.3855606550925357 -1.4334730022115445 -1.497296539232015 -1.5350185737175033 -1.565768289032688 -1.6072446492252628 -1.6741074022943272 -1.7497302486799269 -1.80014547960366 -1.8512758201858857 -1.8875676353543884 -1.9363738695465131 -1.990007093933463 -2.034880225003878 -2.078323136757308 -2.1423254511924013 -2.21222742031006 -2.293749921378224 -2.3436288200580875 -2.4260452081993673 -2.514361251023212 -2.6096496130173596 -2.6883116754515535 -2.7664374056418772
-0.29037021311101496 -0.5662237638745615 -0.7898743095681434 -0.9421926668270817 -1.049637893015605 -1.1204337492063792 -1.1204337492063792 -1.0852145985256152 -1.0428443512599246 -1.0739516214043556 -1.0617947572099804 -1.0651915280878206 -1.0516044445764599 -1.0925444725251652 -1.1520773515946796 -1.1858662829584583 -1.193196156958008 -1.1887267215924289 -1.205889353396253 -1.2462930491010886 -1.316195018218747 -1.353738275289612 -1.393426861335955 -1.4349032215285298 -1.489609110403219 -1.5612988536671089 -1.6306644905408976 -1.6873369309764414 -1.729707178242132 -1.7742227544833007 -1.8274984240410044 -1.8898917417444898 -1.9338709857417888 -1.9871466552994925 -2.0559759599294116 -2.117475390559781 -2.1668179569957755 -2.2497706773809245 -2.338623052448639 -2.4367718530767575 -2.5159702477548205 -2.5940959779451447
-0.36116606930178907 -0.6770657609409251 -0.7546551588873796 -0.7961315190799543 -0.9069735161463177 -0.9983287750187562 -1.003692097457451 -0.9876021301413661 -0.9230634834624027 -0.9187728255114468 -0.9075098483901873 -0.8942803197080729 -0.899643642146768 -0.9396897830223574 -0.9842053592635259 -1.0085190876522767 -1.043201906089171 -1.03354792569952 -1.0403414674552003 -1.0725214020873703 -1.1418870389611593 -1.2024925825184127 -1.2425387233940022 -1.2747186580261722 -1.331391098461716 -1.3864545421656516 -1.4549262919663246 -1.5198224934745341 -1.5770312661539476 -1.6199378456635076 -1.6901973696104122 -1.7581327871672157 -1.8103357922371806 -1.8636114617948842 -1.9118813637431393 -1.9510336175456129 -1.9948340841282888 -2.0759990303672065 -2.167711844068891 -2.2655030898677637 -2.342019823326479 -2.4099552408832823
-0.198478621994707 -0.43535869637040336 -0.6926193960131406 -0.7332018691325994 -0.7687785746426097 -0.8615640528320334 -0.865497155953743 -0.8420773146381082 -0.7721753455204499 -0.7357047529373238 -0.6995917151834441 -0.7214025597674705 -0.7298050982547593 -0.7571580426921038 -0.8084671606889529 -0.8595975012711785 -0.8840900070745524 -0.882659787757567 -0.9030404130246081 -0.9337901283397928 -0.9977924427748865 -1.071985069843501 -1.1100646591582355 -1.1311603940837691 -1.1667370995937794 -1.2175098853467587 -1.289378406025272 -1.3694706877764506 -1.4416967632842101 -1.4938997683541748 -1.5607625214232392 -1.6233346165413478 -1.6732135152212113 -1.7195168656086115 -1.7600993387280706 -1.7976425957989357 -1.837688736674525 -1.9036576026704735 -1.9964430808598972 -2.0920889976832915 -2.167711844068891 -2.2351109293818254
0.012836282089876194 -0.23709454355331117 -0.7921984159582446 -0.7298050982547593 -0.6506067035766964 -0.6550761389422756 -0.6336228491874955 -0.6150299980666861 -0.588213385873211 -0.5462006934367668 -0.5070484396342932 -0.5374406001202316 -0.549597464314607 -0.5710507540693871 -0.6198569882615116 -0.6770657609409251 -0.7224752242552095 -0.7673483553256244 -0.7648454715209001 -0.804534057567243 -0.8513737401985129 -0.8874867779523925 -0.9280692510718516 -0.9715121628252811 -1.021748616334391 -1.0857509307694848 -1.1497532452045784 -1.2132192273958027 -1.273288438709187 -1.3263853308522675 -1.3850243228486663 -1.4549262919663246 -1.5266160352302145 -1.583824807909628 -1.6188651811757686 -1.649257341661707 -1.6916275889273975 -1.7634961096059107 -1.8351858528698006 -1.9006183866218798 -1.9733807943735087 -2.0534730761246873
0.04608888120978527 -0.1730922291182173 -0.7986344028846786 -0.65024914874745 -0.5428039225589267 -0.4914948045620777 -0.39048556529998846 -0.3727866012522949 -0.35812685325319515 -0.31968970910921435 -0.34114299886399435 -0.3338131248644445 -0.3488304276927905 -0.3724290464230485 -0.41336907437175385 -0.47826527587996337 -0.5574636705580264 -0.6105605627011069 -0.6125271142619618 -0.6702722191852447 -0.7078154762561097 -0.7560853782043648 -0.804534057567243 -0.8415409823942387 -0.8812295684405818 -0.9416563345832122 -1.0081615328230302 -1.0846782662817458 -1.138490268083319 -1.1799666282758938 -1.2366390687114377 -1.3099378087069362 -1.3796610004099712 -1.4377636601625006 -1.4880001136716103 -1.5119562872311147 -1.5427060025462995 -1.616898629614914 -1.6800070569768917 -1.747763697119072 -1.8128386760419049 -1.8825618677449398
0.10168865715759012 -0.005577791616310002 -0.5159873103654516 -0.34507610198570404 -0.2771406844289006 -0.25086040447929503 -0.1335824204864975 -0.12482232716996222 -0.14824216848559724 -0.12482232716996222 -0.1550357102412776 -0.1580749262898713 -0.16379580355781265 -0.17559511292294183 -0.2252952341881822 -0.3239803670601703 -0.40943597125004416 -0.44465512193080803 -0.4793379403677024 -0.516344865194698 -0.5354740485593769 -0.5921464889949207 -0.6584729098201157 -0.7087093633292256 -0.7585882620090891 -0.8102549348351844 -0.8719331428801771 -0.9480923215096462 -1.009055419896146 -1.0524983316495757 -1.1072042205242647 -1.1844360636414728 -1.2580923584662176 -1.3206644535843262 -1.3709009070934361 -1.3768005617760006 -1.4011142901647513 -1.4729828108432643 -1.5412757832293142 -1.6077809814691322 -1.6662411960509078 -1.7322100620468563
